# r 	r/rg 	Sigma0 	Mdot 	Teff 	F 	z0r 	rho_c 	T_c 	P_c 	tau 	PradPgas_c 	varkappa_c 	Pi1 	Pi2 	Pi3 	Pi4
# All values are in CGS units.
# M = 1.005829e+00 Msun, alpha = 0.5, structure = BellLin, mu = 0.62
1.000000000000000000e+09 3.366477303750272768e+03 1.063613862516986501e+03 1.398102092011871488e+18 1.397238580973638745e+05 4.955583040057713573e+35 8.234218885238339669e-02 1.112934711159713007e-05 7.580004505011807196e+05 1.131310054902901888e+09 2.042720960729403032e+03 7.359121584362512403e-01 3.677238824974933706e+00 5.129096024782078267e+00 5.803124636258543134e-01 1.189813269385237016e+00 4.233324141866152135e-01 
1.035321843295661569e+09 3.485387487531741499e+03 1.048975691937717329e+03 1.398102092011871488e+18 1.361512100385763042e+05 5.045013386226058613e+35 8.230271389927344694e-02 1.062456377825453297e-05 7.387951799373063259e+05 1.052634637970347524e+09 2.046117186758569687e+03 7.137536249166612778e-01 3.736974083977672390e+00 5.143677359720101983e+00 5.793416978490723013e-01 1.188827008828108323e+00 4.238835816077409224e-01 
1.071891319205126405e+09 3.608497798190996946e+03 1.034340149905119915e+03 1.398102092011871488e+18 1.326696011411550571e+05 5.136009448714552695e+35 8.226871974449267988e-02 1.013966550547617588e-05 7.200281961303461576e+05 9.790742477340785265e+08 2.048961246757701247e+03 6.923284160399105769e-01 3.797332338367569449e+00 5.157957951962973020e+00 5.783946486966617950e-01 1.187860921807728953e+00 4.244249894590825800e-01 
1.109752496412069798e+09 3.735956591951439350e+03 1.019715806901056226e+03 1.398102092011871488e+18 1.292767250316722348e+05 5.228598639556132689e+35 8.224010385255957345e-02 9.674069536093084554e-06 7.016915379740499193e+05 9.103280806135840416e+08 2.051258684111405273e+03 6.716094334626566686e-01 3.858316181811114021e+00 5.171938365477629418e+00 5.774709881253421440e-01 1.186914752994957745e+00 4.249566715713182230e-01 
1.148951000187310934e+09 3.867917465251757676e+03 1.005110982145932780e+03 1.398102092011871488e+18 1.259703331734084932e+05 5.322808850704377948e+35 8.221676315505616062e-02 9.227196543820870845e-06 6.837773231781993527e+05 8.461102586884801388e+08 2.053015572678443277e+03 6.515707569549761269e-01 3.919928032684503183e+00 5.185618791045395248e+00 5.765704346452757978e-01 1.185988313337592581e+00 4.254786038059533704e-01 
1.189534067370320797e+09 4.004539439839933038e+03 9.905337310086791831e+02 1.398102092011871488e+18 1.227482334423746215e+05 5.418668462435738078e+35 8.219859738079841882e-02 8.798473361070434972e-06 6.662777132543198531e+05 7.861494330473930836e+08 2.054238507295458930e+03 6.321873637365580390e-01 3.982171286440218338e+00 5.199000453856369219e+00 5.756926156808448436e-01 1.185081243142767971e+00 4.259909164298431028e-01 
1.231550603292826176e+09 4.145987154405255751e+03 9.759918494254087591e+02 1.398102092011871488e+18 1.196082887371872639e+05 5.516206351899000399e+35 8.218550925397127838e-02 8.387331866639096857e-06 6.491849539639800787e+05 7.301881298022478819e+08 2.054934558211994954e+03 6.134353293629931647e-01 4.045049137752497970e+00 5.212084588678623120e+00 5.748371876707628614e-01 1.184193262615544473e+00 4.264936737143560364e-01 
1.275051240713012934e+09 4.292431062978984301e+03 9.614928670107512971e+02 1.398102092011871488e+18 1.165484156220582518e+05 5.615451901814318449e+35 8.217740088061087356e-02 7.993210463523595452e-06 6.324913641763161868e+05 6.779822812963260412e+08 2.055111243706969162e+03 5.952916996326960142e-01 4.108564969366794273e+00 5.224872322226912225e+00 5.740038210280163922e-01 1.183324088410622643e+00 4.269869456173077671e-01 
1.320088400831416845e+09 4.444047640342957493e+03 9.470440450404131525e+02 1.398102092011871488e+18 1.135665830021569273e+05 5.716435009324591407e+35 8.217417712863722690e-02 7.615554813978430488e-06 6.161893375352262519e+05 6.293007118291118145e+08 2.054776503255363423e+03 5.777344480413278971e-01 4.172722354502847786e+00 5.237365093660605986e+00 5.731921772356630695e-01 1.182473434720222816e+00 4.274708077558758146e-01 
1.366716356462004423e+09 4.601019594693605541e+03 9.326523746995856072e+02 1.398102092011871488e+18 1.106608108306267823e+05 5.819186095001809449e+35 8.217574583070869076e-02 7.253818514982707233e-06 6.002713441295346711e+05 5.839246278774147034e+08 2.053938675694034828e+03 5.607424351674060725e-01 4.237525059247678527e+00 5.249564675492491617e+00 5.724019078545382611e-01 1.181641013864963785e+00 4.279453411183253841e-01 
1.414991297434578896e+09 4.763536087817661610e+03 9.183245750631352848e+02 1.398102092011871488e+18 1.078291688465478655e+05 5.923736112011082608e+35 8.218201416413165039e-02 6.907463710503993291e-06 5.847299321355080465e+05 5.416471137979288101e+08 2.052606463966579668e+03 5.442953701890795859e-01 4.302977042833546761e+00 5.261472704134553702e+00 5.716326797370452351e-01 1.180826535872407490e+00 4.284106310908093462e-01 
1.464971398307287931e+09 4.931792963044786120e+03 9.040670935940363506e+02 1.398102092011871488e+18 1.050697753431531455e+05 6.030116555435050793e+35 8.219289204616257727e-02 6.575961650514579954e-06 5.695577293693993706e+05 5.022726349489691257e+08 2.050788909420597975e+03 5.283737736330658130e-01 4.369082461179219834e+00 5.273091106801330419e+00 5.708841519566146827e-01 1.180029709869468313e+00 4.288667677856963789e-01 
1.516716888470924139e+09 5.105992981252100435e+03 8.898861058241717501e+02 1.398102092011871488e+18 1.023807959656125895e+05 6.138359471761671456e+35 8.220829224847674144e-02 6.258793184495204213e-06 5.547474447681604652e+05 4.656165483207737803e+08 2.048495364543421147e+03 5.129589424184221036e-01 4.435845665894055934e+00 5.284422110523346205e+00 5.701559754546455805e-01 1.179250244062032715e+00 4.293138453339304661e-01 
1.570290124729377508e+09 5.286346065204634215e+03 8.757875159614400218e+02 1.398102092011871488e+18 9.976044253772433149e+04 6.248497468537984420e+35 8.222812689466885150e-02 5.955449208652624030e-06 5.402918698873008834e+05 4.315046231769754887e+08 2.045735465956687449e+03 4.980329160106078956e-01 4.503271206848860508e+00 5.295467786354184803e+00 5.694478171461851979e-01 1.178487845857330907e+00 4.297519614562583801e-01 
1.625755666443793535e+09 5.473069552526430016e+03 8.617769586024187447e+02 1.398102092011871488e+18 9.720697191685246071e+04 6.360563724192958829e+35 8.225231083814517341e-02 5.665431052936352982e-06 5.261838802315909415e+05 3.997725712263630033e+08 2.042519107297402797e+03 4.835784443572516689e-01 4.571363832427457474e+00 5.306230476625422021e+00 5.687593371010596366e-01 1.177742222659071025e+00 4.301812173837870623e-01 
1.683180353330955029e+09 5.666388457607024975e+03 8.478598006381682808e+02 1.398102092011871488e+18 9.471868487647271832e+04 6.474591998032303588e+35 8.228076161182326653e-02 5.388250819231476467e-06 5.124164365591967944e+05 3.702655879940059185e+08 2.038856411696795476e+03 4.695789572024250402e-01 4.640128490360173608e+00 5.316712783996460523e+00 5.680901891478752352e-01 1.177013082236024077e+00 4.306017175754481840e-01 
1.742633386009647131e+09 5.866535742758965171e+03 8.340411431347479265e+02 1.398102092011871488e+18 9.229392501569545129e+04 6.590616640408254041e+35 8.231339613856855641e-02 5.123431670105368195e-06 4.989825861352680367e+05 3.428379058362901211e+08 2.034757706523117122e+03 4.560185348671642602e-01 4.709570327850967075e+00 5.326917140653233851e+00 5.674400434231547941e-01 1.176300132447469116e+00 4.310135690339069736e-01 
1.804186409392075539e+09 6.073752598953120469e+03 8.203258247263649992e+02 1.398102092011871488e+18 8.993107769514984102e+04 6.708672603067441286e+35 8.235013408375606303e-02 4.870508069734660201e-06 4.858754638460615533e+05 3.173523590858327746e+08 2.030233497595557083e+03 4.428818802505648522e-01 4.779694692251658772e+00 5.336846235821272266e+00 5.668085637277343602e-01 1.175603082155083134e+00 4.314168814176032596e-01 
1.867913599020784616e+09 6.288288736469959076e+03 8.067184248554464148e+02 1.398102092011871488e+18 8.762856899862657883e+04 6.828795449679831051e+35 8.239089754487552431e-02 4.629025980366029057e-06 4.730882932651694864e+05 2.936799619595539570e+08 2.025294446300115851e+03 4.301542921595715718e-01 4.850507131216632573e+00 5.346502971455845632e+00 5.661954098327410811e-01 1.174921641451657006e+00 4.318117667361464629e-01 
1.933891750455232143e+09 6.510402685817425663e+03 7.932232670346242003e+02 1.398102092011871488e+18 8.538486471988289850e+04 6.951021366552168377e+35 8.243560808660756190e-02 4.398543016468658757e-06 4.606143876574276364e+05 2.716994995872050524e+08 2.019951345092844576e+03 4.178216398846758550e-01 4.922013392412691424e+00 5.355890072334194230e+00 5.656002576575669405e-01 1.174255521390354717e+00 4.321983387390155862e-01 
2.002200371815584421e+09 6.740362109277522904e+03 7.798444234126113770e+02 1.398102092011871488e+18 8.319846937403590709e+04 7.075387173528830152e+35 8.248419004896417883e-02 4.178628558154700979e-06 4.484471508441559272e+05 2.512971323635412753e+08 2.014215095604642329e+03 4.058703388342554397e-01 4.994219423814405090e+00 5.365010510642846953e+00 5.650227769780667986e-01 1.173604434834921939e+00 4.325767130646158143e-01 
2.072921779595369816e+09 6.978444123457437854e+03 7.665857190718785432e+02 1.398102092011871488e+18 8.106792523297184380e+04 7.201930335083601446e+35 8.253656988601017208e-02 3.968863827180128746e-06 4.365800780166789191e+05 2.323660139592685401e+08 2.008096686472596957e+03 3.942873273297295422e-01 5.067131373454634158e+00 5.373867416357838600e+00 5.644626360295851297e-01 1.172968096573107744e+00 4.329470069303711366e-01 
2.146141197858401537e+09 7.224935633233732915e+03 7.534507363816943553e+02 1.398102092011871488e+18 7.899181138421721698e+04 7.330688971605631131e+35 8.259267363711872423e-02 3.768841927644769917e-06 4.250067564769616583e+05 2.148059230925080478e+08 2.001607172153519741e+03 3.830600444731478982e-01 5.140755588835783207e+00 5.382463743489889652e+00 5.639195185869249061e-01 1.172346223074761662e+00 4.333093386059804764e-01 
2.221946860939519405e+09 7.480133677492056449e+03 7.404428204409294949e+02 1.398102092011871488e+18 7.696874281272631197e+04 7.461701870882978693e+35 8.265243017220207100e-02 3.578167853151114554e-06 4.137208662449102849e+05 1.985229090620737374e+08 1.994757652154813513e+03 3.721764089346384363e-01 5.215098616947001275e+00 5.390802688901503714e+00 5.633931021594495991e-01 1.171738533282611572e+00 4.336638275953713650e-01 
2.300430119772921562e+09 7.744345787079062575e+03 7.275650841380584097e+02 1.398102092011871488e+18 7.499736950505238201e+04 7.595008499787217265e+35 8.271577008258969299e-02 3.396458463562501237e-06 4.027161806143815047e+05 1.834289511387307644e+08 1.987559251908936176e+03 3.616247987557382193e-01 5.290167203689564168e+00 5.398887544511459247e+00 5.628830655248561188e-01 1.171144748597912066e+00 4.340105943060197924e-01 
2.381685551976160526e+09 8.017890355397685198e+03 7.148204133266457347e+02 1.398102092011871488e+18 7.307637557538133115e+04 7.730649016162549087e+35 8.278262370952327309e-02 3.223342433316090456e-06 3.919865666283228202e+05 1.694416317159318328e+08 1.980023104531519493e+03 3.513940320713823118e-01 5.365968293103096087e+00 5.406721436168635542e+00 5.623891019329612107e-01 1.170564592694393058e+00 4.343497596197778976e-01 
2.465811075822603703e+09 8.301097022092839325e+03 7.022114728743642900e+02 1.398102092011871488e+18 7.120447841291381337e+04 7.868664280923200919e+35 8.285292430426172139e-02 3.058460173119987588e-06 3.815259854297365528e+05 1.564838230687501132e+08 1.972160333484135663e+03 3.414733486333630941e-01 5.442509027193496607e+00 5.414307733336344519e+00 5.619108979455607056e-01 1.169997792251418867e+00 4.346814451024647585e-01 
2.552908068239516735e+09 8.594307070289285548e+03 6.897407122180545684e+02 1.398102092011871488e+18 6.938042785010035732e+04 8.009095870362483320e+35 8.292660636627649517e-02 2.901463727910822055e-06 3.713284925651851227e+05 1.444833876352830827e+08 1.963982035097982362e+03 3.318523922245963931e-01 5.519796745097931279e+00 5.421649829233563089e+00 5.614481445759672562e-01 1.169444076797690801e+00 4.350057726350689546e-01 
2.643081486974102974e+09 8.897873837860839558e+03 6.774103711219585193e+02 1.398102092011871488e+18 6.760300535123626469e+04 8.151986088677422985e+35 8.300360436328098335e-02 2.752016652777962414e-06 3.613882382013426977e+05 1.333728915744653344e+08 1.955499263227985921e+03 3.225211938553914082e-01 5.597838982234297767e+00 5.428750970465745063e+00 5.610005457637893267e-01 1.168903178610761762e+00 4.353228640972179875e-01 
2.736439997074666500e+09 9.212163143226327520e+03 6.652224860926880865e+02 1.398102092011871488e+18 6.587102322093960538e+04 8.297377980712641295e+35 8.308385577857634041e-02 2.609793868671748135e-06 3.516994672296529752e+05 1.230893313420789838e+08 1.946723014260417585e+03 3.134701556607665807e-01 5.676643470016140114e+00 5.435614653490319803e+00 5.605677980505944236e-01 1.168374833393322820e+00 4.356328415980499913e-01 
2.833096101839318275e+09 9.537553726185436972e+03 6.531788961944554330e+02 1.398102092011871488e+18 6.418332383204261714e+04 8.445315344927380899e+35 8.316729878233128370e-02 2.474481500448703000e-06 3.422565193299441016e+05 1.135738730689074546e+08 1.937664212701985662e+03 3.046900355807258265e-01 5.756218134806054820e+00 5.442244317641184992e+00 5.601496060499565610e-01 1.167858779958607318e+00 4.359358270499748556e-01 
2.933166278390048504e+09 9.874437704325753657e+03 6.412812491830735553e+02 1.398102092011871488e+18 6.253877887243874284e+04 8.595842746589543848e+35 8.325387179350822453e-02 2.345776698660324458e-06 3.330538289422862581e+05 1.047716043945366889e+08 1.928333698548490020e+03 2.961719327007359959e-01 5.836571097092378757e+00 5.448643285617680299e+00 5.597456852489841594e-01 1.167354760248334733e+00 4.362319419825863576e-01 
3.036771118035460472e+09 1.022322104555071928e+04 6.295310080796368766e+02 1.398102092011871488e+18 6.093628861043763754e+04 8.749005531200651959e+35 8.334351637994448503e-02 2.223387446835484241e-06 3.240859251416656189e+05 9.663129843124234676e+07 1.918742214820208346e+03 2.879072732086639386e-01 5.917710671153757929e+00 5.454815141746650831e+00 5.593557427527435788e-01 1.166862519951407329e+00 4.365213077872669434e-01 
3.144035471591500282e+09 1.058432405729857237e+04 6.179294570453099595e+02 1.398102092011871488e+18 5.937478117818709143e+04 8.904849838156012031e+35 8.343617413819053030e-02 2.107032356457689129e-06 3.153474314799058484e+05 8.910518955592089891e+07 1.908900395618706170e+03 2.798877970417088523e-01 5.999645363834288148e+00 5.460763321608701482e+00 5.589794978633784162e-01 1.166381808011980770e+00 4.368040452123025386e-01 
3.255088599835056305e+09 1.095818189304097177e+04 6.064777077180106062e+02 1.398102092011871488e+18 5.785321187273624673e+04 9.063422614643880028e+35 8.353178726576229729e-02 1.996440450720498977e-06 3.068330657317382866e+05 8.214876062290923297e+07 1.898818755654493089e+03 2.721055450847143509e-01 6.082383873847530431e+00 5.466491185664118291e+00 5.586166781621191291e-01 1.165912376802363148e+00 4.370802743281719249e-01 
3.370064329271924973e+09 1.134524507667232137e+04 5.951767057710375184e+02 1.398102092011871488e+18 5.637056247431831434e+04 9.224771629788039634e+35 8.363030127137052738e-02 1.891350938712636896e-06 2.985376395602134871e+05 7.572054123738439381e+07 1.888507680400487516e+03 2.645528469142265360e-01 6.165935091440321258e+00 5.472002373288344046e+00 5.582670016041303418e-01 1.165453982681522449e+00 4.373501147771295949e-01 
3.489101213406766415e+09 1.174598004542141643e+04 5.840272368965031546e+02 1.398102092011871488e+18 5.492584058144344453e+04 9.388945489037967113e+35 8.373166092926900839e-02 1.791512967082697781e-06 2.904560593595693936e+05 6.978191644980731606e+07 1.877977416623381487e+03 2.572223144664307348e-01 6.250307987121679787e+00 5.477300225855618265e+00 5.579302078452978986e-01 1.165006395473763501e+00 4.376136703985804011e-01 
3.612342699709437847e+09 1.216086971193981117e+04 5.730299325339101415e+02 1.398102092011871488e+18 5.351807896240036644e+04 9.555993648810977213e+35 8.383581204620892124e-02 1.696685426681921939e-06 2.825833220630412688e+05 6.429694695003157854e+07 1.867238065386873132e+03 2.501068142521669646e-01 6.335511945520126531e+00 5.482388158811335011e+00 5.576060316169194619e-01 1.164569367458117455e+00 4.378710745932445914e-01 
3.739937302478801727e+09 1.259041404624390634e+04 5.621852769651541166e+02 1.398102092011871488e+18 5.214633492277580808e+04 9.725966431390579591e+35 8.394270393348626791e-02 1.606636656569904081e-06 2.749145184778820258e+05 5.923219720143240690e+07 1.856299572857707290e+03 2.431994738585010196e-01 6.421556428147293438e+00 5.487269840368930396e+00 5.572942016946076382e-01 1.164142665973363133e+00 4.381224446751085244e-01 
3.872038781812557220e+09 1.303513067821282857e+04 5.514936126066425004e+02 1.398102092011871488e+18 5.080968968860569294e+04 9.898915040085897980e+35 8.405228428704122901e-02 1.521144211693036537e-06 2.674448314444933785e+05 5.455657450159812719e+07 1.845171724010195931e+03 2.364936659173974554e-01 6.508451083189296327e+00 5.491948569058298979e+00 5.569944691384377533e-01 1.163726061713891147e+00 4.383678964139345324e-01 
4.008806328898464680e+09 1.349555552136713413e+04 5.409551463746369109e+02 1.398102092011871488e+18 4.950724780478676257e+04 1.007489157465630190e+36 8.416450250597866389e-02 1.439994609688216184e-06 2.601695351861661475e+05 5.024117676435801387e+07 1.833864136365932836e+03 2.299829982514786375e-01 6.596205746456640817e+00 5.496427708663773615e+00 5.567065853928895303e-01 1.163319329262077151e+00 4.386075445453763155e-01 
4.150404757850472450e+09 1.397224341868076226e+04 5.305699557467503382e+02 1.398102092011871488e+18 4.823813654837992362e+04 1.025394904700616212e+36 8.427931114318659711e-02 1.362983075503310819e-06 2.530839946319376759e+05 4.625914903070385754e+07 1.822386254382678544e+03 2.236613045224271623e-01 6.684830440978103638e+00 5.500710877557408729e+00 5.564302927928951314e-01 1.162922247378756380e+00 4.388415029007037838e-01 
4.297004704320835114e+09 1.446576881120424332e+04 5.203379940901318150e+02 1.398102092011871488e+18 4.700150535644810589e+04 1.043614139715437415e+36 8.439666099024741019e-02 1.289913285072802422e-06 2.461836647237644065e+05 4.258554833162624389e+07 1.810747344608986623e+03 2.175226353362172682e-01 6.774335375637881462e+00 5.504801306002398142e+00 5.561653563624390229e-01 1.162534598091799376e+00 4.390698837214980221e-01 
4.448782831127575874e+09 1.497672643030486688e+04 5.102590967761710203e+02 1.398102092011871488e+18 4.579652526807871618e+04 1.062152350948349294e+36 8.451650481351694055e-02 1.220597108347105951e-06 2.394640896312235564e+05 3.919721648702119291e+07 1.798956491267933643e+03 2.115612496661168351e-01 6.864730945180162358e+00 5.508702325094081864e+00 5.559115393757202428e-01 1.162156167401378504e+00 4.392927980903263419e-01 
4.605922041145112991e+09 1.550573201435815463e+04 5.003329868614164866e+02 1.398102092011871488e+18 4.462238838024861616e+04 1.081015122927333413e+36 8.463879806082186263e-02 1.154854352930836646e-06 2.329209019399349345e+05 3.607266049630191177e+07 1.787022592481738002e+03 2.057716066720067516e-01 6.956027729813077265e+00 5.512417458864428355e+00 5.556685987226716028e-01 1.161786745415807287e+00 4.395103559822440831e-01 
4.768611697714474678e+09 1.605342305075383592e+04 4.905592801825563924e+02 1.398102092011871488e+18 4.347830731719813048e+04 1.100208137952395755e+36 8.476349458386610303e-02 1.092512509077914619e-06 2.265498218234831293e+05 3.319194015460108593e+07 1.774954357259100334e+03 2.001483579087929010e-01 7.048236494034918920e+00 5.515949866486768549e+00 5.554363123843448768e-01 1.161426125539017251e+00 4.397226656691773927e-01 
4.937047852839003563e+09 1.662045954411152343e+04 4.809374911051502863e+02 1.398102092011871488e+18 4.236351471298566321e+04 1.119737177807341190e+36 8.489055032728538841e-02 1.033406496275322748e-06 2.203466561374058365e+05 3.053656251398807392e+07 1.762760302743393368e+03 1.946863398119053346e-01 7.141368186793868311e+00 5.519302824485016856e+00 5.552144554429657708e-01 1.161074105157595238e+00 4.399298341649682254e-01 
5.111433483440165520e+09 1.720752481163051561e+04 4.714670377877618535e+02 1.398102092011871488e+18 4.127726270690662204e+04 1.139608125501490253e+36 8.501992342083895815e-02 9.773784124040552475e-07 2.143072974964931200e+05 2.808938286550484598e+07 1.750448751758250182e+03 1.893805665323458620e-01 7.235433941133718072e+00 5.522479738807076544e+00 5.550027994151801591e-01 1.160730485647779586e+00 4.401319672106145386e-01 
5.291978735958436966e+09 1.781532630653313754e+04 4.621472469933847833e+02 1.398102092011871488e+18 4.021882245146288187e+04 1.159826967041906410e+36 8.515157061505419789e-02 9.242772859750689256e-07 2.084277233357065124e+05 2.583451190214095265e+07 1.738027831150470320e+03 1.842262231025603436e-01 7.330445073250465349e+00 5.525483681701444993e+00 5.548011349689186966e-01 1.160395071680478063e+00 4.403291687777964314e-01 
5.478901179593934059e+09 1.844459647059357667e+04 4.529773594280108000e+02 1.398102092011871488e+18 3.918748363257904566e+04 1.180399793236644822e+36 8.528545089658651213e-02 8.739588316088669429e-07 2.027039949072126474e+05 2.375722872135255113e+07 1.725505470522923588e+03 1.792186588451574192e-01 7.426413082822507228e+00 5.528317863357474771e+00 5.546092485567466479e-01 1.160067671888237451e+00 4.405215415227350939e-01 
5.672426068491989136e+09 1.909609361677967172e+04 4.439565345485278840e+02 1.398102092011871488e+18 3.818255400176793046e+04 1.201332801529573986e+36 8.542152486505501241e-02 8.262852095158124203e-07 1.971322562698925030e+05 2.184389937005730718e+07 1.712889402037140826e+03 1.743533810910256887e-01 7.523349652687118194e+00 5.530985551226604180e+00 5.544269263162511230e-01 1.159748098725223997e+00 4.407091866875566533e-01 
5.872786613189489365e+09 1.977060284307085021e+04 4.350838550642260429e+02 1.398102092011871488e+18 3.720335891995517159e+04 1.222632297867311520e+36 8.555975201701135346e-02 7.811247892608395118e-07 1.917087332619014196e+05 2.008190062375219166e+07 1.700187159592216403e+03 1.696260491762406064e-01 7.621266648175450520e+00 5.533489718820934655e+00 5.542539712216580927e-01 1.159436167919796867e+00 4.408922037209814238e-01 
6.080224261649427414e+09 2.046893697855455684e+04 4.263583318386575343e+02 1.398102092011871488e+18 3.624924091267761833e+04 1.244304698598867806e+36 8.570009425303515282e-02 7.383519179351639292e-07 1.864297324229904043e+05 1.845954869917003810e+07 1.687406078395229542e+03 1.650324686535007135e-01 7.720176117621913470e+00 5.535833501978233429e+00 5.540901805615607856e-01 1.159131699117527559e+00 4.410706907345658956e-01 
6.294988990221887589e+09 2.119193756293983461e+04 4.177789082192302885e+02 1.398102092011871488e+18 3.531955923638044624e+04 1.266356532408523572e+36 8.584251443253207436e-02 6.978466932940795558e-07 1.812916399179083237e+05 1.696603263399355859e+07 1.674553294906371320e+03 1.605685857785465742e-01 7.820090292050076997e+00 5.538020012214103005e+00 5.539353550300614160e-01 1.158834515573852197e+00 4.412447443013278736e-01 
6.517339604882420540e+09 2.194047586066944132e+04 4.093444642179643438e+02 1.398102092011871488e+18 3.441368945554052334e+04 1.288794442282560659e+36 8.598697465408224050e-02 6.594947419653591922e-07 1.762909204415002023e+05 1.559135205904818699e+07 1.661635747913851674e+03 1.562304822287033101e-01 7.921021584836889673e+00 5.540052116044833497e+00 5.537893094399708449e-01 1.158544443787110856e+00 4.414144592145063384e-01 
6.747544053110686302e+09 2.271545391085225128e+04 4.010538209646038013e+02 1.398102092011871488e+18 3.353102303035227669e+04 1.311625187510423098e+36 8.613343961198564880e-02 6.231870028212888509e-07 1.714241160867464205e+05 1.432625910254966281e+07 1.648660178743542474e+03 1.520143700128294972e-01 8.022982592403048230e+00 5.541932870149582691e+00 5.536518513103056982e-01 1.158261314111665108e+00 4.415799289387576376e-01 
6.985879746785234451e+09 2.351780561428119472e+04 3.929057445501352959e+02 1.398102092011871488e+18 3.267096691471778468e+04 1.334855645720912857e+36 8.628187421853596162e-02 5.888195159066269449e-07 1.666878452217825979e+05 1.316220419147079438e+07 1.635633132871840871e+03 1.479165866267133367e-01 8.125986093878031724e+00 5.543665215337110652e+00 5.535227957823797285e-01 1.157984960261201346e+00 4.417412452861617655e-01 
7.232633896483548164e+09 2.434849785884676749e+04 3.848989498881239228e+02 1.398102092011871488e+18 3.183294316428866296e+04 1.358492814954039582e+36 8.643224303918634055e-02 5.562932168813369675e-07 1.620788013464946998e+05 1.209128550930909440e+07 1.622560962712389482e+03 1.439335903986370124e-01 8.230045051147936164e+00 5.545251905956087413e+00 5.534019689733878922e-01 1.157715219157654296e+00 4.418984983365908392e-01 
7.488103857590030670e+09 2.520853168470170567e+04 3.770321047186344003e+02 1.398102092011871488e+18 3.101638855431428237e+04 1.382543815769127501e+36 8.658451344911621828e-02 5.255137370554771132e-07 1.575937519246764132e+05 1.110620188776494376e+07 1.609449827567544844e+03 1.400619560077030756e-01 8.335172609722619086e+00 5.546695917405926046e+00 5.532891879785528655e-01 1.157451931506536358e+00 4.420517768754136934e-01 
7.752597488629464149e+09 2.609894349058245643e+04 3.693038329694543904e+02 1.398102092011871488e+18 3.022075420705416764e+04 1.407015893389856689e+36 8.673865221108170709e-02 4.963912092706518072e-07 1.532295372322970361e+05 1.020020892819062807e+07 1.596305694914505921e+03 1.362983702222378968e-01 8.441382098341357221e+00 5.548000007439084946e+00 5.531842822414619887e-01 1.157194941087587248e+00 4.422011679262816686e-01 
8.026433522257173538e+09 2.702080628273913680e+04 3.617127184006940865e+02 1.398102092011871488e+18 2.944550522852199720e+04 1.431916419886838733e+36 8.689462623194524338e-02 4.688400768738320300e-07 1.489830697318842285e+05 9.367078127184962854e+06 1.583134343246328626e+03 1.326396299928584432e-01 8.548686908304578225e+00 5.549166784583739798e+00 5.530870918003799597e-01 1.156944101667977787e+00 4.423467441778044518e-01 
8.309941949353386879e+09 2.797523096798047845e+04 3.542573078907104787e+02 1.398102092011871488e+18 2.869012035433033452e+04 1.457252896398406678e+36 8.705240546050051209e-02 4.427789190346820762e-07 1.448513312381380820e+05 8.601058908177291974e+06 1.569941365007917966e+03 1.290826318899479519e-01 8.657100848363672441e+00 5.550199172868403252e+00 5.529974395738179727e-01 1.156699257367336253e+00 4.424886017160636897e-01 
8.603464416684492111e+09 2.896336769239142450e+04 3.469361146026873257e+02 1.398102092011871488e+18 2.795409160441298809e+04 1.483032955390294242e+36 8.721195831339735582e-02 4.181302658884456663e-07 1.408313733792990097e+05 7.896843199243487790e+06 1.556732168922453184e+03 1.256243748896464507e-01 8.766637803999120848e+00 5.551099737959091840e+00 5.529151690211638881e-01 1.156460261366801134e+00 4.426268232406331271e-01 
8.907354638610458374e+09 2.998640722733682196e+04 3.397476211586853196e+02 1.398102092011871488e+18 2.723692394640634302e+04 1.509264362954871649e+36 8.737325393137580776e-02 3.948204300714046218e-07 1.369203158925080497e+05 7.249532568218578584e+06 1.543511982777012008e+03 1.222619546729662027e-01 8.877311842692705568e+00 5.551871006326225100e+00 5.528401269876866975e-01 1.156226970192912873e+00 4.427614895571428399e-01 
9.221978823334341049e+09 3.104558240442070746e+04 3.326902827709694179e+02 1.398102092011871488e+18 2.653813496747679164e+04 1.535955021150623398e+36 8.753626469963750323e-02 3.727793414387579037e-07 1.331153454156133521e+05 6.654607662669229321e+06 1.530285854730313986e+03 1.189925600751141066e-01 8.989137218406717977e+00 5.552515787982134299e+00 5.527721478817151368e-01 1.155999243984509040e+00 4.428926802994442857e-01 
9.547716114208065033e+09 3.214216960113219830e+04 3.257625296930007153e+02 1.398102092011871488e+18 2.585725455438496283e+04 1.563112970382617940e+36 8.770096053841457129e-02 3.519403874931516754e-07 1.294137143222307350e+05 6.107899824167219922e+06 1.517058657500395839e+03 1.158134697774576283e-01 9.102128370849053240e+00 5.553036451428291720e+00 5.527110889381969816e-01 1.155776945316759452e+00 4.430204731204934188e-01 
9.884959046625585556e+09 3.327749027896596817e+04 3.189627702135592813e+02 1.398102092011871488e+18 2.519382458158501322e+04 1.590746391824618604e+36 8.786731289347533835e-02 3.322402592997613625e-07 1.258127395255767333e+05 5.605564726654810831e+06 1.503835090371346951e+03 1.127220490844534351e-01 9.216299927136008208e+00 5.553435434014765804e+00 5.526568052911854378e-01 1.155559939941765535e+00 4.431449442787077642e-01 
1.023411402105452728e+10 3.445291257587250584e+04 3.122893933243052516e+02 1.398102092011871488e+18 2.454739860715949180e+04 1.618863609883617296e+36 8.803529590839274943e-02 3.136188029819528753e-07 1.223098012955149024e+05 5.144057909721649252e+06 1.490619682481290965e+03 1.097157468440583122e-01 9.331666702872260188e+00 5.553715390850634037e+00 5.526091426838282139e-01 1.155348096978958017e+00 4.432661688269809441e-01 
1.059560179277614784e+10 3.566985295495660830e+04 3.057407708778745246e+02 1.398102092011871488e+18 2.391754157639657933e+04 1.647473094707515295e+36 8.820488140801860388e-02 2.960188767317065251e-07 1.189023420986096753e+05 4.720112080175929703e+06 1.477416796526028975e+03 1.067920925183594022e-01 9.448243701709554188e+00 5.553878561609898235e+00 5.525679682296656958e-01 1.155141287865046218e+00 4.433842198968442894e-01 
1.096985797892381859e+10 3.692977791141087800e+04 2.993152602141722127e+02 1.398102092011871488e+18 2.330382953282056405e+04 1.676583464736703750e+36 8.837604286440516044e-02 2.793862130677460553e-07 1.155878654148544156e+05 4.330716057622602209e+06 1.464230632256159424e+03 1.039486933293927856e-01 9.566046117222750667e+00 5.553927274955960058e+00 5.525331458095360526e-01 1.154939387097026815e+00 4.434991692917261141e-01 
1.135733358343102837e+10 3.823420573974131548e+04 2.930112064488506576e+02 1.398102092011871488e+18 2.270584933649131199e+04 1.706203489300320716e+36 8.854875603042747234e-02 2.636692863807883022e-07 1.123639345716115058e+05 3.973095256274355110e+06 1.451065229847987439e+03 1.011832315333604654e-01 9.685089334039336251e+00 5.553864028716311019e+00 5.525045321328280190e-01 1.154742272315921747e+00 4.436110876014729421e-01 
1.175849554052158165e+10 3.958470836341470567e+04 2.868269443522837605e+02 1.398102092011871488e+18 2.212319838939227702e+04 1.736342091257962741e+36 8.872299452289990340e-02 2.488191856566840329e-07 1.092281715989419608e+05 3.644693597557411529e+06 1.437924473484840746e+03 9.849346182278921613e-02 9.805388927676998989e+00 5.553690935929034289e+00 5.524820036282104274e-01 1.154549823367288397e+00 4.437200435677315924e-01 
1.217382727739661980e+10 4.098291322913170006e+04 2.807608006338152222e+02 1.398102092011871488e+18 2.155548436773225330e+04 1.767008349687629302e+36 8.889873374034371056e-02 2.347894921308420101e-07 1.061782560682538460e+05 3.343156751399468631e+06 1.424812093140792967e+03 9.587720879520922335e-02 9.926960666626133190e+00 5.553410220179030965e+00 5.524654323090958385e-01 1.154361923042758198e+00 4.438261046801478815e-01 
1.260382929679727364e+10 4.243050526801078377e+04 2.748110958784939157e+02 1.398102092011871488e+18 2.100232496098785123e+04 1.798211502620765772e+36 8.907595090340422739e-02 2.215361618741961103e-07 1.032119239515136287e+05 3.066316617028053850e+06 1.411731667217400854e+03 9.333236453718629644e-02 1.004982051349999672e+01 5.553024220957310852e+00 5.524546854759652126e-01 1.154178457044560568e+00 4.439293372055770348e-01 
1.304901978014401627e+10 4.392922892604320805e+04 2.689761461739114452e+02 1.398102092011871488e+18 2.046334761752122358e+04 1.829960949825149552e+36 8.925462131543729360e-02 2.090174131713248949e-07 1.003269664998279914e+05 2.812176956111297943e+06 1.398686626705025446e+03 9.085688631640030655e-02 1.017398462517828861e+01 5.552534927966362943e+00 5.524496483100891364e-01 1.153999313175185337e+00 4.440298056475892596e-01 
1.350993521198025131e+10 4.548089026626815030e+04 2.632542650792508994e+02 1.398102092011871488e+18 1.993818929660843060e+04 1.862266255636520783e+36 8.943472220556371310e-02 1.971936184679757535e-07 9.752122911136508628e+04 2.578900094931588508e+06 1.385680258699708247e+03 8.844879433326190143e-02 1.029946935508804096e+01 5.551944463916514749e+00 5.524502003666389438e-01 1.153824382072645927e+00 4.441275733412057836e-01 
1.398713102647235870e+10 4.708735914520045480e+04 2.576437652390393396e+02 1.398102092011871488e+18 1.942649622671964607e+04 1.895137151839781953e+36 8.961623212950477202e-02 1.860272008596202668e-07 9.479261022258183220e+04 2.364794622309044935e+06 1.372715710562200002e+03 8.610616957656659631e-02 1.042629125434387838e+01 5.551255010194995343e+00 5.524562191518628262e-01 1.153653557044390210e+00 4.442227023868933755e-01 
1.448118227674535942e+10 4.875057146613395889e+04 2.521429597844326054e+02 1.398102092011871488e+18 1.892792366989559741e+04 1.928583540600644784e+36 8.979912797823350057e-02 1.754825349622972312e-07 9.213906021650756884e+04 2.168304011675864458e+06 1.359795995841004469e+03 8.382715176945491897e-02 1.055446707222618841e+01 5.550468437296236068e+00 5.524675980462202540e-01 1.153486733403645825e+00 4.443152532166608770e-01 
1.499268432786047173e+10 5.047253151203469315e+04 2.467501640142067174e+02 1.398102092011871488e+18 1.844213569206890315e+04 1.962615497448585331e+36 8.998338871831747243e-02 1.655258519684470849e-07 8.955858032579017163e+04 1.987996099761325400e+06 1.346923993544163750e+03 8.160993736932342646e-02 1.068401375865052394e+01 5.549586771535452989e+00 5.524842235893622222e-01 1.153323809192997595e+00 4.444052851826573169e-01 
1.552225357427047920e+10 5.225531436083812150e+04 2.414636967148856854e+02 1.398102092011871488e+18 1.796880493918140928e+04 1.997243274312060919e+36 9.016899411811650500e-02 1.561251488390939036e-07 8.704922156120196451e+04 1.822553362022218527e+06 1.334102454604420473e+03 7.945277766189166868e-02 1.081494846526782361e+01 5.548612037720514145e+00 5.525059830924360371e-01 1.153164684878155599e+00 4.444928563874647187e-01 
1.607052818261638451e+10 5.410106838605718076e+04 2.362818813618256684e+02 1.398102092011871488e+18 1.750761241895424246e+04 2.032477302606829511e+36 9.035592256297089730e-02 1.472501014631296047e-07 8.460908365473046433e+04 1.670763926353167277e+06 1.321334004518920210e+03 7.735397692983385365e-02 1.094728854630533732e+01 5.547545991833859880e+00 5.525327775981409006e-01 1.153009262846437011e+00 4.445780233680335369e-01 
1.663816886076127434e+10 5.601201784571736789e+04 2.312030475389621245e+02 1.398102092011871488e+18 1.705824728816891002e+04 2.068328196378353732e+36 9.054415466512159838e-02 1.388719816118146357e-07 8.223631400224972458e+04 1.531513270629550330e+06 1.308621142421845661e+03 7.531189067087583344e-02 1.108105156121461832e+01 5.546390568252125952e+00 5.525645001162762249e-01 1.152857448112946770e+00 4.446608416734482150e-01 
1.722585965398783875e+10 5.799046556273759052e+04 2.262255319947136627e+02 1.398102092011871488e+18 1.662040664532218580e+04 2.104806755499224611e+36 9.073367129493013772e-02 1.309635776263257625e-07 7.992910663327020302e+04 1.403776555443218909e+06 1.295966247397416964e+03 7.332492390138141414e-02 1.121625527570183323e+01 5.545147638060191397e+00 5.526010473396163469e-01 1.152709147867457595e+00 4.447413655849855041e-01 
1.783430876931905746e+10 6.003879569998707302e+04 2.213476796663079824e+02 1.398102092011871488e+18 1.619379532852074226e+04 2.141923968922556573e+36 9.092445224364059664e-02 1.234991186655486912e-07 7.768570119274831086e+04 1.286611544543555239e+06 1.283371582663125082e+03 7.139152952060440205e-02 1.135291766295908822e+01 5.543818847756689649e+00 5.526423274592037194e-01 1.152564271147108688e+00 4.448196479270821180e-01 
1.846424942895546341e+10 6.215947663336250844e+04 2.165678448643786282e+02 1.398102092011871488e+18 1.577812571848455445e+04 2.179691017992351288e+36 9.111647967732024178e-02 1.164542023665493223e-07 7.550438192670649732e+04 1.179152069314026739e+06 1.270839299016736504e+03 6.951020672078682405e-02 1.149105690648045375e+01 5.542406043933003623e+00 5.526882394925539677e-01 1.152422729519696931e+00 4.448957406297601169e-01 
1.911644075385703659e+10 6.435506392634646909e+04 2.118843920936001837e+02 1.398102092011871488e+18 1.537311754653177741e+04 2.218119279811793454e+36 9.130973547117743339e-02 1.098057258472544256e-07 7.338347669604158727e+04 1.080601997956704115e+06 1.258371439396612686e+03 6.767949947508085373e-02 1.163069140099527488e+01 5.540910948212988352e+00 5.527386890601642122e-01 1.152284436480505603e+00 4.449696943345822220e-01 
1.979166867853557205e+10 6.662820340963515628e+04 2.072956969355318506e+02 1.398102092011871488e+18 1.497849770741979592e+04 2.257220330670566117e+36 9.150420073874322713e-02 1.035318198880002339e-07 7.132135600025334861e+04 9.902296710799582070e+05 1.245969942722292217e+03 6.589799507005483781e-02 1.177183975481966627e+01 5.539335102873716998e+00 5.527935910081078763e-01 1.152149307386160615e+00 4.450415583880044657e-01 
2.049074689815846252e+10 6.898163436954177450e+04 2.028001469661373903e+02 1.398102092011871488e+18 1.459400007692202416e+04 2.297005949532119685e+36 9.169985910440761612e-02 9.761178612116310542e-08 6.931643200705001072e+04 9.073627683562635211e+05 1.233636639704968957e+03 6.416432270078856193e-02 1.191452079001593845e+01 5.537680270069913036e+00 5.528528499767021431e-01 1.152017259792061710e+00 4.451113811872424164e-01 
2.121451784910627747e+10 7.141819284902134677e+04 1.983961424553786514e+02 1.398102092011871488e+18 1.421936533402117493e+04 2.337488121582021506e+36 9.189669336739109129e-02 9.202603726926871157e-08 6.736715761393768480e+04 8.313835757699321257e+05 1.221373260628344269e+03 6.247715209726385777e-02 1.205875354741978001e+01 5.535948027855217113e+00 5.529163800116502214e-01 1.151888213178044795e+00 4.451792099677782666e-01 
2.196385372416542435e+10 7.394081506529380567e+04 1.940820970410559028e+02 1.398102092011871488e+18 1.385434078760369266e+04 2.378679041838423451e+36 9.209468587976134268e-02 8.675604011183115171e-08 6.547202551398095238e+04 7.617246209823642857e+05 1.209181438791994196e+03 6.083519222868994519e-02 1.220455728591771027e+01 5.534139819117046777e+00 5.529841021804193790e-01 1.151762088667352302e+00 4.452450906848280376e-01 
2.273965752357932281e+10 7.655254094818393060e+04 1.898564385315191032e+02 1.398102092011871488e+18 1.349868020754260760e+04 2.420591118825745166e+36 9.229382163134056127e-02 8.178426119300478853e-08 6.362956727363565733e+04 6.978646502947192639e+05 1.197062713436338527e+03 5.923719002806659278e-02 1.235195148626773864e+01 5.532257324801596710e+00 5.530559263798393577e-01 1.151638809730104462e+00 4.453090685832660767e-01 
2.354286414322420120e+10 7.925651780344039435e+04 1.857176093395326575e+02 1.398102092011871488e+18 1.315214366005897136e+04 2.463236978312647915e+36 9.249408427886124384e-02 7.709411514686445756e-08 6.183835243929333956e+04 6.393249213358548004e+05 1.185018533151574502e+03 5.768192918557817767e-02 1.250095585178233293e+01 5.530301986575032913e+00 5.531317745529112928e-01 1.151518301290533230e+00 4.453711875786662278e-01 
2.437444150122221756e+10 8.205600410545332124e+04 1.816640670923238474e+02 1.398102092011871488e+18 1.281449734725405870e+04 2.506629467115506165e+36 9.269545733403464216e-02 7.266991549278551542e-08 6.009698764921108523e+04 5.856657868218783988e+05 1.173050260116209074e+03 5.616822897111446028e-02 1.265159031085024566e+01 5.528275152863306730e+00 5.532115735689057123e-01 1.151400489940761718e+00 4.454314904672398434e-01 
2.523539170434766006e+10 8.495437342393431754e+04 1.776942852559564017e+02 1.398102092011871488e+18 1.248551345070850584e+04 2.550781656968414665e+36 9.289792704794179456e-02 6.849682781255191908e-08 5.840411575832845119e+04 5.364835474025734002e+05 1.161159170785339484e+03 5.469494309481431893e-02 1.280387502019861934e+01 5.526178424849333304e+00 5.532952383438470845e-01 1.151285304530729414e+00 4.454900194218260334e-01 
2.612675225563326645e+10 8.795511848929563712e+04 1.738067534157021896e+02 1.398102092011871488e+18 1.216496997904572345e+04 2.595706848460975944e+36 9.310147789086309356e-02 6.456082523486884787e-08 5.675841499192220363e+04 4.914075533253195463e+05 1.149346459892749635e+03 5.326095862674166265e-02 1.295783036544239053e+01 5.524013117157033470e+00 5.533826981020345537e-01 1.151172675148977698e+00 4.455468152720053476e-01 
2.704959730463131714e+10 9.106185540162588586e+04 1.699999777773996072e+02 1.398102092011871488e+18 1.185265061936029815e+04 2.641418575045029046e+36 9.330609445509265021e-02 6.084864608315958125e-08 5.515859810308480519e+04 4.500975351808455307e+05 1.137613239924561640e+03 5.186519493837633138e-02 1.311347696404179963e+01 5.521780488147635779e+00 5.534738851471339149e-01 1.151062533496449269e+00 4.456019178338600506e-01 
2.800503894183625412e+10 9.427832798833430570e+04 1.662724816490800777e+02 1.398102092011871488e+18 1.154834459241427248e+04 2.687930607111518102e+36 9.351176414345969967e-02 5.734775361241179805e-08 5.360341154487340100e+04 4.122411463505899883e+05 1.125960548067456557e+03 5.050660267990045998e-02 1.327083566870021869e+01 5.519482059597766721e+00 5.535687192475921004e-01 1.150954813442466529e+00 4.456553663810450816e-01 
2.899422853882881165e+10 9.760841231571562821e+04 1.626228055929796597e+02 1.398102092011871488e+18 1.125184651150656282e+04 2.735256956138753040e+36 9.371847221671962547e-02 5.404629776389247967e-08 5.209163467073007632e+04 3.775517010246000718e+05 1.114389346814931969e+03 4.918416281136697016e-02 1.342992756779589847e+01 5.517119030307353178e+00 5.536671362262274299e-01 1.150849449902326738e+00 4.457071988402990792e-01 
3.001835813575592041e+10 1.010561213598696631e+05 1.590418620922253865e+02 1.398102092011871488e+18 1.096295624492343995e+04 2.783411878913257804e+36 9.371803921145827054e-02 5.093357842243232025e-08 5.062241442342982191e+04 3.457717753221599269e+05 1.102906814721179217e+03 4.789736809397282524e-02 1.359068442859325110e+01 5.490236741855570202e+00 5.549669733775089986e-01 1.150699217033010813e+00 4.457212709623649127e-01 
3.107866187782014084e+10 1.046256098426103417e+05 1.555235451466984955e+02 1.398102092011871488e+18 1.068147878187943570e+04 2.832409881824582328e+36 9.340846732317843737e-02 4.799928101885693743e-08 4.919481419558644120e+04 3.166624388838636223e+05 1.091517031155125096e+03 4.664558203368085465e-02 1.375305420410180268e+01 5.427307583286614445e+00 5.580625278234677689e-01 1.150471877471553661e+00 4.456714445560062132e-01 
3.217641750250735474e+10 1.083211792381840496e+05 1.520644566988574411e+02 1.398102092011871488e+18 1.040722410186159868e+04 2.882265725235243239e+36 9.280815712701408204e-02 4.523354687935613559e-08 4.780784443933622242e+04 2.900028737169147935e+05 1.080231828203081477e+03 4.542805255141844217e-02 1.391700555316536914e+01 5.331317181106989267e+00 5.628766567030271117e-01 1.150150717518100052e+00 4.455410938173500202e-01 
3.331294787934670258e+10 1.121472829568364541e+05 1.486667122895757984e+02 1.398102092011871488e+18 1.014000704729090467e+04 2.932994427927202013e+36 9.204899239913670594e-02 4.262687228280120028e-08 4.646041770104047464e+04 2.655883820925272885e+05 1.068982564253617511e+03 4.424387299409403979e-02 1.408253816795771840e+01 5.218349834358235739e+00 5.686802813278154511e-01 1.149756951496520241e+00 4.453347018365069743e-01 
3.448962260405752563e+10 1.161085317114720528e+05 1.453319885868035328e+02 1.398102092011871488e+18 9.879647199417495358e+03 2.984611271626186628e+36 9.120958233651919878e-02 4.017033541256458176e-08 4.515150472243475087e+04 2.432317036904622219e+05 1.057915836615508624e+03 4.309218358705670798e-02 1.424964821473737508e+01 5.097893945571907892e+00 5.750384081165647032e-01 1.149311131967729604e+00 4.450547777428262020e-01 
3.570785964900469971e+10 1.202096990738745080e+05 1.420578961967582927e+02 1.398102092011871488e+18 9.625968757368280421e+03 3.037131805605229134e+36 9.028562296132662535e-02 3.785574608100793158e-08 4.388029339721023280e+04 2.227633950669464248e+05 1.047108677510942016e+03 4.197242222789406701e-02 1.441826909413403612e+01 4.969822239622320836e+00 5.819975481678987261e-01 1.148808109789606569e+00 4.446819300061529701e-01 
3.696912707195031738e+10 1.244557272271805268e+05 1.388418970384747979e+02 1.398102092011871488e+18 9.378800420267580193e+03 3.090571851368766214e+36 8.927278990092261945e-02 3.567544672503519227e-08 4.264604291915873182e+04 2.040284147585538158e+05 1.036716884034709892e+03 4.088406533912389978e-02 1.458832556607046627e+01 4.834050050425245715e+00 5.896072565982301006e-01 1.148242332632990470e+00 4.441927649859516158e-01 
3.827494478516314697e+10 1.288517329215466016e+05 1.356814699027625863e+02 1.398102092011871488e+18 9.137975272352965476e+03 3.144947507418815059e+36 8.816500917142777727e-02 3.362230759784068176e-08 4.144812437516029604e+04 1.868851937298336125e+05 1.025602083005432632e+03 3.982670756392785866e-02 1.475971144942234048e+01 4.690350680202312716e+00 5.979325517455004180e-01 1.147610473908168949e+00 4.435576434822364744e-01 
3.962688638701478577e+10 1.334030136401759228e+05 1.325741396518758108e+02 1.398102092011871488e+18 8.903330671011332015e+03 3.200275154104525574e+36 8.695556827470561634e-02 3.168972373820104776e-08 4.028602580988581758e+04 1.712045787289425498e+05 1.014675107162159065e+03 3.880003358390456125e-02 1.493229650487725380e+01 4.538493185321446077e+00 6.070479840553542061e-01 1.146912132740870005e+00 4.427402500258396101e-01 
4.102658105827190399e+10 1.381150539831432106e+05 1.295175864974750368e+02 1.398102092011871488e+18 8.674708137661114961e+03 3.256571458556672027e+36 8.563711235093496299e-02 2.987162667094243832e-08 3.915936595227901853e+04 1.568689609058064525e+05 1.004116331094376619e+03 3.780379120141980076e-02 1.510593674612687742e+01 4.378254696273051749e+00 6.170388842992613476e-01 1.146151577241826924e+00 4.416971153844472253e-01 
4.247571552536894226e+10 1.429935322767076432e+05 1.265098021377484372e+02 1.398102092011871488e+18 8.451953251409004224e+03 3.313853379708532709e+36 8.420162242163453659e-02 2.816249333005187307e-08 3.806792297255384619e+04 1.437714918780987791e+05 9.941165759636116945e+02 3.683780278508767825e-02 1.528047503719172084e+01 4.209431384108508034e+00 6.280032853853640962e-01 1.145340630531521020e+00 4.403762877477233606e-01 
4.397603609302712250e+10 1.480443274160786241e+05 1.235492602482550666e+02 1.398102092011871488e+18 8.234915545411107814e+03 3.372138173404663466e+36 8.264093635740744903e-02 2.655736276256756333e-08 3.701164756978822697e+04 1.318153112819257658e+05 9.850468319150737670e+02 3.590191241987195775e-02 1.545576598312937122e+01 4.031907397984500818e+00 6.400499944584037149e-01 1.144501509659316518e+00 4.387174259603137672e-01 
4.552935074866938019e+10 1.532735259498809755e+05 1.206353753279190926e+02 1.398102092011871488e+18 8.023448405870264651e+03 3.431443397599124064e+36 8.094608680020214109e-02 2.505190018772479146e-08 3.599068102067261498e+04 1.209130657339672907e+05 9.778774861186664111e+02 3.499587008072456429e-02 1.563173525467671254e+01 3.845606134148521260e+00 6.533060735976902178e-01 1.143672831701468162e+00 4.366537017065090232e-01 
4.713753134116728973e+10 1.586874294148568588e+05 1.177688147020531630e+02 1.398102092011871488e+18 7.817408973602912738e+03 3.491786917644716366e+36 7.910816628385046456e-02 2.364242062152893975e-08 3.500536609914000292e+04 1.109862197065385408e+05 9.674117951070634263e+02 3.411922888129591963e-02 1.580844432709937841e+01 3.650596115812401177e+00 6.679134927792657050e-01 1.142914769137022724e+00 4.341137586606120813e-01 
4.880251583654433441e+10 1.642925619296397781e+05 1.149521025056159687e+02 1.398102092011871488e+18 7.616658048110733944e+03 3.553186911674788565e+36 7.711832757593528598e-02 2.232597042297567741e-08 3.405623088198380719e+04 1.019646005181585933e+05 9.556246276000824764e+02 3.327106279933785687e-02 1.598624586597012787e+01 3.447111804576156402e+00 6.840325441214915037e-01 1.142316642531459925e+00 4.310287021772599148e-01 
5.052631065335679626e+10 1.700956780567612732e+05 1.121903982914180347e+02 1.398102092011871488e+18 7.421059994093413479e+03 3.615661876079332672e+36 7.496807415894685134e-02 2.110039818779064034e-08 3.314397803581960761e+04 9.378594937576905068e+04 9.471692082793415466e+02 3.244968768325151576e-02 1.616596966079687547e+01 3.235599912882483054e+00 7.018448229558907903e-01 1.142007493629566328e+00 4.273404135664733983e-01 
5.231099308056258392e+10 1.761037709423515189e+05 1.094923961564318802e+02 1.398102092011871488e+18 7.230482650341265980e+03 3.679230631076888799e+36 7.264991622698104001e-02 1.996444015094393863e-08 3.226941892666636340e+04 8.639543125298565428e+04 9.430959306294645330e+02 3.165217616244333371e-02 1.634923325060037413e+01 3.016796745272259717e+00 7.215538456101200371e-01 1.142167213859188513e+00 4.230163943115660685e-01 
5.415871378079464722e+10 1.823240807433523296e+05 1.068715953837821786e+02 1.398102092011871488e+18 7.044797240947209502e+03 3.743912326384033000e+36 7.015787323964835231e-02 1.891781814399465402e-08 3.143338245554607784e+04 7.974521964476248831e+04 9.516946102081485606e+02 3.087376389345293862e-02 1.653886229703871891e+01 2.791779470376853034e+00 7.433896214123363322e-01 1.143042235150657282e+00 4.180697315404980907e-01 
5.607169938205469513e+10 1.887641033523953229e+05 1.043476892546016899e+02 1.398102092011871488e+18 6.863878288779533250e+03 3.809726446984121000e+36 6.748848980419244747e-02 1.796131931923608716e-08 3.063655715631627027e+04 7.379393824623353430e+04 9.279405535772548319e+02 3.010709950070087140e-02 1.673946179634434017e+01 2.562044011074896321e+00 7.676109795357305421e-01 1.144962303275963711e+00 4.125855968354379399e-01 
5.805225516094907379e+10 1.954315994308546942e+05 1.019483081746249695e+02 1.398102092011871488e+18 6.687603531158333681e+03 3.876692818997001426e+36 6.464186341690990323e-02 1.709684850937783645e-08 2.987929511455009560e+04 6.850604679673556529e+04 9.292636981308660324e+02 2.934149610950453207e-02 1.695810325733977209e+01 2.329549987960748414e+00 7.945129881400999627e-01 1.148362550665691373e+00 4.067515882243680769e-01 
6.010276782070388031e+10 2.023346037609718624e+05 9.971109786699580013e+01 1.398102092011871488e+18 6.515853837679570461e+03 3.944831615651559753e+36 6.162286678003487533e-02 1.632744662566368016e-08 2.916135439949715510e+04 6.385111113167063013e+04 9.338222405533388155e+02 2.856222755205168468e-02 1.720515373863021580e+01 2.096738577980545859e+00 8.244396284387072171e-01 1.153810809296515139e+00 4.008924741067202979e-01 
6.222570836730231476e+10 2.094814349283066986e+05 9.768605896014099699e+01 1.398102092011871488e+18 6.348513130132750121e+03 4.014163363362758775e+36 5.844254721023132981e-02 1.565722327265523128e-08 2.848161394234168984e+04 5.980284369432052335e+04 9.311213307035077378e+02 2.775021270951551905e-02 1.749514981689481985e+01 1.866506369945942545e+00 8.578055718980837074e-01 1.162041888415594970e+00 3.955043257422996561e-01 
6.442363508721369934e+10 2.168807053461946489e+05 9.593847508254475542e+01 1.398102092011871488e+18 6.185468304458941020e+03 4.084708947915104688e+36 5.511938293341977352e-02 1.509121882654526103e-08 2.783777535682174130e+04 5.633798865121257404e+04 9.295234768891984913e+02 2.688230696060051050e-02 1.784770663794893153e+01 1.642107159423222162e+00 8.951357985126013883e-01 1.174004365825985552e+00 3.912899975220294757e-01 
6.669919663030114746e+10 2.245413316342855105e+05 9.455257081997947921e+01 1.398102092011871488e+18 6.026609154697521262e+03 4.156489620754371648e+36 5.168017065570942870e-02 1.463519126887369792e-08 2.722609157457467882e+04 5.343504742084972531e+04 9.466421131803846265e+02 2.593252318738834342e-02 1.828842767640749756e+01 1.426975117737366849e+00 9.371312085503750167e-01 1.190924731040697626e+00 3.891991572872149363e-01 
6.905513520162316895e+10 2.324725453636709426e+05 9.363641235245030714e+01 1.398102092011871488e+18 5.871828298871290826e+03 4.229527005389476129e+36 4.816022100782883092e-02 1.429538749530651540e-08 2.664111352800622626e+04 5.107293319802382757e+04 9.550423975528785832e+02 2.487416223028189252e-02 1.884999314604013776e+01 1.224478795230635964e+00 9.847690406743567770e-01 1.214395666903574478e+00 3.904910966541316752e-01 
7.149428986597561646e+10 2.406839041815500532e+05 9.332915516134652023e+01 1.398102092011871488e+18 5.721021106760797920e+03 4.303843103906428966e+36 4.460246440707194698e-02 1.407840721613844049e-08 2.607545076782037722e+04 4.922977414848998887e+04 9.749574769634808717e+02 2.368259163001378703e-02 1.957380549791620439e+01 1.037629797599791903e+00 1.039450000462410983e+00 1.246502426543051767e+00 3.968540165458545599e-01 
7.401959996915652466e+10 2.491853033288398583e+05 9.381151722177176566e+01 1.398102092011871488e+18 5.574085629519977374e+03 4.379460303596349080e+36 4.105545258659051150e-02 1.399130647662592344e-08 2.551942605574818663e+04 4.788193227681188728e+04 9.923987542994706246e+02 2.233786762303257775e-02 2.051308285275798227e+01 8.688060331771606526e-01 1.103190000539602922e+00 1.289991211304345242e+00 4.106476143673998269e-01 
7.663410868007463074e+10 2.579869875646030414e+05 9.532258131042033256e+01 1.398102092011871488e+18 5.430922531086516756e+03 4.456401383699464428e+36 3.757015849025248377e-02 1.404225615526994522e-08 2.496044215305864054e+04 4.700365834578899376e+04 1.030129965346611698e+03 2.082606437060055202e-02 2.173919639249629299e+01 7.195370197829465964e-01 1.178864175136862036e+00 1.348503592590205802e+00 4.354074857485861205e-01 
7.934096665797491455e+10 2.670995635116797057e+05 9.818673101238614720e+01 1.398102092011871488e+18 5.291435021341166248e+03 4.534689522267277777e+36 3.419621617261203034e-02 1.424218304412143984e-08 2.438164125496524503e+04 4.656740053157391230e+04 1.066029467861630337e+03 1.913813096851405340e-02 2.335497354253668334e+01 5.904129247861799046e-01 1.270488390776112864e+00 1.426883692662634928e+00 4.769200480520278118e-01 
8.214343584919421387e+10 2.765340124383788789e+05 1.028600628873967935e+02 1.398102092011871488e+18 5.155528790971979106e+03 4.614348303144793920e+36 3.097821898238092495e-02 1.460836570144811031e-08 2.375902466990772518e+04 4.654496803343802458e+04 1.108444645831475555e+03 1.726519420759001916e-02 2.552380629056862560e+01 4.811388839579387455e-01 1.383521293810346942e+00 1.531571594747576981e+00 5.456848970597687476e-01 
8.504489341802668762e+10 2.863017034916478442e+05 1.100172308802770260e+02 1.398102092011871488e+18 5.023111947999969743e+03 4.695401723075009560e+36 2.795287286048790676e-02 1.517244730111037792e-08 2.305490121799891858e+04 4.690956428313833021e+04 1.188609853629945746e+03 1.518872903177070910e-02 2.853932626731492306e+01 3.907399600333155698e-01 1.525107250768530820e+00 1.671040048777045151e+00 6.633062175791430981e-01 
8.804883581643446350e+10 2.964144073976607760e+05 1.207349857301113047e+02 1.398102092011871488e+18 4.894094955924082569e+03 4.777874198927803892e+36 2.514763392359744762e-02 1.600093585318188163e-08 2.220099603078307337e+04 4.763874796566855366e+04 1.210619934958958538e+03 1.286054188378314526e-02 3.302176442908126575e+01 3.179374987004981445e-01 1.703872162433982984e+00 1.855923798342433706e+00 8.826822940827767638e-01 
9.115888299750837708e+10 3.068843106463386212e+05 1.369721544262008024e+02 1.398102092011871488e+18 4.768390573444406982e+03 4.861790575055382714e+36 2.258110041411740335e-02 1.726420562462013854e-08 2.104329333030736962e+04 4.871949798580403149e+04 1.274839968473904264e+03 1.015036832686490136e-02 4.065378604012661157e+01 2.619296708611402735e-01 1.927132582361984037e+00 2.096650940116719930e+00 1.376375734173978183e+00 
9.437878277775390625e+10 3.177240301768856589e+05 1.634298958519807456e+02 1.398102092011871488e+18 4.645913795723568001e+03 4.947176130776454830e+36 2.026616452989884673e-02 1.964196051654026757e-08 1.904339387255684414e+04 5.016163448270379013e+04 1.363445974937388655e+03 6.612040285605953402e-03 5.921287136047202893e+01 2.259724578773763815e-01 2.175057480469177573e+00 2.376411876434422865e+00 3.213853610694676899e+00 
9.771241535346501160e+10 3.289466285820596968e+05 2.160598487738235178e+02 1.398102092011871488e+18 4.526581797147086945e+03 5.034056587991541494e+36 1.822629721733748723e-02 4.990819184298705199e-08 7.737695334786982130e+03 5.178762053437215218e+04 5.542360351726780010e+01 1.745622440142021413e-04 2.832523593726135047e+00 4.372732804143881213e-01 1.215413454137622473e+00 1.336088638350424684e+00 6.719761633881105034e+00 
1.011637979766206970e+11 3.405656298494713847e+05 2.328084445758115066e+02 1.398102092011871488e+18 4.410313875544866278e+03 5.122458118931506762e+36 1.641405729308398342e-02 6.808182381429752624e-08 5.712746729584467175e+03 5.215772584957450454e+04 8.224105810569133368e+00 5.149807607671992972e-05 1.511680801066998814e-01 4.640156762894107056e-01 1.029666258984666349e+00 1.119515903960092373e+00 1.172001631615390949e+00 
1.047370897959448700e+11 3.525950356589027215e+05 2.377642368144978775e+02 1.398102092011871488e+18 4.297031397836482938e+03 5.212407354041799796e+36 1.474501612536855549e-02 7.734713614299037280e-08 5.065220157205595569e+03 5.253939411559043947e+04 3.931228662940649876e+00 3.159643003905144096e-05 4.736577827382030398e-02 4.079164096823769126e-01 9.952370674157142716e-01 1.067858241711473255e+00 5.468437932779259825e-01 
1.084365968689608612e+11 3.650493422552746488e+05 2.383850972745347008e+02 1.398102092011871488e+18 4.186657747064213254e+03 5.303931390004723097e+36 1.320606370139454366e-02 8.450037251326856952e-08 4.687699608987575630e+03 5.312034574725073617e+04 2.501131609683808765e+00 2.292492762645281337e-05 2.248453694456157767e-02 3.415028952305530496e-01 9.850113061813243753e-01 1.043746570328033307e+00 3.197165131393760462e-01 
1.122667773510811310e+11 3.779435579175997991e+05 2.367341441684475001e+02 1.398102092011871488e+18 4.079118270778449642e+03 5.397057797902146269e+36 1.179341766569381306e-02 9.096601897747003353e-08 4.422001817328565267e+03 5.394368380463142239e+04 1.824740445338296269e+00 1.787577321306261198e-05 1.285727393002628408e-02 2.788654086257811304e-01 9.827901172568502819e-01 1.029971938523055464e+00 2.066191626439889406e-01 
1.162322468679849396e+11 3.912932210449700360e+05 2.337471408851100421e+02 1.398102092011871488e+18 3.974340230741188861e+03 5.491814631521138076e+36 1.050427029290635673e-02 9.731494143700975408e-08 4.215594271814710737e+03 5.501496321493412688e+04 1.446056726445089202e+00 1.447718640374742863e-05 8.152945997624599234e-03 2.241471773800270129e-01 9.836583085554668759e-01 1.021271388916216605e+00 1.411422701718906547e-01 
1.203377840777590485e+11 4.051144188813767978e+05 2.299353238684658720e+02 1.398102092011871488e+18 3.872252753914014647e+03 5.588230435805014920e+36 9.334751809397539082e-03 1.038345253985311065e-07 4.045026688147896039e+03 5.632557956173204730e+04 1.212262919149736273e+00 1.198697684903233289e-05 5.512236477293181759e-03 1.781846004389577298e-01 9.856645372894453638e-01 1.015440250508242048e+00 9.978701604284538618e-02 
1.245883364295008087e+11 4.194238069019177929e+05 2.256072016577726060e+02 1.398102092011871488e+18 3.772786784698012070e+03 5.686334255452287939e+36 8.279512704797693454e-03 1.106893699221255096e-07 3.898002623629325626e+03 5.786161323003058351e+04 1.058625455423820583e+00 1.006254280250212690e-05 3.888569893082653977e-03 1.405008311739119886e-01 9.879498142895464241e-01 1.011379655148420209e+00 7.217631162170484727e-02 
# Non-converged_fits = 0