# r 	r/rg 	Sigma0 	Mdot 	Teff 	F 	z0r 	rho_c 	T_c 	P_c 	tau 	PradPgas_c 	varkappa_c 	Pi1 	Pi2 	Pi3 	Pi4
# All values are in CGS units.
# M = 1.005829e+01 Msun, alpha = 1, structure = BellLin, mu = 0.62
1.414991297434578896e+09 4.763536087817661269e+02 1.446953236731089874e+03 1.398102092011871642e+19 3.361385508339558728e+05 1.768984251151739326e+37 7.080598852276666355e-02 1.037818732565700670e-05 1.446567533950710436e+06 2.013273210974159241e+09 7.597414806734871036e+02 5.485066669464324640e+00 9.585374221562386055e-01 3.759466996835777675e+00 6.957916864507104338e-01 1.294534382581274734e+00 3.790995625675907532e-01 
1.464971398307287931e+09 4.931792963044785552e+02 1.450280421501222008e+03 1.398102092011871642e+19 3.276217354246131727e+05 1.802624701123581828e+37 7.034812387151111179e-02 1.015706473776206962e-05 1.416860999074140564e+06 1.929914024110704899e+09 7.759060436570640604e+02 5.266241753666064618e+00 9.775898058601160123e-01 3.787343754901564719e+00 6.927429306870730441e-01 1.291700160944495135e+00 3.799808997491221918e-01 
1.516716888470924139e+09 5.105992981252099980e+02 1.453119984318448360e+03 1.398102092011871642e+19 3.193185060348483385e+05 1.836854116740696245e+37 6.990230819262055473e-02 9.935424467450280718e-06 1.387640089653258678e+06 1.848867379140506506e+09 7.921460774844487105e+02 5.057447273854394965e+00 9.970305889978734459e-01 3.815094089862953286e+00 6.897457206838221166e-01 1.288916251728720708e+00 3.808642734875963276e-01 
1.570290124729377508e+09 5.286346065204634215e+02 1.455472153795703207e+03 1.398102092011871642e+19 3.112236059818099020e+05 1.871682809414839240e+37 6.946831032307669573e-02 9.713546683833930494e-06 1.358899461472826544e+06 1.770140154383821487e+09 8.084504547273155595e+02 4.858155622890865111e+00 1.016862999981774207e+00 3.842718440261357671e+00 6.867986586859067266e-01 1.286180862804360503e+00 3.817494655757170952e-01 
1.625755666443793535e+09 5.473069552526429788e+02 1.457337540304599315e+03 1.398102092011871642e+19 3.033319033278854331e+05 1.907121271086484212e+37 6.904590537100367686e-02 9.491701114927314435e-06 1.330633795062316814e+06 1.693733584599375010e+09 8.248076746922835127e+02 4.667871247786837152e+00 1.037090140052070231e+00 3.870216670516911872e+00 6.839004622577870007e-01 1.283492349712228142e+00 3.826362374882011363e-01 
1.683180353330955029e+09 5.666388457607024520e+02 1.458717145892181634e+03 1.398102092011871642e+19 2.956383881447208114e+05 1.943180177385455612e+37 6.863487626438137534e-02 9.270147115784084318e-06 1.302837798340286827e+06 1.619643647245217562e+09 8.412057904910341222e+02 4.486128386049076155e+00 1.057714979501620967e+00 3.897588309094499159e+00 6.810499373821864433e-01 1.280849205822278014e+00 3.835243321538571171e-01 
1.742633386009647131e+09 5.866535742758965171e+02 1.459612369890640139e+03 1.398102092011871642e+19 2.881381698256448144e+05 1.979870390846905142e+37 6.823500866466736259e-02 9.049133740856167663e-06 1.275506209034702741e+06 1.547861433481555939e+09 8.576324996159115699e+02 4.312488987288164211e+00 1.078740354196032758e+00 3.924832036820026460e+00 6.782460161970530477e-01 1.278250050429361240e+00 3.844134744567790918e-01 
1.804186409392075539e+09 6.073752598953120696e+02 1.460025017877380833e+03 1.398102092011871642e+19 2.808264744463129900e+05 2.017202964183587303e+37 6.784609287277755529e-02 8.828899820833820142e-06 1.248633796480062883e+06 1.478373503809755564e+09 8.740752056366388842e+02 4.146540798510347514e+00 1.100168963070273120e+00 3.951945949422476012e+00 6.754877280083212421e-01 1.275693620055438515e+00 3.853033732224981911e-01 
1.867913599020784616e+09 6.288288736469959304e+02 1.459957308904714864e+03 1.398102092011871642e+19 2.736986421733403113e+05 2.055189143615406384e+37 6.746792425823704142e-02 8.609674041013720328e-06 1.222215363072016276e+06 1.411162228592402458e+09 8.905210002004184844e+02 3.987895602095028913e+00 1.122003366166394844e+00 3.978927663603221809e+00 6.727741849754942383e-01 1.273178759617645595e+00 3.861937229246459879e-01 
1.933891750455232143e+09 6.510402685817425663e+02 1.459411882711800672e+03 1.398102092011871642e+19 2.667501247206315747e+05 2.093840372257305457e+37 6.710030539848023390e-02 8.391675021624762579e-06 1.196245745311255800e+06 1.346206113869138002e+09 9.069567018343723248e+02 3.836187591612826076e+00 1.144245983435530523e+00 4.005774633019520081e+00 6.701045515945183162e-01 1.270704414624546752e+00 3.870842057704033112e-01 
2.002200371815584421e+09 6.740362109277522222e+02 1.458391801093434651e+03 1.398102092011871642e+19 2.599764828531056992e+05 2.133168293566416584e+37 6.674303969234408884e-02 8.175111398131256155e-06 1.170719814741823822e+06 1.283480112915664434e+09 9.233688630000328885e+02 3.691071876837221932e+00 1.166899093688956279e+00 4.032483450426744831e+00 6.674780976783131203e-01 1.268269620611412574e+00 3.879744920656282292e-01 
2.072921779595369816e+09 6.978444123457437627e+02 1.456900553991684092e+03 1.398102092011871642e+19 2.533733839374455274e+05 2.173184754849589552e+37 6.639593536478598235e-02 7.960181905293150839e-06 1.145632478281494463e+06 1.222955923996063948e+09 9.397438022192010294e+02 3.552223100040962755e+00 1.189964834898748158e+00 4.059050370119523521e+00 6.648941508295652669e-01 1.265873496776106055e+00 3.888642427444824468e-01 
2.146141197858401537e+09 7.224935633233732233e+02 1.454942061724993437e+03 1.398102092011871642e+19 2.469365995394851197e+05 2.213901810832325060e+37 6.605880485909082500e-02 7.747075462184644759e-06 1.120978678391024005e+06 1.164602274765123606e+09 9.560676353501823996e+02 3.419334159217043201e+00 1.213445204967152247e+00 4.085471293574011398e+00 6.623520941072753576e-01 1.263515238190436207e+00 3.897531109786199210e-01 
2.221946860939519405e+09 7.480133677492055995e+02 1.452520677225395502e+03 1.398102092011871642e+19 2.406620030678136682e+05 2.255331727290190020e+37 6.573146665956687562e-02 7.535971259956401381e-06 1.096753392911688192e+06 1.108385193795663834e+09 9.723263115107999965e+02 3.292115026637923769e+00 1.237342063446158269e+00 4.111742055603405888e+00 6.598513403168011493e-01 1.261194109136232200e+00 3.906407443155877623e-01 
2.300430119772921562e+09 7.744345787079062120e+02 1.449641182632024993e+03 1.398102092011871642e+19 2.345455674631457950e+05 2.297486984743812900e+37 6.541373925904216124e-02 7.327038851136450136e-06 1.072951634865499567e+06 1.054268269719348073e+09 9.885056514551678220e+02 3.170291657775834437e+00 1.261657133510570183e+00 4.137857729629067727e+00 6.573913836745625128e-01 1.258909433911428621e+00 3.915267852383855218e-01 
2.381685551976160526e+09 8.017890355397685198e+02 1.446308790273878003e+03 1.398102092011871642e+19 2.285833629329867836e+05 2.340380282218554246e+37 6.510544580651456137e-02 7.120438244052206739e-06 1.049568451755409595e+06 1.002212898380487084e+09 1.004591384183579521e+03 3.053604977388001629e+00 1.286392005506184155e+00 4.163813252734501091e+00 6.549717472911529281e-01 1.256660591628215640e+00 3.924108739426992454e-01 
2.465811075822603703e+09 8.301097022092837960e+02 1.442529139279724177e+03 1.398102092011871642e+19 2.227715547310869442e+05 2.384024541070038154e+37 6.480641353257191040e-02 6.916320000318355515e-06 1.026598924812123645e+06 9.521785184779933691e+08 1.020569165429948043e+03 2.941809941135330231e+00 1.311548141017965685e+00 4.189603413009401756e+00 6.525919820213955669e-01 1.254447009303479410e+00 3.932926500740129838e-01 
2.552908068239516735e+09 8.594307070289286230e+02 1.438308298261475557e+03 1.398102092011871642e+19 2.171064009811811557e+05 2.428432908876616682e+37 6.451647347697773982e-02 6.714824443620971190e-06 1.004038178942851373e+06 9.041227256066249609e+08 1.036424617105420339e+03 2.834675134096506177e+00 1.337126718177293005e+00 4.215222310213676771e+00 6.502517525688472633e-01 1.252268328495850458e+00 3.941716924381881704e-01 
2.643081486974102974e+09 8.897873837860839785e+02 1.433652753237789057e+03 1.398102092011871642e+19 2.115842505444683484e+05 2.473618763400007284e+37 6.423545757408045953e-02 6.516082525786081509e-06 9.818813744121460477e+05 8.580015914617618322e+08 1.052143365839414173e+03 2.731981564077987201e+00 1.363128730842477099e+00 4.240663416882555659e+00 6.479507942432117806e-01 1.250124272359966149e+00 3.950475598671768784e-01 
2.736439997074666500e+09 9.212163143226327975e+02 1.428569379917352080e+03 1.398102092011871642e+19 2.062015409302844491e+05 2.519595716615265917e+37 6.396320147890915964e-02 6.320218345007978220e-06 9.601236743056484265e+05 8.137701514452056885e+08 1.067711103420302152e+03 2.633520649427090188e+00 1.389555466699498698e+00 4.265921591320202211e+00 6.456886269012741542e-01 1.248014152122282283e+00 3.959199742029131386e-01 
2.833096101839318275e+09 9.537553726185436744e+02 1.423065465140274682e+03 1.398102092011871642e+19 2.009547962494042877e+05 2.566377618811312780e+37 6.369954542875433390e-02 6.127345610072905650e-06 9.387602875048317946e+05 7.713821448787450790e+08 1.083113579136544104e+03 2.539095439599968973e+00 1.416407866579683983e+00 4.290990961071353027e+00 6.434649074146406855e-01 1.245937567822369862e+00 3.967885697906701759e-01 
2.933166278390048504e+09 9.874437704325753202e+02 1.417148683867602358e+03 1.398102092011871642e+19 1.958406252093937946e+05 2.613978562763257856e+37 6.344433077990092873e-02 5.937569140696147567e-06 9.177864514237841358e+05 7.307903731502809525e+08 1.098336623396307232e+03 2.448519243830014069e+00 1.443686761440132083e+00 4.315865340078254064e+00 6.412793245887894455e-01 1.243894143303410971e+00 3.976529850562058876e-01 
3.036771118035460472e+09 1.022322104555071860e+03 1.410827088129858112e+03 1.398102092011871642e+19 1.908557191514305305e+05 2.662412887977746514e+37 6.319740125731522495e-02 5.750985003602421261e-06 8.971974306100737303e+05 6.919468743328933716e+08 1.113366247539524693e+03 2.361615024832625753e+00 1.471392879690433420e+00 4.340538434305837079e+00 6.391315823444394528e-01 1.241883521715246630e+00 3.985128642657920217e-01 
3.144035471591500282e+09 1.058432405729857237e+03 1.404109094566444583e+03 1.398102092011871642e+19 1.859968501279866614e+05 2.711695185012681915e+37 6.295860377072809433e-02 5.567680656421497353e-06 8.769885153302324470e+05 6.548030886385185719e+08 1.128188652430296543e+03 2.278214833956942353e+00 1.499526855103221035e+00 4.365003996048728574e+00 6.370213875418443417e-01 1.239905361288109686e+00 3.993678592210325173e-01 
3.255088599835056305e+09 1.095818189304097132e+03 1.397003470998200328e+03 1.398102092011871642e+19 1.812608690207835753e+05 2.761840299872527952e+37 6.272778941106359196e-02 5.387735099508492140e-06 8.571550201525076991e+05 6.193100149260580540e+08 1.142790201697409429e+03 2.198159284656303836e+00 1.528089235202915619e+00 4.389256008308285217e+00 6.349484364779280909e-01 1.237959331750475123e+00 4.002176309864904358e-01 
3.370064329271924973e+09 1.134524507667232228e+03 1.389519319451793081e+03 1.398102092011871642e+19 1.766447036983994185e+05 2.812863338480582030e+37 6.250480905816403754e-02 5.211219035533612850e-06 8.376922826739151496e+05 5.854183585460398197e+08 1.157157559741839350e+03 2.121297062534044819e+00 1.557080489455699768e+00 4.413288111581053386e+00 6.329124553221749938e-01 1.236045109719959845e+00 4.010618504780000260e-01 
3.489101213406766415e+09 1.174598004542141553e+03 1.381666062183187023e+03 1.398102092011871642e+19 1.721453572129195090e+05 2.864779671229550364e+37 6.228951689747582593e-02 5.038195037316211792e-06 8.185956621320642298e+05 5.530786705772951841e+08 1.171277704661503776e+03 2.047484467042174128e+00 1.586501018049834455e+00 4.437094124018019947e+00 6.309131628634572220e-01 1.234162377585361847e+00 4.019002004852751386e-01 
3.612342699709437847e+09 1.216086971193981071e+03 1.373453431241146291e+03 1.398102092011871642e+19 1.677599060350095388e+05 2.917604937611792892e+37 6.208177079219600464e-02 4.868717186487931582e-06 7.998605481411837973e+05 5.222414277116211653e+08 1.185137860084636031e+03 1.976585276531616087e+00 1.616350979548242695e+00 4.460667638866100404e+00 6.289503370800691995e-01 1.232310963843928464e+00 4.027323135100215890e-01 
3.739937302478801727e+09 1.259041404624390452e+03 1.364891454484037695e+03 1.398102092011871642e+19 1.634854983267953503e+05 2.971355050930605894e+37 6.188143012284749028e-02 4.702831075492862492e-06 7.814823653545466950e+05 4.928571452620935440e+08 1.198725660919855500e+03 1.908470461372280047e+00 1.646630172095505884e+00 4.484001470659912059e+00 6.270238728225613345e-01 1.230490917085871549e+00 4.035577318080671438e-01 
3.872038781812557220e+09 1.303513067821282903e+03 1.355990400744682574e+03 1.398102092011871642e+19 1.593193522519189573e+05 3.026046203094046854e+37 6.168835580439940153e-02 4.540577125165922867e-06 7.634565125502346782e+05 4.648767824886034727e+08 1.212029077650749514e+03 1.843016104931711974e+00 1.677339140924926308e+00 4.507090632624425552e+00 6.251333506998683065e-01 1.228701660692845588e+00 4.043762909437431663e-01 
4.008806328898464680e+09 1.349555552136713231e+03 1.346760800219249404e+03 1.398102092011871642e+19 1.552587543221577944e+05 3.081694869492630432e+37 6.150241168859402197e-02 4.381987192593619169e-06 7.457784274155839812e+05 4.382515049719479680e+08 1.225036462386794028e+03 1.780105003598008162e+00 1.708478003953103563e+00 4.529929305559725172e+00 6.232784997996468901e-01 1.226942929976389429e+00 4.051877043851077054e-01 
4.150404757850472450e+09 1.397224341868076181e+03 1.337213411607082435e+03 1.398102092011871642e+19 1.513010577799778257e+05 3.138317813962448754e+37 6.132346527986407003e-02 4.227086007964800493e-06 7.284435639056097716e+05 4.129329040774153471e+08 1.237736728815279321e+03 1.719625678966547833e+00 1.740046845169227474e+00 4.552512050069376315e+00 6.214590305831040329e-01 1.225214460275823036e+00 4.059917006274638140e-01 
4.297004704320835114e+09 1.446576881120424332e+03 1.327359199383135547e+03 1.398102092011871642e+19 1.474436810164011549e+05 3.195932093835176148e+37 6.115138387895597410e-02 4.075891399949303755e-06 7.114473915189580293e+05 3.888730898782178760e+08 1.250119220408062120e+03 1.661472069960577169e+00 1.772045722866341322e+00 4.574833258564612315e+00 6.196746720609264125e-01 1.223515984904935738e+00 4.067880228726083458e-01 
4.448782831127575874e+09 1.497672643030486597e+03 1.317209313608890398e+03 1.398102092011871642e+19 1.436841060235677287e+05 3.254555065076495004e+37 6.098603766228719719e-02 3.928414528965703663e-06 6.947853945623993641e+05 3.660247768146443367e+08 1.262173815252295526e+03 1.605543243189584635e+00 1.804474678025972612e+00 4.596887625987240433e+00 6.179251403883642135e-01 1.221847235627229411e+00 4.075764298107092953e-01 
4.605922041145112991e+09 1.550573201435815236e+03 1.306775067385482316e+03 1.398102092011871642e+19 1.400198768813728529e+05 3.314204387514486022e+37 6.082730042406415960e-02 3.784660124635958408e-06 6.784530715393149294e+05 3.443413620559645891e+08 1.273890876323265502e+03 1.551743122468949965e+00 1.837333740909395496e+00 4.618670281826525503e+00 6.162101310716086022e-01 1.220207942336724249e+00 4.083566953074002637e-01 
4.768611697714474678e+09 1.605342305075383592e+03 1.296067914322102979e+03 1.398102092011871642e+19 1.364485982775689045e+05 3.374898030159518089e+37 6.067504653176794549e-02 3.644626740500775009e-06 6.624459348293251824e+05 3.237769980819784999e+08 1.285261292201891138e+03 1.499980231779477702e+00 1.870622939923578754e+00 4.640176349339701467e+00 6.145293483390076306e-01 1.218597832198994979e+00 4.091286082035715532e-01 
4.937047852839003563e+09 1.662045954411152252e+03 1.285099436088145012e+03 1.398102092011871642e+19 1.329679340607128106e+05 3.436654276617348690e+37 6.052915222658327571e-02 3.508306324086940738e-06 6.467595289194358047e+05 3.042866072543715239e+08 1.296276539982576878e+03 1.450167863009102165e+00 1.904341890956214201e+00 4.661400240118425131e+00 6.128826161165790154e-01 1.217016876782476276e+00 4.098918382050160125e-01 
5.111433483440165520e+09 1.720752481163051243e+03 1.273881301618363977e+03 1.398102092011871642e+19 1.295756058253601950e+05 3.499491730596930920e+37 6.038949662846074262e-02 3.375685896975031705e-06 6.313893939496992389e+05 2.858260497800548673e+08 1.306928634560635373e+03 1.402223019860295627e+00 1.938490584359436886e+00 4.682337591406609434e+00 6.112696240198748354e-01 1.215464808454660650e+00 4.106461902076496973e-01 
5.291978735958436966e+09 1.781532630653313618e+03 1.262425247896268502e+03 1.398102092011871642e+19 1.262693915288986609e+05 3.563429321514673874e+37 6.025596125805510878e-02 3.246747411849332547e-06 6.163310735367296729e+05 2.683521398145697415e+08 1.317210176516417960e+03 1.356066427056275003e+00 1.973069252016542041e+00 4.702984816279118796e+00 6.096899881048528647e-01 1.213941230469524957e+00 4.113915538215554002e-01 
5.478901179593934059e+09 1.844459647059357621e+03 1.250743067463487932e+03 1.398102092011871642e+19 1.230471241394225508e+05 3.628486310196822015e+37 6.012842802738003339e-02 3.121467337978509917e-06 6.015801340206601890e+05 2.518226423653140366e+08 1.327114358741471960e+03 1.311622741709506768e+00 2.008077939243666954e+00 4.723337861383578584e+00 6.081433980310169130e-01 1.212445870292528927e+00 4.121277637823995144e-01 
5.672426068491989136e+09 1.909609361677967172e+03 1.238846582105769357e+03 1.398102092011871642e+19 1.199066903140577051e+05 3.694682294681670558e+37 6.000678142477161581e-02 2.999817310201862735e-06 5.871321547064892948e+05 2.361963422904673219e+08 1.336634940863275915e+03 1.268820142113229021e+00 2.043516726710259412e+00 4.743393032978480583e+00 6.066295294612887856e-01 1.210978449443280702e+00 4.128546695947042933e-01 
5.872786613189489365e+09 1.977060284307084885e+03 1.226747621616038714e+03 1.398102092011871642e+19 1.168460291071498650e+05 3.762037216123336771e+37 5.989090943338699902e-02 2.881764404534470728e-06 5.729827280585019616e+05 2.214330790803473592e+08 1.345766286454043666e+03 1.227590148641056089e+00 2.079385737464485295e+00 4.763147153428066716e+00 6.051480349831749317e-01 1.209538683927499303e+00 4.135721353590330329e-01 
6.080224261649427414e+09 2.046893697855455684e+03 1.214458001086597960e+03 1.398102092011871642e+19 1.138631307077315869e+05 3.830571364798953922e+37 5.978069956348914388e-02 2.767271415324700261e-06 5.591274600754585117e+05 2.074937762445781231e+08 1.354503358906451240e+03 1.187867454966696101e+00 2.115685143246456068e+00 4.782596938286782340e+00 6.036985834803796358e-01 1.208126283211170993e+00 4.142800386007264302e-01 
6.294988990221887589e+09 2.119193756293983370e+03 1.201989501542524977e+03 1.398102092011871642e+19 1.109560352056988195e+05 3.900305386220973784e+37 5.967604185321626065e-02 2.656297132546611598e-06 5.455619706512063276e+05 1.943404654180126488e+08 1.362841744802249650e+03 1.149589767919323879e+00 2.152415171253333703e+00 4.801739473608140685e+00 6.022808305036952969e-01 1.206740951395084416e+00 4.149782704617772100e-01 
6.517339604882420540e+09 2.194047586066943950e+03 1.189353850251845870e+03 1.398102092011871642e+19 1.081228313861246570e+05 3.971260287356513373e+37 5.957682968402509133e-02 2.548796618534404806e-06 5.322818940656641498e+05 1.819363055034417808e+08 1.370777615181269539e+03 1.112697656254521439e+00 2.189576110501708861e+00 4.820572355051549351e+00 6.008944103662398062e-01 1.205382387717176984e+00 4.156667354528997271e-01 
6.747544053110686302e+09 2.271545391085225219e+03 1.176562700188237613e+03 1.398102092011871642e+19 1.053616555511498445e+05 4.043457442955577738e+37 5.948295663912351455e-02 2.444721483207378835e-06 5.192828796239147778e+05 1.702455970930676162e+08 1.378307748074735628e+03 1.077134407925721682e+00 2.227168317540530129e+00 4.839093185168602318e+00 5.995389673979725220e-01 1.204050285865883474e+00 4.163453504030993901e-01 
6.985879746785234451e+09 2.351780561428119654e+03 1.163627616539226892e+03 1.398102092011871642e+19 1.026706903688956663e+05 4.116918601990085049e+37 5.939431811684475065e-02 2.344019938813443043e-06 5.065606014804242877e+05 1.592337804377450049e+08 1.385429508206095761e+03 1.042846048187507701e+00 2.265191956406305884e+00 4.857299379481177404e+00 5.982141980260239356e-01 1.202744451582292262e+00 4.170139667637551284e-01 
7.232633896483548164e+09 2.434849785884676294e+03 1.150560051994275454e+03 1.398102092011871642e+19 1.000481637488512642e+05 4.191665894205622136e+37 5.931081238038962006e-02 2.246637468130762597e-06 4.941107438698670594e+05 1.488674640729359686e+08 1.392140845466422434e+03 1.009780939875900563e+00 2.303647429982375261e+00 4.875189102865716606e+00 5.969197423102363675e-01 1.201464605458844037e+00 4.176724971100796435e-01 
7.488103857590030670e+09 2.520853168470170203e+03 1.137371326737237268e+03 1.398102092011871642e+19 9.749234774319693679e+04 4.267721836787865218e+37 5.923233912795305978e-02 2.152517146891727360e-06 4.819289976601472008e+05 1.391144278306185007e+08 1.398440291939423560e+03 9.778896076731536935e-01 2.342535539345610207e+00 4.892761253114106701e+00 5.956551721620413353e-01 1.200210329193254877e+00 4.183209561960008482e-01 
7.752597488629464149e+09 2.609894349058245552e+03 1.124072620997004378e+03 1.398102092011871642e+19 9.500155747352619073e+04 4.345109341145803176e+37 5.915879887937304515e-02 2.061599469329672387e-06 4.700110796765138512e+05 1.299435972061942071e+08 1.404326942767167338e+03 9.471249303799503805e-01 2.381856953233135066e+00 4.910014447261467296e+00 5.944201137133220403e-01 1.198981300148592943e+00 4.189593042998924766e-01 
8.026433522257173538e+09 2.702080628273913590e+03 1.110674956561317003e+03 1.398102092011871642e+19 9.257415008244704222e+04 4.423851719813640033e+37 5.909009477881218414e-02 1.973822797729148047e-06 4.583527256901838118e+05 1.213250487983773798e+08 1.409800454432056085e+03 9.174418962793038368e-01 2.421612437219558878e+00 4.926947708966438633e+00 5.932141796240474330e-01 1.197777191134791863e+00 4.195875131208691711e-01 
8.309941949353386879e+09 2.797523096798047391e+03 1.097189182197446598e+03 1.398102092011871642e+19 9.020852370954091020e+04 4.503972693473552708e+37 5.902613223225571665e-02 1.889123608691828695e-06 4.469496914263459039e+05 1.132300014427993149e+08 1.414861039048502334e+03 8.887975004581268879e-01 2.461802858308178354e+00 4.943560409295534974e+00 5.920369729888784738e-01 1.196597670738535291e+00 4.202055652408571151e-01 
8.603464416684492111e+09 2.896336769239142086e+03 1.083625959412805969e+03 1.398102092011871642e+19 8.790311649117048364e+04 4.585496398101422507e+37 5.896681680055235186e-02 1.807436732348137206e-06 4.357977536380923702e+05 1.056308043953154981e+08 1.419509437429517675e+03 8.611506475726059540e-01 2.502429189052618241e+00 4.959851911221581311e+00 5.908881083627111064e-01 1.195442403124115982e+00 4.208134532355289337e-01 
8.907354638610458374e+09 2.998640722733682196e+03 1.069995750677313481e+03 1.398102092011871642e+19 8.565640558363399759e+04 4.668447392237655952e+37 5.891205646431858095e-02 1.728695583716242623e-06 4.248927111592107685e+05 9.850092278307716548e+07 1.423746901976174968e+03 8.344620593906956207e-01 2.543492511899942521e+00 4.975821944568755484e+00 5.897671897621954429e-01 1.194311049154329840e+00 4.214111796630613527e-01 
9.221978823334341049e+09 3.104558240442070655e+03 1.056308807901636101e+03 1.398102092011871642e+19 8.346690620917345223e+04 4.752850664385273392e+37 5.886176200745846937e-02 1.652832385960857586e-06 4.142303860139928292e+05 9.181492061051040888e+07 1.427575183357187598e+03 8.086941872295414502e-01 2.584994023078420078e+00 4.991470670685334454e+00 5.886738072291821666e-01 1.193203266929284245e+00 4.219987566829569992e-01 
9.547716114208065033e+09 3.214216960113220011e+03 1.042575160717882227e+03 1.398102092011871642e+19 8.133317072434590955e+04 4.838731640537596353e+37 5.881584391887764718e-02 1.579778385172878730e-06 4.038066245940853842e+05 8.554844156679499149e+07 1.430996518383235070e+03 7.838111290869547165e-01 2.626935035809450980e+00 5.006798154248968125e+00 5.876075675130550957e-01 1.192118711271180187e+00 4.225762049751098925e-01 
9.884959046625585556e+09 3.327749027896596999e+03 1.028804607602535725e+03 1.398102092011871642e+19 7.925378771028497431e+04 4.926116191837652074e+37 5.877421493375388495e-02 1.509464055974417025e-06 3.936172987809422193e+05 7.967818782689240575e+07 1.434013612237841016e+03 7.597785507061375343e-01 2.669316983925717146e+00 5.021804788144647702e+00 5.865680693808240642e-01 1.191057034899767997e+00 4.231435538022360054e-01 
1.023411402105452728e+10 3.445291257587250584e+03 1.015006707347724728e+03 1.398102092011871642e+19 7.722738108437777555e+04 5.015030642371706478e+37 5.873679093868569567e-02 1.441819297933015176e-06 3.836583071020941134e+05 7.418189711546918750e+07 1.436629622747190751e+03 7.365636107699000679e-01 2.712141425076570300e+00 5.036491447014620704e+00 5.855548950577911249e-01 1.190017889098019532e+00 4.237008407559681444e-01 
1.059560179277614784e+10 3.566985295495660466e+03 1.001190769983569680e+03 1.398102092011871642e+19 7.525260923289593484e+04 5.105501777099245193e+37 5.870348721530677105e-02 1.376773622639878463e-06 3.739255759483989095e+05 6.903831826353701949e+07 1.438848131525605595e+03 7.141348901426878282e-01 2.755410043090688266e+00 5.050858840052773857e+00 5.845676472260883383e-01 1.189000922977147212e+00 4.242481105573991940e-01 
1.096985797892381859e+10 3.692977791141087437e+03 9.873658507091074625e+02 1.398102092011871642e+19 7.332816416412602121e+04 5.197556849921783657e+37 5.867422117172847729e-02 1.314256330905448408e-06 3.644150607118702028e+05 6.422718542370878905e+07 1.440673126211421277e+03 6.924623243659094873e-01 2.799124650915129298e+00 5.064907972520309443e+00 5.836059225001651862e-01 1.188005784671900322e+00 4.247854151878108220e-01 
1.135733358343102837e+10 3.823420573974131457e+03 9.735407453010383279e+02 1.398102092011871642e+19 7.145277068155209417e+04 5.291223591892948701e+37 5.864891347163885688e-02 1.254196645355098870e-06 3.551227496473815409e+05 5.972918997843189538e+07 1.442108986668543366e+03 6.715171737046231604e-01 2.843287075779806550e+00 5.078640196640002102e+00 5.826693175682360337e-01 1.187032156664533877e+00 4.253127836772157555e-01 
1.175849554052158165e+10 3.958470836341470203e+03 9.597239828040528664e+02 1.398102092011871642e+19 6.962518557665109984e+04 5.386530219572307072e+37 5.862748412395657471e-02 1.196523904049466298e-06 3.460446627830369398e+05 5.552595415650604665e+07 1.443160461530375642e+03 6.512719313924445474e-01 2.887899245280569627e+00 5.092056647669627623e+00 5.817574533855752739e-01 1.186079726196321182e+00 4.258302437162796439e-01 
1.217382727739661980e+10 4.098291322913170006e+03 9.459238183465480461e+02 1.398102092011871642e+19 6.784419684087137284e+04 5.483505443525391824e+37 5.860985513337730463e-02 1.141167809785083486e-06 3.371768444557540352e+05 5.160000574571333826e+07 1.443832649724534804e+03 6.317001615127836311e-01 2.932963579909199314e+00 5.105159150457620143e+00 5.808698958690068359e-01 1.185148076259478156e+00 4.263379201541190877e-01 
1.260382929679727364e+10 4.243050526801078377e+03 9.321482354104178967e+02 1.398102092011871642e+19 6.610862289636713103e+04 5.582178476972667417e+37 5.859595146243696401e-02 1.088058398807511742e-06 3.285153775249585742e+05 4.793474314172489941e+07 1.444130976963693001e+03 6.127766091267400350e-01 2.978482429371039242e+00 5.117949697086539018e+00 5.800062284606378737e-01 1.184236853630302955e+00 4.268358898963701131e-01 
1.304901978014401627e+10 4.392922892604320623e+03 9.184049401188248112e+02 1.398102092011871642e+19 6.441731184507805301e+04 5.682579044589785269e+37 5.858569793389829805e-02 1.037126236193823877e-06 3.200563795344704413e+05 4.451440825477872044e+07 1.444061174977921837e+03 5.944770848210844116e-01 3.024458282746866011e+00 5.130430161372343534e+00 5.791660514521436154e-01 1.183345704958451039e+00 4.273242348806179924e-01 
1.350993521198025131e+10 4.548089026626814302e+03 9.047013597809757357e+02 1.398102092011871642e+19 6.276914073574208305e+04 5.784737391461992469e+37 5.857902088760111314e-02 9.883025346137293779e-07 3.117960037635572953e+05 4.132405675495736301e+07 1.443629259315271156e+03 5.767784152299663125e-01 3.070893770004266443e+00 5.142602581681458673e+00 5.783489660039411451e-01 1.182474277606730739e+00 4.278030420326511818e-01 
1.398713102647235870e+10 4.708735914520045299e+03 8.910446419787060677e+02 1.398102092011871642e+19 6.116301484844281367e+04 5.888684292195278666e+37 5.857584947584089374e-02 9.415192636851568012e-07 3.037304402500318829e+05 3.834952820492291451e+07 1.442841512150978360e+03 5.596583960614257558e-01 3.117791663141415093e+00 5.154469384683254773e+00 5.775545617736194126e-01 1.181622220322084971e+00 4.282724031292959310e-01 
1.448118227674535942e+10 4.875057146613395162e+03 8.774416535372599810e+02 1.398102092011871642e+19 5.959786699629788200e+04 5.994451060187060543e+37 5.857611306546790103e-02 8.967092506719804793e-07 2.958559168247812777e+05 3.557741623417632282e+07 1.441704462007000529e+03 5.430957474092191761e-01 3.165154877577876835e+00 5.166032924896412304e+00 5.767824421460547857e-01 1.180789182982336483e+00 4.287324140894208102e-01 
1.499268432786047173e+10 5.047253151203469315e+03 8.638989804596325257e+02 1.398102092011871642e+19 5.807265684390422393e+04 6.102069557059119263e+37 5.857974217787195736e-02 8.538062711718726922e-07 2.881687000514047686e+05 3.299503879259800911e+07 1.440224861560839599e+03 5.270700715943381631e-01 3.212986471429659208e+00 5.177295643311844664e+00 5.760322152869908896e-01 1.179974816718859287e+00 4.291831744441004237e-01 
1.552225357427047920e+10 5.225531436083811968e+03 8.504229296598255132e+02 1.398102092011871642e+19 5.658637024215947895e+04 6.211572202255783898e+37 5.858667002928013429e-02 8.127451325442218369e-07 2.806650961499732803e+05 3.059040870197134092e+07 1.438409668378327524e+03 5.115618123982602627e-01 3.261289648283079767e+00 5.188260336787209326e+00 5.753034792762641292e-01 1.179178775181378036e+00 4.296247877683840866e-01 
1.607052818261638451e+10 5.410106838605717712e+03 8.370195292902621986e+02 1.398102092011871642e+19 5.513801857909258251e+04 6.322991982810068656e+37 5.859683027451347004e-02 7.734617477572490726e-07 2.733414518864646670e+05 2.835220449286492169e+07 1.436266025732381877e+03 4.965522170437257077e-01 3.310067755923935984e+00 5.198929754351138577e+00 5.745958440206202500e-01 1.178400713719666149e+00 4.300573605623760898e-01 
1.663816886076127434e+10 5.601201784571736425e+03 8.236945310241019342e+02 1.398102092011871642e+19 5.372663814633747097e+04 6.436362463280830614e+37 5.861015745866435950e-02 7.358932019393221882e-07 2.661941554089152487e+05 2.626974168964281306e+07 1.433801242754739405e+03 4.820232995326207415e-01 3.359324287599533498e+00 5.209306672289811146e+00 5.739089268574683045e-01 1.177640289992349265e+00 4.304810022290606608e-01 
1.722585965398783875e+10 5.799046556273759052e+03 8.104534128323352888e+02 1.398102092011871642e+19 5.235128952089490485e+04 6.551717795863893761e+37 5.862658871919720210e-02 6.999778107270227206e-07 2.592196370175796037e+05 2.433294457086122781e+07 1.431022775785088470e+03 4.679578059373399324e-01 3.409062882187511079e+00 5.219394192957480527e+00 5.732423362634496700e-01 1.176897164614956415e+00 4.308958250656699240e-01 
1.783430876931905746e+10 6.003879569998706756e+03 7.973013813942385468e+02 1.398102092011871642e+19 5.101105696183299733e+04 6.669092730680197564e+37 5.864606176230861140e-02 6.656551714313567683e-07 2.524143699239921698e+05 2.253231850379384682e+07 1.427938209801524408e+03 4.543391814313380017e-01 3.459287324108712980e+00 5.229195381434773360e+00 5.725956913127742132e-01 1.176171000785547038e+00 4.313019435784311573e-01 
1.846424942895546341e+10 6.215947663336250116e+03 7.842433755080350011e+02 1.398102092011871642e+19 4.970504782158447779e+04 6.788522626244090591e+37 5.866851498729022674e-02 6.328662070427124110e-07 2.457748709404956899e+05 2.085892289283741638e+07 1.424555241017712888e+03 4.411515388612666788e-01 3.510001543375762534e+00 5.238713283112382157e+00 5.719686204354873515e-01 1.175461464521674104e+00 4.316994742423292952e-01 
1.911644075385703659e+10 6.435506392634646545e+03 7.712840703165809373e+02 1.398102092011871642e+19 4.843239197150621476e+04 6.910043460114814170e+37 5.869388930478414840e-02 6.015532034705273931e-07 2.392977011062615202e+05 1.930434479478745535e+07 1.420881659745098432e+03 4.283796287929620417e-01 3.561209615819093344e+00 5.247951245268501985e+00 5.713607440186363462e-01 1.174768225392982091e+00 4.320885356349895567e-01 
1.979166867853557205e+10 6.662820340963516173e+03 7.584278809937666210e+02 1.398102092011871642e+19 4.719224124137069884e+04 7.033691839734617761e+37 5.872212624369703426e-02 5.716598404958588845e-07 2.329794662948295299e+05 1.786067325087075680e+07 1.416925334099029442e+03 4.160088111131364230e-01 3.612915762654805185e+00 5.256912575863892378e+00 5.707716924932300095e-01 1.174090956124379526e+00 4.324692477973705040e-01 
2.049074689815846252e+10 6.898163436954177087e+03 7.456789672430028304e+02 1.398102092011871642e+19 4.598376887247058767e+04 7.159505013456482995e+37 5.875316788615853741e-02 5.431312166593128545e-07 2.268168177547787200e+05 1.652047436114469916e+07 1.412694194552570252e+03 4.040250279435417813e-01 3.665124350245642759e+00 5.265600528120128132e+00 5.702011068631428481e-01 1.173429332734716057e+00 4.328417319903086757e-01 
2.121451784910627747e+10 7.141819284902133404e+03 7.330412385555366654e+02 1.398102092011871642e+19 4.480616898401950311e+04 7.287520881764981178e+37 5.878695876179519664e-02 5.159138684477039437e-07 2.208064525844554882e+05 1.527676713011636585e+07 1.408196217553481802e+03 3.924147778045120050e-01 3.717839890120464563e+00 5.274018637533568032e+00 5.696486206200753744e-01 1.172783035253517347e+00 4.332061108849480369e-01 
2.196385372416542435e+10 7.394081506529380931e+03 7.205183588659403995e+02 1.398102092011871642e+19 4.365865605254119146e+04 7.417778008693578406e+37 5.882344400272870172e-02 4.899557842514755926e-07 2.149451141864168167e+05 1.412300011205572635e+07 1.403439411144522182e+03 3.811650911182888346e-01 3.771067038324863674e+00 5.282170388549328521e+00 5.691138772528245848e-01 1.172151747299140734e+00 4.335625079646894253e-01 
2.273965752357932281e+10 7.655254094818392332e+03 7.081137518736642278e+02 1.398102092011871642e+19 4.254046440394506499e+04 7.550315633441843171e+37 5.886256920106885254e-02 4.652064133234866267e-07 2.092295926571866148e+05 1.305302886433773302e+07 1.398431801203565556e+03 3.702635068351302072e-01 3.824810594981112644e+00 5.290059185980877210e+00 5.685965314719835240e-01 1.171535156156744639e+00 4.339110472991224987e-01 
2.354286414322420120e+10 7.925651780344038343e+03 6.958306070392791298e+02 1.398102092011871642e+19 4.145084771799327427e+04 7.685173682195955628e+37 5.890428234881684572e-02 4.416166700850884801e-07 2.036567251118190761e+05 1.206109421972587518e+07 1.393181417973844418e+03 3.596980501220789495e-01 3.879075504167221133e+00 5.297688701853336291e+00 5.680962307443474524e-01 1.170932953474650651e+00 4.342518537824903713e-01 
2.437444150122221756e+10 8.205600410545332124e+03 6.836718849148340951e+02 1.398102092011871642e+19 4.038907854486779979e+04 7.822392780156340794e+37 5.894853196923656447e-02 4.191389342257450577e-07 1.982233959883743082e+05 1.114180138897687569e+07 1.387696283087704160e+03 3.494572112082486304e-01 3.933866853103102912e+00 5.305062537389337862e+00 5.676126329095827483e-01 1.170344834799676548e+00 4.345850525583096480e-01 
2.523539170434766006e+10 8.495437342393432118e+03 6.716403230446362613e+02 1.398102092011871642e+19 3.935444783355711843e+04 7.962014263775706794e+37 5.899526699226173565e-02 3.977270468156615799e-07 1.929265372900522198e+05 1.029009988869139925e+07 1.381984397383999521e+03 3.395299251875110724e-01 3.989189871587777159e+00 5.312184198364608534e+00 5.671454071972402700e-01 1.169770499627291294e+00 4.349107688280905992e-01 
2.612675225563326645e+10 8.795511848929563712e+03 6.597384424374990886e+02 1.398102092011871642e+19 3.834626447178330272e+04 8.104080193211420924e+37 5.904443871547317840e-02 3.773363027530004268e-07 1.877631287652690371e+05 9.501264292016871274e+06 1.376053729662673049e+03 3.299055527281405387e-01 4.045049931796304676e+00 5.319057447111763537e+00 5.666942156267805730e-01 1.169209652074943984e+00 4.352291281300277870e-01 
2.704959730463131714e+10 9.106185540162588950e+03 6.479685533135585729e+02 1.398102092011871642e+19 3.736385483719893818e+04 8.248633364995895654e+37 5.909599884798893282e-02 3.579234399533363755e-07 1.827301980694243393e+05 8.770875800625076517e+06 1.369912205885245157e+03 3.205738617832643578e-01 4.101452547345527222e+00 5.325685948545578086e+00 5.662587313328983907e-01 1.168662000358924313e+00 4.355402557687280130e-01 
2.800503894183625412e+10 9.427832798833431298e+03 6.363327613679484784e+02 1.398102092011871642e+19 3.640656235958856269e+04 8.395717324928789857e+37 5.914989948774726503e-02 3.394466254765359964e-07 1.778248208667900471e+05 8.094804623110784218e+06 1.363567698812923709e+03 3.115250101145518591e-01 4.158403372679165599e+00 5.332073264601247864e+00 5.658386385918934280e-01 1.168127256846389628e+00 4.358442766741609242e-01 
2.899422853882881165e+10 9.760841231571563185e+03 6.248329744927418687e+02 1.398102092011871642e+19 3.547374709381465073e+04 8.545376381194946705e+37 5.920609508269072258e-02 3.218654388839943726e-07 1.730441208752485691e+05 7.469193148095454089e+06 1.357028018531879979e+03 3.027495285929264757e-01 4.215908202832292950e+00 5.338223207330718090e+00 5.654336142948565014e-01 1.167605138704002288e+00 4.361413157132342233e-01 
3.001835813575592041e+10 1.010561213598696486e+04 6.134709087193849655e+02 1.398102092011871642e+19 3.456478530325504835e+04 8.697655617711897135e+37 5.926454032903147318e-02 3.051408531877554559e-07 1.683852698956497479e+05 6.890439901193575934e+06 1.350300903680622241e+03 2.942383053675633464e-01 4.273972972411847593e+00 5.344139458674468379e+00 5.650433475199932998e-01 1.167095367302027897e+00 4.364314971077855043e-01 
3.107866187782014084e+10 1.046256098426103381e+04 6.022480946597124785e+02 1.398102092011871642e+19 3.367906905348152213e+04 8.852600907711243241e+37 5.932519032653208596e-02 2.892352135546705396e-07 1.638454877838045359e+05 6.355184264414267614e+06 1.343394013191316617e+03 2.859825707224920577e-01 4.332603754993101575e+00 5.349825597739950922e+00 5.646675378707072257e-01 1.166597668295660029e+00 4.367149443581937462e-01 
3.217641750250735474e+10 1.083211792381840496e+04 5.911658842874828679e+02 1.398102092011871642e+19 3.281600581593878451e+04 9.010258927557627696e+37 5.938800252121114592e-02 2.741122140278702378e-07 1.594220423714835197e+05 5.860291940250309184e+06 1.336314918453078008e+03 2.779738826017575937e-01 4.391806762892912275e+00 5.355285451286142973e+00 5.643058772053739514e-01 1.166111772247793610e+00 4.369917805807807532e-01 
3.331294787934670258e+10 1.121472829568364614e+04 5.802254568928788103e+02 1.398102092011871642e+19 3.197501808138468186e+04 9.170677170809732016e+37 5.945293440413228908e-02 2.597368725776521747e-07 1.551122493757349148e+05 5.402841143474319950e+06 1.329071096258462376e+03 2.702041128899239641e-01 4.451588346091416071e+00 5.360522677728322805e+00 5.639580709459437458e-01 1.165637413946762679e+00 4.372621278978034987e-01 
3.448962260405752563e+10 1.161085317114720419e+04 5.694278255469097303e+02 1.398102092011871642e+19 3.115554298285972254e+04 9.333903962527435733e+37 5.951994391535480461e-02 2.460755046094881556e-07 1.509134722533302265e+05 4.980109495319459587e+06 1.321669922283060714e+03 2.626654342707018253e-01 4.511954991696943473e+00 5.365540839992005040e+00 5.636238340919705880e-01 1.165174332542979307e+00 4.375261074397043815e-01 
3.570785964900469971e+10 1.202096990738745080e+04 5.587738437874037345e+02 1.398102092011871642e+19 3.035703192795860014e+04 9.499988473829478217e+37 5.958899135061684893e-02 2.330956951605077046e-07 1.468231220111650473e+05 4.589561598873192444e+06 1.314118665032593299e+03 2.553503076635958990e-01 4.572913323761094162e+00 5.370343749882713347e+00 5.633028733762263096e-01 1.164722272144585347e+00 4.377838397014440774e-01 
3.696912707195031738e+10 1.244557272271805232e+04 5.482642114376988047e+02 1.398102092011871642e+19 2.957895024018213735e+04 9.668980736705886507e+37 5.966003681026058048e-02 2.207662700472925028e-07 1.428386570091619215e+05 4.228837275102047250e+06 1.306424480460403629e+03 2.482514703195063399e-01 4.634470102159853333e+00 5.374935007483942151e+00 5.629949107579838019e-01 1.164280981035688445e+00 4.380354438887717472e-01 
3.827494478516314697e+10 1.288517329215465907e+04 5.378994809708534603e+02 1.398102092011871642e+19 2.882077680915084056e+04 9.840931659089953844e+37 5.973304091852556230e-02 2.090572660567134112e-07 1.389575827106543293e+05 3.895740432408614084e+06 1.298594407030670936e+03 2.413619243990316465e-01 4.696632222178301674e+00 5.379318131511999113e+00 5.626996765248831744e-01 1.163850211893248776e+00 4.382810380129431582e-01 
3.962688638701478577e+10 1.334030136401759228e+04 5.276800639972584577e+02 1.398102092011871642e+19 2.808200374946986267e+04 1.001589304019386604e+38 5.980796667720645471e-02 1.979399002181633334e-07 1.351774514546749997e+05 3.588228545708816499e+06 1.290635361212772978e+03 2.346749265520143291e-01 4.759406705957427874e+00 5.383496889675400077e+00 5.624168925206732839e-01 1.163429723370910995e+00 4.385207377387489447e-01 
4.102658105827190399e+10 1.381150539831432070e+04 5.176062368375407914e+02 1.398102092011871642e+19 2.736213606803624862e+04 1.019391758611292661e+38 5.988477661749394554e-02 1.873865386901491847e-07 1.314958621825364244e+05 3.304402725838231388e+06 1.282554133432969138e+03 2.281839776955539301e-01 4.822800697422142235e+00 5.387474783697212111e+00 5.621462984009057973e-01 1.163019279556836150e+00 4.387546550487533836e-01 
4.247571552536894226e+10 1.429935322767076468e+04 5.076781465381524754e+02 1.398102092011871642e+19 2.666069133958616658e+04 1.037505892570298213e+38 5.996343389728321649e-02 1.773706663949985815e-07 1.279104596388308855e+05 3.042498360112438444e+06 1.274357384918112757e+03 2.218828091850235940e-01 4.886821531001278807e+00 5.391255284217259636e+00 5.618876374118674244e-01 1.162618642186841633e+00 4.389829107358368954e-01 
4.397603609302712250e+10 1.480443274160786314e+04 4.978958172424503914e+02 1.398102092011871642e+19 2.597719939028381850e+04 1.055937162673577964e+38 6.004390408552012087e-02 1.678668533407747481e-07 1.244189346427848213e+05 2.800876266455927398e+06 1.266051644407325966e+03 2.157653787638468268e-01 4.951476639481779962e+00 5.394842103672572442e+00 5.616406451773874320e-01 1.162227582295489503e+00 4.392056181628373190e-01 
4.552935074866938019e+10 1.532735259498809683e+04 4.882591553366318635e+02 1.398102092011871642e+19 2.531120198915822039e+04 1.074691121233719759e+38 6.012615197247878074e-02 1.588507233375832062e-07 1.210190234656846442e+05 2.578014385967898648e+06 1.257643305144074247e+03 2.098258593791534066e-01 5.016773588299546560e+00 5.398238641877904698e+00 5.614050766722904484e-01 1.161845874825613745e+00 4.394228889342869371e-01 
4.713753134116728973e+10 1.586874294148568333e+04 4.787679553523766458e+02 1.398102092011871642e+19 2.466225254719840450e+04 1.093773417771329937e+38 6.021014310651331275e-02 1.502989218634537060e-07 1.177085074150794826e+05 2.372499958914888091e+06 1.249138623145483962e+03 2.040586305122440713e-01 5.082720075472896504e+00 5.401448264219530060e+00 5.611806918991214532e-01 1.161473299079657240e+00 4.396348332137728354e-01 
4.880251583654433441e+10 1.642925619296397781e+04 4.694219057466241907e+02 1.398102092011871642e+19 2.402991582392250348e+04 1.113189800716906772e+38 6.029584549024288170e-02 1.421890839734166292e-07 1.144852123974708229e+05 2.183022169265473261e+06 1.240543715333156797e+03 1.984582698959297953e-01 5.149323931641029972e+00 5.404474607397031782e+00 5.609672402765295551e-01 1.161109639225397672e+00 4.398415600924188706e-01 
5.052631065335679626e+10 1.700956780567612805e+04 4.602205937363697785e+02 1.398102092011871642e+19 2.341376764123872272e+04 1.132946119142537177e+38 6.038322600961799208e-02 1.344998023866783388e-07 1.113470084859696217e+05 2.008365236146411160e+06 1.231864557264054156e+03 1.930195456730309789e-01 5.216593118922660643e+00 5.407320938728476634e+00 5.607644929962779523e-01 1.160754683131618226e+00 4.400431767260432059e-01 
5.231099308056258392e+10 1.761037709423515116e+04 4.511635108865230563e+02 1.398102092011871642e+19 2.281339460442317068e+04 1.153048324523886247e+38 6.047225246563609630e-02 1.272105957496794801e-07 1.082918094417933316e+05 1.847401927632188424e+06 1.223106982268363254e+03 1.877374088238810135e-01 5.284535731088770838e+00 5.409990523060426604e+00 5.605722242709972880e-01 1.160408222970502390e+00 4.402397887854456737e-01 
5.415871378079464722e+10 1.823240807433523150e+04 4.422500584676897120e+02 1.398102092011871642e+19 2.222839383004072079e+04 1.173502472533045971e+38 6.056289516610794538e-02 1.203018772060634669e-07 1.053175722214817069e+05 1.699087476935765240e+06 1.214276680638060725e+03 1.826069859363082803e-01 5.353159993711776643e+00 5.412486909012365288e+00 5.603901967734820078e-01 1.160070055686767798e+00 4.404315008179617852e-01 
5.607169938205469513e+10 1.887641033523953229e+04 4.334795518568854504e+02 1.398102092011871642e+19 2.165837268064080854e+04 1.194314724862774813e+38 6.065512293727447213e-02 1.137549233744872557e-07 1.024222964930517192e+05 1.562453880834789714e+06 1.205379199590093322e+03 1.776235723650248233e-01 5.422474262998574268e+00 5.414813215493159859e+00 5.602181975804173542e-01 1.159739981683816534e+00 4.406184152850112223e-01 
5.805225516094907379e+10 1.954315994308546942e+04 4.248512257854113159e+02 1.398102092011871642e+19 2.110294850606374894e+04 1.215491351082660327e+38 6.074890574154228479e-02 1.075518437099906616e-07 9.960402410728746327e+04 1.436604557921563042e+06 1.196419942756838964e+03 1.727826256050374321e-01 5.492487026247370174e+00 5.416972602921497071e+00 5.600560142239969785e-01 1.159417805611153263e+00 4.408006331682617351e-01 
6.010276782070388031e+10 2.023346037609718769e+04 4.163642392411991864e+02 1.398102092011871642e+19 2.056174839119566968e+04 1.237038730527806956e+38 6.084421594890906948e-02 1.016755502558712351e-07 9.686083862506432342e+04 1.320709348210887052e+06 1.187404169763109849e+03 1.680797594763998315e-01 5.563206888111227322e+00 5.418968495427202825e+00 5.599034237395448255e-01 1.159103338031774344e+00 4.409782520484692991e-01 
6.222570836730231476e+10 2.094814349283066986e+04 4.080176794583780975e+02 1.398102092011871642e+19 2.003440891001637647e+04 1.258963354220562087e+38 6.094102429900877943e-02 9.610972815763186302e-08 9.419086475095484639e+04 1.213999837303485256e+06 1.178336996261315790e+03 1.635107378031555592e-01 5.634642576428182004e+00 5.420803864491242408e+00 5.597602284749503276e-01 1.158796393310195016e+00 4.411513663357198856e-01 
6.442363508721369934e+10 2.168807053461946634e+04 3.998105666798789457e+02 1.398102092011871642e+19 1.952057588578557261e+04 1.281271826825902558e+38 6.103930278149913985e-02 9.083880700630131469e-08 9.159226752817760280e+04 1.115764985430689994e+06 1.169223394833872362e+03 1.590714666902122432e-01 5.706802999389849695e+00 5.422481768694581206e+00 5.596262274858766483e-01 1.158496785365823012e+00 4.413200768201441804e-01 
6.669919663030114746e+10 2.245413316342854887e+04 3.917418586768722548e+02 1.398102092011871642e+19 1.901990415721798854e+04 1.303970868641049456e+38 6.113902561676411856e-02 8.584793181526929447e-08 8.906325212139845826e+04 1.025347039286147570e+06 1.160068195502565004e+03 1.547579918082476191e-01 5.779697168234790183e+00 5.424005496597785303e+00 5.595012111061460347e-01 1.158204335211740155e+00 4.414844785346341283e-01 
6.905513520162316895e+10 2.324725453636709062e+04 3.838104543377365871e+02 1.398102092011871642e+19 1.853205735050105068e+04 1.327067317619921308e+38 6.124016541264663133e-02 8.112293550201339285e-08 8.660206312972388696e+04 9.421377193773338804e+05 1.150876086825335051e+03 1.505664920971505893e-01 5.853334224394624918e+00 5.425377896486912377e+00 5.593849938869011051e-01 1.157918866977058370e+00 4.416446643429604024e-01 
7.149428986597561646e+10 2.406839041815500605e+04 3.760151980581539988e+02 1.398102092011871642e+19 1.805670765701203345e+04 1.350568131433024489e+38 6.134269603992021508e-02 7.665031176515198418e-08 8.420698399564143620e+04 8.655746601356669562e+05 1.141651616865191272e+03 1.464932746733341729e-01 5.927723440385003428e+00 5.426601890554212382e+00 5.592773886345979717e-01 1.157640208779568525e+00 4.418007256482958112e-01 
7.401959996915652466e+10 2.491853033288398365e+04 3.683548836950469649e+02 1.398102092011871642e+19 1.759353561659511979e+04 1.374480389563417031e+38 6.144659344521768984e-02 7.241718866084100988e-08 8.187633641651486687e+04 7.951380899581314297e+05 1.132399194407208370e+03 1.425347699794465572e-01 6.002874220194427402e+00 5.427680619828280761e+00 5.591781990721139683e-01 1.157368192940832374e+00 4.419527526046299615e-01 
7.663410868007463074e+10 2.579869875646030050e+04 3.608282578246295316e+02 1.398102092011871642e+19 1.714222990626246974e+04 1.398811295439347453e+38 6.155183198679756162e-02 6.841130290141086097e-08 7.960847976713671233e+04 7.303477367941855919e+05 1.123123090644762442e+03 1.386875271875497861e-01 6.078796098378969504e+00 5.428616796651189347e+00 5.590872522592482685e-01 1.157102654739111447e+00 4.421008332072117186e-01 
7.934096665797491455e+10 2.670995635116796984e+04 3.534340236919623521e+02 1.398102092011871642e+19 1.670248713418524494e+04 1.423568178604264150e+38 6.165838730133832435e-02 6.462097483861222718e-08 7.740181049275309488e+04 6.707599445439794799e+05 1.113827440625784448e+03 1.349482097253226209e-01 6.155498741119209249e+00 5.429413215264835557e+00 5.590043728725920813e-01 1.156843433285559275e+00 4.422450540139765129e-01 
8.214343584919421387e+10 2.765340124383788498e+04 3.461708447248380480e+02 1.398102092011871642e+19 1.627401163884585367e+04 1.448758496924785410e+38 6.176623694536977766e-02 6.103508418221132275e-08 7.525476150749358931e+04 6.159649880567782093e+05 1.104516245408476379e+03 1.313135910156914277e-01 6.232991946700244590e+00 5.430072865786070402e+00 5.589293774344947785e-01 1.156590371683874130e+00 4.423855003216725645e-01 
8.504489341802668762e+10 2.863017034916478224e+04 3.390373474289871751e+02 1.398102092011871642e+19 1.585651529322381248e+04 1.474389838837342609e+38 6.187535691587799785e-02 5.764304646296611680e-08 7.316580160424317000e+04 5.655845743410134455e+05 1.095193373769227264e+03 1.277805504355489508e-01 6.311285644747803403e+00 5.430598322405115752e+00 5.588621049037744148e-01 1.156343315831159124e+00 4.425222552957961963e-01 
8.804883581643446350e+10 2.964144073976607615e+04 3.320321249133772312e+02 1.398102092011871642e+19 1.544971731389148772e+04 1.500469925634149186e+38 6.198572450504707954e-02 5.443479020123276383e-08 7.113343483989969536e+04 5.192695174949374050e+05 1.085862564876241549e+03 1.243460693790103405e-01 6.390389897451904666e+00 5.430992249542906158e+00 5.588023912278533567e-01 1.156102115297954258e+00 4.426554007031096583e-01 
9.115888299750837708e+10 3.068843106463385993e+04 3.251537399841329830e+02 1.398102092011871642e+19 1.505334407489893420e+04 1.527006613789202252e+38 6.209731877134861550e-02 5.140073481717465808e-08 6.915619992844072112e+04 4.766975769048286602e+05 1.076527426958849219e+03 1.210072275090199462e-01 6.470314900134392033e+00 5.431257485295954979e+00 5.587500651116459327e-01 1.155866623432735940e+00 4.427850170506197336e-01 
9.437878277775390625e+10 3.177240301768856443e+04 3.184007276928668375e+02 1.398102092011871642e+19 1.466712892632995499e+04 1.554007897324982879e+38 6.221011724478760219e-02 4.853176928118156330e-08 6.723266964567940158e+04 4.375714481711486587e+05 1.067191441040147311e+03 1.177611991983103096e-01 6.551070980628746376e+00 5.431396465210663216e+00 5.587049768003570227e-01 1.155636696212473113e+00 4.429111827548759539e-01 
9.771241535346501160e+10 3.289466285820596386e+04 3.117715984594558449e+02 1.398102092011871642e+19 1.429081201741352379e+04 1.581481910220631234e+38 6.232409876646955588e-02 4.581923146579110623e-08 6.536145021375902434e+04 4.016168962759989081e+05 1.057857963404946986e+03 1.146052500593302687e-01 6.632668600670007741e+00 5.431411723258588786e+00 5.586669729309031718e-01 1.155412193126456932e+00 4.430339748839393632e-01 
1.011637979766206970e+11 3.405656298494713701e+04 3.052648407715597045e+02 1.398102092011871642e+19 1.392414012407901646e+04 1.609436928862245028e+38 6.243924379781049666e-02 4.325488822345823995e-08 6.354118069543628371e+04 3.685810221459027380e+05 1.048530227958039859e+03 1.115367336407296073e-01 6.715118356547639777e+00 5.431305946488790504e+00 5.586358937487752030e-01 1.155192977228283846e+00 4.431534692594455982e-01 
1.047370897959448700e+11 3.525950356589027069e+04 2.988789234054831923e+02 1.398102092011871642e+19 1.356686648084480294e+04 1.637881374536096352e+38 6.255553130172522569e-02 4.083091618122018096e-08 6.177053240020103840e+04 3.382306537371859304e+05 1.039211348811537391e+03 1.085530882876121900e-01 6.798430978626806009e+00 5.431081432696100109e+00 5.586116001792468255e-01 1.154978914034842319e+00 4.432697396629891595e-01 
1.084365968689608612e+11 3.650493422552746051e+04 2.926122981719836389e+02 1.398102092011871642e+19 1.321875061693331918e+04 1.666823815965496202e+38 6.267294156462620280e-02 3.853988321449577990e-08 6.004820827394298249e+04 3.103508529152583797e+05 1.029904323259640250e+03 1.056518340775475101e-01 6.882617332903967267e+00 5.430740585626567807e+00 5.585939489975888517e-01 1.154769872413954124e+00 4.433828585863023308e-01 
1.122667773510811310e+11 3.779435579175998282e+04 2.864634022507041777e+02 1.398102092011871642e+19 1.287955819650801277e+04 1.696272971892071169e+38 6.279145636149165155e-02 3.637473061532809677e-08 5.837294229996151989e+04 2.847435307155649061e+05 1.020612032907240859e+03 1.028305699041043436e-01 6.967688421744851368e+00 5.430285944196379333e+00 5.585827913225621666e-01 1.154565724589440068e+00 4.434928972991676321e-01 
1.162322468679849396e+11 3.912932210449700506e+04 2.804306601048563721e+02 1.398102092011871642e+19 1.254906086293009685e+04 1.726237713702233927e+38 6.291105599320856445e-02 3.432875594100901659e-08 5.674349891192746145e+04 2.612261635865447170e+05 1.011337248032896127e+03 1.000869707022984945e-01 7.053655383540530899e+00 5.429719670423753364e+00 5.585779981673906214e-01 1.154366345083397416e+00 4.435999250878526201e-01 
1.203377840777590485e+11 4.051144188813767687e+04 2.745124858779354327e+02 1.398102092011871642e+19 1.222703608693547176e+04 1.756727068099641266e+38 6.303172208989475667e-02 3.239559650682547732e-08 5.515867239365258865e+04 2.396306034027946007e+05 1.002082627782047553e+03 9.741878473847574715e-02 7.140529494427636514e+00 5.429044038537046646e+00 5.585794359361327954e-01 1.154171611607865966e+00 4.437040100126221076e-01 
1.245883364295008087e+11 4.194238069019177783e+04 2.687072853948857869e+02 1.398102092011871642e+19 1.191326701863485869e+04 1.787750219824417518e+38 6.315343766107606172e-02 3.056921353139378150e-08 5.361728629135671508e+04 2.198019750917578349e+05 9.928507220936680824e+02 9.482383103098628030e-02 7.228322169115382501e+00 5.428261444082550291e+00 5.585869659257663988e-01 1.153981405032511232e+00 4.438052189476301979e-01 
1.289890261253308105e+11 4.342386288837772008e+04 2.630134577924006862e+02 1.398102092011871642e+19 1.160754234324163917e+04 1.819316514420031590e+38 6.327618425538295011e-02 2.884387691739450205e-08 5.211819283802543214e+04 2.015976557542954979e+05 9.836439759232067672e+02 9.229999689430690157e-02 7.317044960663263709e+00 5.427373916087852912e+00 5.586004686662261465e-01 1.153795608360006275e+00 4.439036168425469775e-01 
1.335451562929897461e+11 4.495767376861329103e+04 2.574293975956578038e+02 1.398102092011871642e+19 1.130965614043572896e+04 1.851435461048568226e+38 6.339994474600375851e-02 2.721415063327670815e-08 5.066027236730246659e+04 1.848863293589261011e+05 9.744647311059591175e+02 8.984523553774731441e-02 7.406709562365341171e+00 5.426383600110591843e+00 5.586198197329034221e-01 1.153614107622410900e+00 4.439992674871525713e-01 
1.382622173764653625e+11 4.654566167640572530e+04 2.519534964194548081e+02 1.398102092011871642e+19 1.101940774727242024e+04 1.884116735355313629e+38 6.352470330918140451e-02 2.567487869933538618e-08 4.924243274064565048e+04 1.695471119354184193e+05 9.653152287405308698e+02 8.745756378012155274e-02 7.497327808676477190e+00 5.425292754882283575e+00 5.586448898741943614e-01 1.153436791825961150e+00 4.440922335334991367e-01 
1.431458937523481445e+11 4.818974024423280207e+04 2.465801938553197488e+02 1.398102092011871642e+19 1.073660162454840065e+04 1.917370182383489213e+38 6.360604112051841674e-02 2.422125136589724556e-08 4.786371852474089246e+04 1.554696096638414892e+05 9.561994828815684286e+02 8.513536563699639070e-02 7.588893950389040022e+00 5.416524438390119656e+00 5.590547697186385445e-01 1.153248044742622991e+00 4.441703487296613795e-01 
1.482020705798860168e+11 4.989189069759823178e+04 2.412917229187362125e+02 1.398102092011871642e+19 1.046104722653897625e+04 1.951205819539999379e+38 6.346880862655590594e-02 2.284894710206402375e-08 4.652354336845811486e+04 1.425546775991083705e+05 9.471272070608521290e+02 8.287803314302991109e-02 7.681342571351890136e+00 5.370408438411857333e+00 5.613472752899323348e-01 1.152982131518371478e+00 4.441813790610989465e-01 
1.534368408930013123e+11 5.165416424254306912e+04 2.360838303957151538e+02 1.398102092011871642e+19 1.019255887402216831e+04 1.985633839613140811e+38 6.312052703704180978e-02 2.155360987456021117e-08 4.522099883175417199e+04 1.307081488578802382e+05 9.381024433251994878e+02 8.068405358684166417e-02 7.774656366531815799e+00 5.288906806210070144e+00 5.654783274016408345e-01 1.152623929163510308e+00 4.441104924318582392e-01 
1.588565129428052673e+11 5.347868453748653701e+04 2.309540872459199079e+02 1.398102092011871642e+19 9.930955630508437025e+03 2.020664613843102544e+38 6.260482743160324104e-02 2.033113373408056235e-08 4.395521925627483142e+04 1.198435163812688406e+05 9.290989225262879927e+02 7.855196072540691909e-02 7.868816796338936825e+00 5.180269100914487446e+00 5.711119031246512101e-01 1.152166792512140159e+00 4.439445473483760729e-01 
1.644676177994662781e+11 5.536765025237775990e+04 2.259106250664281959e+02 1.398102092011871642e+19 9.676061181595634480e+03 2.056308695046246981e+38 6.202214862603511875e-02 1.917751238674484575e-08 4.272519835660290846e+04 1.098800517159587034e+05 9.201642656032779541e+02 7.647989196770238474e-02 7.963831899670298142e+00 5.061933401640413166e+00 5.774138280135456824e-01 1.151652680467978973e+00 4.436986325965726619e-01 
1.702769172225897827e+11 5.732333771824124415e+04 2.209516983291191536e+02 1.398102092011871642e+19 9.427703717371470702e+03 2.092576820794085363e+38 6.138275929852601842e-02 1.808909944335247235e-08 4.153016624381540896e+04 1.007449095787454862e+05 9.113983327819327087e+02 7.446656775902424363e-02 8.059675258575552448e+00 4.935983310306105487e+00 5.843165888364422189e-01 1.151082448353271337e+00 4.433586519899728184e-01 
1.762914118095944214e+11 5.934810367030924681e+04 2.160739626474052386e+02 1.398102092011871642e+19 9.185715817787398919e+03 2.129479916647905380e+38 6.068295963424274325e-02 1.706250288869755368e-08 4.036948210152405954e+04 9.237158832843479468e+04 9.029184618458531304e+02 7.251102938748474336e-02 8.156296983358295449e+00 4.802204287925129655e+00 5.918774488804118272e-01 1.150452013512911265e+00 4.429003806881879335e-01 
1.825183494319038696e+11 6.144438808804658765e+04 2.112738617160278523e+02 1.398102092011871642e+19 8.949934340929748942e+03 2.167029099450035826e+38 5.991932193464884204e-02 1.609455490167576362e-08 3.924258467063207354e+04 8.469915356004996283e+04 8.941904153916866562e+02 7.061242330478045837e-02 8.253638722818688933e+00 4.660479357701555969e+00 6.001549347360169984e-01 1.149757732900500651e+00 4.422944430505674762e-01 
1.889652339691211548e+11 6.361471713549064589e+04 2.065480414612729021e+02 1.398102092011871642e+19 8.720200314115694709e+03 2.205235680672733570e+38 5.908700682940745685e-02 1.518232298734855406e-08 3.814903461994156532e+04 7.767196176433714572e+04 8.852466400838318350e+02 6.877010787787474211e-02 8.351624839787591625e+00 4.510528633506659446e+00 6.092267431107034614e-01 1.149000200740822430e+00 4.415043335972223537e-01 
1.956398343517064819e+11 6.586170620544828125e+04 2.018932618805450261e+02 1.398102092011871642e+19 8.496358827743633810e+03 2.244111169825681513e+38 5.818126911368971116e-02 1.432310660406977114e-08 3.708850886001886829e+04 7.123920967638913135e+04 8.765847689679866335e+02 6.698355132526501166e-02 8.450171743863693408e+00 4.352163683629026281e+00 6.191760196777461589e-01 1.148184002017981875e+00 4.404864244379728677e-01 
2.025501939230666504e+11 6.818806307122202998e+04 1.973068281889844400e+02 1.398102092011871642e+19 8.278258931828668210e+03 2.283667277923185952e+38 5.719664265827216487e-02 1.351445212474099161e-08 3.606083781639273366e+04 6.535468899766157847e+04 8.683692576065866433e+02 6.525236676723179807e-02 8.549187431414958738e+00 4.185172032306266665e+00 6.301014438820954355e-01 1.147321935981154839e+00 4.391885458061620118e-01 
2.097046401323230591e+11 7.059659114965841582e+04 1.927868389109871714e+02 1.398102092011871642e+19 8.065753535156596627e+03 2.323915921012035950e+38 5.612752602355296910e-02 1.275416074328031761e-08 3.506601731152261345e+04 5.997645943080887082e+04 8.609129004594041135e+02 6.357622209929605916e-02 8.648584441994950467e+00 4.009423403294806398e+00 6.421131446101423501e-01 1.146437748934335144e+00 4.375500179264133482e-01 
2.171117945694500732e+11 7.309019287945453834e+04 1.883328156673119054e+02 1.398102092011871642e+19 7.858699306990393779e+03 2.364869223761146749e+38 5.496795580656689550e-02 1.204031931304531802e-08 3.410421705426150584e+04 5.506664076105972345e+04 8.549920389052231258e+02 6.195459482890247616e-02 8.748316573461185186e+00 3.824854750225437527e+00 6.553374630300592418e-01 1.145571234945220951e+00 4.355039707453983722e-01 
2.247805833548729858e+11 7.567187321879262163e+04 1.839463137598285698e+02 1.398102092011871642e+19 7.656956581265470959e+03 2.406539523114049191e+38 5.371191420414423573e-02 1.137131684934563955e-08 3.317580030017293029e+04 5.059116316166751494e+04 8.466710135725393229e+02 6.038662232209685704e-02 8.848411766457898509e+00 3.631533392457799270e+00 6.699168607393046759e-01 1.144784368312850686e+00 4.329789622820048312e-01 
2.327202478960411987e+11 7.834474326651598676e+04 1.796318884799180182e+02 1.398102092011871642e+19 7.460389263211412072e+03 2.448939372005304119e+38 5.235338157728703506e-02 1.074588813625410183e-08 3.228130554925084289e+04 4.651959245938067761e+04 8.369870046193580038e+02 5.887056868067932353e-02 8.949062248371888018e+00 3.429687592635511706e+00 6.860127939762612481e-01 1.144168733215596312e+00 4.299063228105160506e-01 
2.409403560239526978e+11 8.111202401121471485e+04 1.753982063626496881e+02 1.398102092011871642e+19 7.268864738339031646e+03 2.492081543142028003e+38 5.088670138757726141e-02 1.016314248763332444e-08 3.142143760443753490e+04 4.282492008037745836e+04 8.301116791699795385e+02 5.740337321569329021e-02 9.050721840388936457e+00 3.219775064439473145e+00 7.038065275116519581e-01 1.143855332795271851e+00 4.262278144519872636e-01 
2.494508135230316467e+11 8.397705021273276361e+04 1.712596263861785530e+02 1.398102092011871642e+19 7.082253783733896853e+03 2.535979032851579683e+38 4.930681688036546440e-02 9.622619196119504422e-09 3.059699864297434033e+04 3.948340714691107132e+04 8.271209882679960401e+02 5.597968586329986340e-02 9.154293150002407842e+00 3.002533359247601119e+00 7.235021166360435796e-01 1.144026113534366340e+00 4.219118427842211139e-01 
2.582618760682674866e+11 8.694327442077882006e+04 1.672380994994216223e+02 1.398102092011871642e+19 6.900430481598095867e+03 2.580645064996629612e+38 4.760973373582567947e-02 9.124330093897425914e-09 2.980880613529538823e+04 3.647439245042297989e+04 8.339372456727302279e+02 5.459087230701153287e-02 9.261354381975101191e+00 2.779046648604944547e+00 7.453292844469100453e-01 1.144928864059348683e+00 4.169724986076695505e-01 
2.673841615839943848e+11 9.001427113548126363e+04 1.633653530683846782e+02 1.398102092011871642e+19 6.723272134983947581e+03 2.626093094958774816e+38 4.579319313717385154e-02 8.668801411031440419e-09 2.905754152773008173e+04 3.378006001022501005e+04 8.145879297442593270e+02 5.322367054517428836e-02 9.374479675723868866e+00 2.550820641166663183e+00 7.695454945757187470e-01 1.146893355959224925e+00 4.114960746963066685e-01 
2.768286630392061157e+11 9.319374111490194628e+04 1.596855971470683642e+02 1.398102092011871642e+19 6.550659185664584584e+03 2.672336813691891116e+38 4.385734082685658480e-02 8.257103774737936275e-09 2.834355866825868725e+04 3.138517939957689305e+04 8.172072162368970112e+02 5.185882388904797247e-02 9.497629296951727085e+00 2.319823419992156577e+00 7.964429220789721597e-01 1.150352281786841235e+00 4.056717340573824382e-01 
2.866067616948244629e+11 9.648551583469896286e+04 1.562587891719614106e+02 1.398102092011871642e+19 6.382475134087730112e+03 2.719390151846455723e+38 4.180555588763189973e-02 7.890862409826705628e-09 2.766664112421639584e+04 2.927678632648029088e+04 8.171474942440946734e+02 5.046986163069840797e-02 9.636610551167610339e+00 2.088501364115329384e+00 8.263605070469494107e-01 1.155867881642311801e+00 3.998258030481502412e-01 
2.967302408188872681e+11 9.989356210531367105e+04 1.531640908430417198e+02 1.398102092011871642e+19 6.218606461360272988e+03 2.767267283966077829e+38 3.964541281535086809e-02 7.572223516680987115e-09 2.702572652156795084e+04 2.744374013158704838e+04 8.209426231382747119e+02 4.902255957934039537e-02 9.799566610270204592e+00 1.859752271360573195e+00 8.597036751079790706e-01 1.164163654534258852e+00 3.944553830102096592e-01 
3.072112998861759033e+11 1.034219868522429897e+05 1.505045082484835177e+02 1.398102092011871642e+19 6.058942553212723396e+03 2.815982632757475609e+38 3.738945740576934962e-02 7.303795300062152385e-09 2.641862198856128452e+04 2.587624469341002987e+04 8.181829943661956577e+02 4.747545812284228312e-02 9.997494066307814009e+00 1.636817825706147866e+00 8.969837427749057790e-01 1.176170520580489320e+00 3.902641303964933250e-01 
3.180625692794119263e+11 1.070750420651638997e+05 1.484124095023725545e+02 1.398102092011871642e+19 5.903375625893404504e+03 2.865550873435266835e+38 3.505585107455242572e-02 7.088541583868306428e-09 2.584174247026888042e+04 2.456524959472230694e+04 8.288956945669985998e+02 4.578210591436780719e-02 1.024475335002703069e+01 1.423110722268110750e+00 9.388803524302921089e-01 1.193088289652077139e+00 3.882017546345262748e-01 
3.292971255097147827e+11 1.108571299218659842e+05 1.470570896244123844e+02 1.398102092011871642e+19 5.751800653944265832e+03 2.915986938142767300e+38 3.266847513618146431e-02 6.929673136156715435e-09 2.528987345316874053e+04 2.350184197370741094e+04 8.389139629085020715e+02 4.389494340232474867e-02 1.055968167546514103e+01 1.221967233952889087e+00 9.863394823774274123e-01 1.216471912499776931e+00 3.895262663441036444e-01 
3.409285069746807251e+11 1.147728080931729201e+05 1.466558845601113319e+02 1.398102092011871642e+19 5.604115299810597207e+03 2.967306020450221322e+38 3.025632617683174375e-02 6.830589266738304773e-09 2.475592643106770265e+04 2.267669977539903994e+04 8.663783773022310015e+02 4.177020950956255446e-02 1.096555128821082903e+01 1.036361274516029995e+00 1.040715006038550827e+00 1.248352601475880785e+00 3.959248444695449565e-01 
3.529707302730657349e+11 1.188267952352435095e+05 1.474909446507817279e+02 1.398102092011871642e+19 5.460219845238621929e+03 3.019523579931777140e+38 2.785212402557568981e-02 6.794946622069085420e-09 2.423060980163178829e+04 2.207968580222169476e+04 8.773372256575025858e+02 3.937261473448423754e-02 1.149235148704250875e+01 8.686314654223298293e-01 1.103957357332501221e+00 1.291404503286777361e+00 4.097591631774961107e-01 
3.654383070957261963e+11 1.230239766758684564e+05 1.499356423212090874e+02 1.398102092011871642e+19 5.320017124415942817e+03 3.072655346822571783e+38 2.549018918153177563e-02 6.827003332012284185e-09 2.370179506576275890e+04 2.169970596495035352e+04 9.248967814626884092e+02 3.667759715365484507e-02 1.218045187654743167e+01 7.202782797025297779e-01 1.178847549288546626e+00 1.349169429932557618e+00 4.345769896061408843e-01 
3.783462617131932983e+11 1.273694103016225999e+05 1.544970760403120948e+02 1.398102092011871642e+19 5.183412458810706994e+03 3.126717326757410115e+38 2.320393220254438754e-02 6.932462675689519033e-09 2.315319462399506665e+04 2.152489085679362324e+04 9.650298351864659026e+02 3.366917709969453887e-02 1.308827704564875916e+01 5.918810881374944044e-01 1.269263214872856649e+00 1.426347651330462707e+00 4.762043996850262584e-01 
3.917101490809260864e+11 1.318683326529573533e+05 1.618899677873454550e+02 1.398102092011871642e+19 5.050313593666985980e+03 3.181725805592343327e+38 2.102337356945890162e-02 7.120323673093546807e-09 2.256151983245518204e+04 2.154321837446619247e+04 1.016704954308214724e+03 3.033140967180478209e-02 1.430915431479153987e+01 4.831566072604094320e-01 1.380457286128510042e+00 1.529165495958854981e+00 5.452619043250040987e-01 
4.055460735840827637e+11 1.365261652345852635e+05 1.731747189006673295e+02 1.398102092011871642e+19 4.920630636114342451e+03 3.237697354310693920e+38 1.897325363871869147e-02 7.407025081982766626e-09 2.188996248873595323e+04 2.174359389733114949e+04 1.016038232931190237e+03 2.663045038836250877e-02 1.601193172437742973e+01 3.931673894473632913e-01 1.519247977648310322e+00 1.665751318788042390e+00 6.637468803176544974e-01 
4.198707084443905640e+11 1.413485210487588774e+05 1.900518193917287135e+02 1.398102092011871642e+19 4.794275994850972893e+03 3.294648834014966934e+38 1.707212272239306411e-02 7.827163264248016778e-09 2.107127019403673330e+04 2.211757987369565672e+04 1.093285806604231539e+03 2.247786352952110128e-02 1.855666457438256955e+01 3.207067224711268594e-01 1.693692409713833946e+00 1.846124773801329555e+00 8.860790902795240287e-01 
4.347013158125017700e+11 1.463412113593166869e+05 2.156417947477303301e+02 1.398102092011871642e+19 4.671164321360666690e+03 3.352597401006161977e+38 1.533262835699402728e-02 8.470282065913683265e-09 1.995140700753225974e+04 2.266281725092522174e+04 1.134985649209250141e+03 1.763234142660245057e-02 2.293723547320914591e+01 2.651374395547702600e-01 1.909842288167494129e+00 2.079314759686476943e+00 1.393322833677664851e+00 
4.500557675700488281e+11 1.515102526946477592e+05 2.575914545735274714e+02 1.398102092011871642e+19 4.551212452624899015e+03 3.411560511952005528e+38 1.376376104677608930e-02 9.706968426171230617e-09 1.797152752874547150e+04 2.339435657131996049e+04 1.217889000800650365e+03 1.124497864917016476e-02 3.396887933124860126e+01 2.305471563853501438e-01 2.141974927469018297e+00 2.341934640303052095e+00 3.374056986929500290e+00 
4.659525668664667969e+11 1.568618740980141738e+05 3.375638522963070045e+02 1.398102092011871642e+19 4.434339355292266191e+03 3.471555929145672477e+38 1.238195630944400813e-02 2.464332120986259441e-08 7.331046574665334447e+03 2.422745033751184747e+04 4.447253845172740228e+01 3.006671443368741175e-04 1.304846821906330279e+00 4.466152133261855894e-01 1.187123015916260460e+00 1.304469971077820478e+00 5.527624499938307956e+00 
4.824108704165373535e+11 1.624025246339686855e+05 3.615871371215328622e+02 1.398102092011871642e+19 4.320466071268452652e+03 3.532601725856577174e+38 1.115005915487769610e-02 3.274761455577090681e-08 5.555314649553012714e+03 2.439668550263415091e+04 7.785273083288126728e+00 9.845405117599511236e-05 8.956668723182627245e-02 4.617203999535073877e-01 1.026382054558283796e+00 1.115131923659483881e+00 1.110755590764220813e+00 
4.994505115855139771e+11 1.681388811599095643e+05 3.687483189029870232e+02 1.398102092011871642e+19 4.209515664690893573e+03 3.594716291774816202e+38 1.001497504744222611e-02 3.707172286420200739e-08 4.944105982062729709e+03 2.457949960175954766e+04 3.813600083976032007e+00 6.130668312637537149e-05 2.909993198791949523e-02 4.042835853297495063e-01 9.942942999238331137e-01 1.066073415953136427e+00 5.286530381324729966e-01 
5.170920242896755371e+11 1.740778563721477403e+05 3.694629371896460839e+02 1.398102092011871642e+19 4.101413170252951204e+03 3.657918338550995380e+38 8.968506237417201571e-03 4.045075786201517471e-08 4.582293988398440888e+03 2.485719431178833838e+04 2.450930304704137086e+00 4.473108772058570774e-05 1.401108315967669604e-02 3.378805858907990012e-01 9.847506279313129607e-01 1.042791037861649173e+00 3.114699523247105861e-01 
5.353566677410718994e+11 1.802266071361694485e+05 3.667661131968797577e+02 1.398102092011871642e+19 3.996085542843740768e+03 3.722226905432976358e+38 8.008187501864279245e-03 4.352346501891514372e-08 4.325836652572928870e+03 2.524852866282652394e+04 1.798270682470089810e+00 3.497632369522756906e-05 8.071278169593774227e-03 2.756342413958791648e-01 9.827844915676190451e-01 1.029391222523828864e+00 2.020977302182931368e-01 
5.542664520663095703e+11 1.865925431111419748e+05 3.620546935982435457e+02 1.398102092011871642e+19 3.893461608470119700e+03 3.787661365001347876e+38 7.132083728447795139e-03 4.655048898926059860e-08 4.125769309969899950e+03 2.575560073068036218e+04 1.430343676934909602e+00 2.837120947580990422e-05 5.140722476930956880e-03 2.214064326566384244e-01 9.837503795432162024e-01 1.020892116210796674e+00 1.383864090722351226e-01 
5.738441648302404785e+11 1.931833356790535036e+05 3.560973512885103105e+02 1.398102092011871642e+19 3.793472016428475399e+03 3.854241429005311145e+38 6.337501120969668902e-03 4.966421555505014173e-08 3.959981417412339852e+03 2.637419565952219637e+04 1.202218737342898969e+00 2.351381724575399046e-05 3.485614388522542857e-03 1.759267956426754653e-01 9.857871403680839029e-01 1.015181024434973933e+00 9.799283142754791620e-02 
5.941133984965040283e+11 2.000069271892422403e+05 3.493599204543170345e+02 1.398102092011871642e+19 3.696049192694752492e+03 3.921987154300693780e+38 5.620735191386398016e-03 5.294092509798650177e-08 3.816798401814698536e+03 2.709775071817199569e+04 1.051880520085598736e+00 1.975119669018387937e-05 2.463708899764975851e-03 1.386763260745735582e-01 9.880731245975848953e-01 1.011196994180124431e+00 7.095578895727011615e-02 
# Non-converged_fits = 10