# r 	r/rg 	Sigma0 	Mdot 	Teff 	F 	z0r 	rho_c 	T_c 	P_c 	tau 	PradPgas_c 	varkappa_c 	Pi1 	Pi2 	Pi3 	Pi4
# All values are in CGS units.
# M = 1.005829e+01 Msun, alpha = 0.1, structure = BellLin, mu = 0.62
1.683180353330955029e+09 5.666388457607024520e+02 9.110816312279788690e+03 1.398102092011871642e+19 2.956383881447208114e+05 1.943180177385455612e+37 9.059518413353383204e-02 4.593283299374087918e-05 2.177425635873093735e+06 1.341247913930750656e+10 6.583800258791860870e+03 4.226628118028405545e+00 1.324818417225216649e+00 4.264890274124877756e+00 6.503816770793309221e-01 1.273775296409555446e+00 3.845518456466112123e-01 
1.742633386009647131e+09 5.866535742758965171e+02 9.104725788643812848e+03 1.398102092011871642e+19 2.881381698256448144e+05 1.979870390846905142e+37 9.010937956089315470e-02 4.474248423664406839e-05 2.131415358859119937e+06 1.278882605067707634e+10 6.707429502483149918e+03 4.069784878965205799e+00 1.351908223766059125e+00 4.292097409177785039e+00 6.479488919077619480e-01 1.271516957898696898e+00 3.854039542957791720e-01 
1.804186409392075539e+09 6.073752598953120696e+02 9.096001470813402193e+03 1.398102092011871642e+19 2.808264744463129900e+05 2.017202964183587303e+37 8.963668939798502544e-02 4.356389670711084336e-05 2.086197463538844138e+06 1.218778061754993057e+10 6.831172754478728166e+03 3.919465032474565902e+00 1.379511853872312566e+00 4.319267902246913593e+00 6.455451036993435920e-01 1.269285717508313205e+00 3.862582547626192131e-01 
1.867913599020784616e+09 6.288288736469959304e+02 9.084655722203595360e+03 1.398102092011871642e+19 2.736986421733403113e+05 2.055189143615406384e+37 8.917690295547811563e-02 4.239781043162554343e-05 2.041761927721589804e+06 1.160889880993342018e+10 6.954933382820659972e+03 3.775366780389070254e+00 1.407632865324471849e+00 4.346396833811019711e+00 6.431701492812572640e-01 1.267081189403645114e+00 3.871143889523442350e-01 
1.933891750455232143e+09 6.510402685817425663e+02 9.070703184905594753e+03 1.398102092011871642e+19 2.667501247206315747e+05 2.093840372257305457e+37 8.872981342002116134e-02 4.124492607983956368e-05 1.998098846997334855e+06 1.105172307915453529e+10 7.078612734643847034e+03 3.637203939100780659e+00 1.436274634729032051e+00 4.373478886228178375e+00 6.408239014236342124e-01 1.264903043345502853e+00 3.879719886778639215e-01 
2.002200371815584421e+09 6.740362109277522222e+02 9.054160818714248308e+03 1.398102092011871642e+19 2.599764828531056992e+05 2.133168293566416584e+37 8.829521779002347248e-02 4.010590554025964883e-05 1.955198433330403641e+06 1.051578414187886429e+10 7.202110400606927215e+03 3.504705013693349969e+00 1.465440356575962833e+00 4.400508385160460278e+00 6.385062636991994944e-01 1.262750999545387387e+00 3.888306771166354925e-01 
2.072921779595369816e+09 6.978444123457437627e+02 9.035047931418646840e+03 1.398102092011871642e+19 2.533733839374455274e+05 2.173184754849589552e+37 8.787291459596688337e-02 3.898137246625795529e-05 1.913051013271216070e+06 1.000060266024982643e+10 7.325323993011447783e+03 3.377612335625653550e+00 1.495133043168440867e+00 4.427479118097708444e+00 6.362171815031203437e-01 1.260624823430437136e+00 3.896900702276093198e-01 
2.146141197858401537e+09 7.224935633233732233e+02 9.013386204760159671e+03 1.398102092011871642e+19 2.469365995394851197e+05 2.213901810832325060e+37 8.746270592571278590e-02 3.787191279839135371e-05 1.871647025781836128e+06 9.505690824499746323e+09 7.448149632235241370e+03 3.255681258687910695e+00 1.525355525567354764e+00 4.454384577564054482e+00 6.339566224070326550e-01 1.258524320860695322e+00 3.905497783935703571e-01 
2.221946860939519405e+09 7.480133677492055995e+02 8.989199711044282594e+03 1.398102092011871642e+19 2.406620030678136682e+05 2.255331727290190020e+37 8.706439771948561168e-02 3.677807526623206853e-05 1.830977019744629972e+06 9.030553843612691879e+09 7.570482218293740516e+03 3.138679409044656143e+00 1.556110455512262014e+00 4.481218040102780797e+00 6.317245690738022557e-01 1.256449333251012712e+00 3.914094080442850343e-01 
2.300430119772921562e+09 7.744345787079062120e+02 8.962514919911138350e+03 1.398102092011871642e+19 2.345455674631457950e+05 2.297486984743812900e+37 8.667779802036365555e-02 3.570037187386502174e-05 1.791031651192838792e+06 8.574691349309276581e+09 7.692215782608847803e+03 3.026385985311700111e+00 1.587400308319735220e+00 4.507972434842613119e+00 6.295210271227951182e-01 1.254399732596756412e+00 3.922685632387599153e-01 
2.381685551976160526e+09 8.017890355397685198e+02 8.933360731931483315e+03 1.398102092011871642e+19 2.285833629329867836e+05 2.340380282218554246e+37 8.630271696178752616e-02 3.463927494706997887e-05 1.751801694023930468e+06 8.137597977105361938e+09 7.813243461102314541e+03 2.918591462227845934e+00 1.619227235160151324e+00 4.534639934435274355e+00 6.273460852110106512e-01 1.252375545600078466e+00 3.931267996939649123e-01 
2.465811075822603703e+09 8.301097022092837960e+02 8.901768448793478456e+03 1.398102092011871642e+19 2.227715547310869442e+05 2.384024541070038154e+37 8.593896754231571122e-02 3.359522046159467158e-05 1.713278027731939917e+06 7.718765307130331039e+09 7.933457841003245449e+03 2.815096682824987262e+00 1.651593154711439970e+00 4.561212384134318398e+00 6.251998590137167744e-01 1.250376857936452479e+00 3.939836563037000805e-01 
2.552908068239516735e+09 8.594307070289286230e+02 8.867771651486733390e+03 1.398102092011871642e+19 2.171064009811811557e+05 2.428432908876616682e+37 8.558636681819356551e-02 3.256861826356477197e-05 1.675451592230782611e+06 7.317685054308815002e+09 8.052751361672158964e+03 2.715711269981393894e+00 1.684500232031878042e+00 4.587682828709568561e+00 6.230822868504670708e-01 1.248403425618910045e+00 3.948388030789797276e-01 
2.643081486974102974e+09 8.897873837860839785e+02 8.831406317049701101e+03 1.398102092011871642e+19 2.115842505444683484e+05 2.473618763400007284e+37 8.524473206139361603e-02 3.155983768722660568e-05 1.638313443591257557e+06 6.933846953384433746e+09 8.171016573106365286e+03 2.620254640157939630e+00 1.717950232949210898e+00 4.614043209099170539e+00 6.209934320857687373e-01 1.246455226770382341e+00 3.956918373649893628e-01 
2.736439997074666500e+09 9.212163143226327975e+02 8.792710730824530401e+03 1.398102092011871642e+19 2.062015409302844491e+05 2.519595716615265917e+37 8.491388358563926875e-02 3.056921365763106178e-05 1.601854728820951888e+06 6.566741045893895149e+09 8.288146124131590113e+03 2.528554916602632652e+00 1.751944764256571752e+00 4.640285410757269524e+00 6.189333564198644666e-01 1.244532252837701192e+00 3.965423597091901065e-01 
2.833096101839318275e+09 9.537553726185436744e+02 8.751725440646925563e+03 1.398102092011871642e+19 2.009547962494042877e+05 2.566377618811312780e+37 8.459364448484067711e-02 2.959704719308329479e-05 1.566066682176745730e+06 6.215858660206959724e+09 8.404033198482984517e+03 2.440448459505285328e+00 1.786485281012261561e+00 4.666401278732666746e+00 6.169021183850822432e-01 1.242634504552245112e+00 3.973899752421251597e-01 
2.933166278390048504e+09 9.874437704325753202e+02 8.708493201974422846e+03 1.398102092011871642e+19 1.958406252093937946e+05 2.613978562763257856e+37 8.428384032067282039e-02 2.864360592757988011e-05 1.530940621426470811e+06 5.880693332884411812e+09 8.518571759013277187e+03 2.355779425191796062e+00 1.821573094826167694e+00 4.692382625005305563e+00 6.148997723615368116e-01 1.240761987876442873e+00 3.982342950620188504e-01 
3.036771118035460472e+09 1.022322104555071860e+03 8.663058913632175972e+03 1.398102092011871642e+19 1.908557191514305305e+05 2.662412887977746514e+37 8.398429766033350952e-02 2.770912465643973719e-05 1.496467944095603656e+06 5.560741673799662590e+09 8.631657055329955256e+03 2.274399352356478499e+00 1.857209383105043576e+00 4.718221104050757120e+00 6.129263760981777942e-01 1.238914709885645671e+00 3.990749375852971070e-01 
3.144035471591500282e+09 1.058432405729857237e+03 8.615469547637225332e+03 1.398102092011871642e+19 1.859968501279866614e+05 2.711695185012681915e+37 8.369484558475608071e-02 2.679380590702997263e-05 1.462640123717270093e+06 5.255504176976540565e+09 8.743185441461737355e+03 2.196166773492741253e+00 1.893395199201346690e+00 4.743908415507606335e+00 6.109819769270430356e-01 1.237092675057104296e+00 3.999115300085914759e-01 
3.255088599835056305e+09 1.095818189304097132e+03 8.565774071665298834e+03 1.398102092011871642e+19 1.812608690207835753e+05 2.761840299872527952e+37 8.341531664595255857e-02 2.589782053655791900e-05 1.429448706134031061e+06 4.964485979117583275e+09 8.853054776811566626e+03 2.120946849936559797e+00 1.930131483322475638e+00 4.769436451743288785e+00 6.090666022370919697e-01 1.235295881809197027e+00 4.007437097559488626e-01 
3.370064329271924973e+09 1.134524507667232228e+03 8.514023363096652247e+03 1.398102092011871642e+19 1.766447036983994185e+05 2.812863338480582030e+37 8.314554372667631865e-02 2.502130835697693548e-05 1.396885305908633396e+06 4.687197567346683502e+09 8.961164881005764983e+03 2.048611029232525915e+00 1.967419073874010049e+00 4.794796976310721881e+00 6.071802800937562417e-01 1.233524319261702251e+00 4.015711257459696482e-01 
3.489101213406766415e+09 1.174598004542141553e+03 8.460270121824638409e+03 1.398102092011871642e+19 1.721453572129195090e+05 2.864779671229550364e+37 8.288536215847761013e-02 2.416437878734483099e-05 1.364941602851308882e+06 4.423155437531975746e+09 9.067417492335098359e+03 1.979036723378150953e+00 2.005258718981770993e+00 4.819981893059212652e+00 6.053230222471577271e-01 1.231777965242859985e+00 4.023934397714114541e-01 
3.612342699709437847e+09 1.216086971193981071e+03 8.404568923116814403e+03 1.398102092011871642e+19 1.677599060350095388e+05 2.917604937611792892e+37 8.263460989307847004e-02 2.332710167563183413e-05 1.333609404347127536e+06 4.171881146904225349e+09 9.171716312434191423e+03 1.912108097176842714e+00 2.043650158155772445e+00 4.844981243666931725e+00 6.034950873499412838e-01 1.230057327454944227e+00 4.032100718720440513e-01 
3.739937302478801727e+09 1.259041404624390452e+03 8.346975765243103524e+03 1.398102092011871642e+19 1.634854983267953503e+05 2.971355050930605894e+37 8.239312707562997107e-02 2.250953406663486721e-05 1.302880475776593434e+06 3.932906095721362591e+09 9.273968083310746806e+03 1.847712927728347054e+00 2.082594441601784307e+00 4.869788405052919877e+00 6.016963040544315300e-01 1.228362057700132848e+00 4.040208439149233222e-01 
3.872038781812557220e+09 1.303513067821282903e+03 8.287548264754022966e+03 1.398102092011871642e+19 1.593193522519189573e+05 3.026046203094046854e+37 8.216075487889837325e-02 2.171169838351191936e-05 1.272746677842531819e+06 3.705768324882470131e+09 9.374082133822817923e+03 1.785744798862427540e+00 2.122092022047323834e+00 4.894395569192577788e+00 5.999266553022467585e-01 1.226692125031358493e+00 4.048254425960384761e-01 
4.008806328898464680e+09 1.349555552136713231e+03 8.226345474642232148e+03 1.398102092011871642e+19 1.552587543221577944e+05 3.081694869492630432e+37 8.193733691618913795e-02 2.093358932891929082e-05 1.243199927053611958e+06 3.490014019597120285e+09 9.471971044866450029e+03 1.726102186408041694e+00 2.162143260762286356e+00 4.918795087132169286e+00 5.981861157079300106e-01 1.225047506429838950e+00 4.056235602875604696e-01 
4.150404757850472450e+09 1.397224341868076181e+03 8.163427768144187212e+03 1.398102092011871642e+19 1.513010577799778257e+05 3.138317813962448754e+37 8.172272007801868743e-02 2.017517510473827803e-05 1.214232190728014568e+06 3.285198006807820797e+09 9.567551027515792157e+03 1.668688177626405755e+00 2.202748472471350638e+00 4.942979669074298421e+00 5.964746353414426272e-01 1.223428166476782541e+00 4.064149052112668303e-01 
4.297004704320835114e+09 1.446576881120424332e+03 8.098856720388693248e+03 1.398102092011871642e+19 1.474436810164011549e+05 3.195932093835176148e+37 8.151675149885513616e-02 1.943639828811286003e-05 1.185835484673271189e+06 3.090884149924031258e+09 9.660741509954214052e+03 1.613410245826617739e+00 2.243907936370135747e+00 4.966942038645549395e+00 5.947921616035892756e-01 1.221834057028009290e+00 4.071992018655875567e-01 
4.448782831127575874e+09 1.497672643030486597e+03 8.032694989182482459e+03 1.398102092011871642e+19 1.436841060235677287e+05 3.254555065076495004e+37 8.131928084065491447e-02 1.871717674123025694e-05 1.158001871116708498e+06 2.906645703260123253e+09 9.751465651412056104e+03 1.560180037678260190e+00 2.285621906562366412e+00 4.990675220666857648e+00 5.931386226930188688e-01 1.220265117612667982e+00 4.079761913159345443e-01 
4.605922041145112991e+09 1.550573201435815236e+03 7.965006191284937813e+03 1.398102092011871642e+19 1.400198768813728529e+05 3.314204387514486022e+37 8.113016060376333771e-02 1.801740455524553216e-05 1.130723456894639647e+06 2.732065627450723648e+09 9.839650467144247159e+03 1.508913172235091249e+00 2.327890621916350877e+00 5.014172594724748855e+00 5.915139255215785541e-01 1.218721275846165852e+00 4.087456311456061364e-01 
4.768611697714474678e+09 1.605342305075383592e+03 7.895854826285907620e+03 1.398102092011871642e+19 1.364485982775689045e+05 3.374898030159518089e+37 8.094924460540761646e-02 1.733695005614141159e-05 1.103992419572604820e+06 2.566736491348034382e+09 9.925226891602413161e+03 1.459529410683441553e+00 2.370713840061059674e+00 5.037426856436906242e+00 5.899180719195482592e-01 1.217202664328666639e+00 4.095071745884715231e-01 
4.937047852839003563e+09 1.662045954411152252e+03 7.825306077783701767e+03 1.398102092011871642e+19 1.329679340607128106e+05 3.436654276617348690e+37 8.077638826239166847e-02 1.667566176175845104e-05 1.077800964121869300e+06 2.410261373676091671e+09 1.000812999382203634e+04 1.411951894297809540e+00 2.414091526752628170e+00 5.060431368338512037e+00 5.883509957121532130e-01 1.215709289832587192e+00 4.102605473278185810e-01 
5.111433483440165520e+09 1.720752481163051243e+03 7.753425640716633097e+03 1.398102092011871642e+19 1.295756058253601950e+05 3.499491730596930920e+37 8.061144952917438655e-02 1.603337081043008466e-05 1.052141303550514393e+06 2.262254195139819622e+09 1.008829924636515534e+04 1.366106782728639057e+00 2.458024215602841345e+00 5.083180845027523986e+00 5.868124907343554852e-01 1.214240896099567202e+00 4.110056312546678248e-01 
5.291978735958436966e+09 1.781532630653313618e+03 7.680279699495856221e+03 1.398102092011871642e+19 1.262693915288986609e+05 3.563429321514673874e+37 8.045428868510734466e-02 1.540988628883275437e-05 1.027005711846465594e+06 2.122339165529722929e+09 1.016567829519964835e+04 1.321923787828819696e+00 2.502512097090199727e+00 5.105669662205061243e+00 5.853024159702026052e-01 1.212797384880518914e+00 4.117422306861995840e-01 
5.478901179593934059e+09 1.844459647059357621e+03 7.605934757254482065e+03 1.398102092011871642e+19 1.230471241394225508e+05 3.628486310196822015e+37 8.030476682773791952e-02 1.480499874501494137e-05 1.002386501302551595e+06 1.990151233186445713e+09 1.024021492205886898e+04 1.279335727901236730e+00 2.547555393661968370e+00 5.127892352964353861e+00 5.838206235424023838e-01 1.211378644125096438e+00 4.124701657018727263e-01 
5.672426068491989136e+09 1.909609361677967172e+03 7.530457510639046632e+03 1.398102092011871642e+19 1.199066903140577051e+05 3.694682294681670558e+37 8.016274743183401941e-02 1.421848127575530209e-05 9.782760219650816871e+05 1.865336184197563648e+09 1.031186172203571005e+04 1.238278381896836589e+00 2.593154368786258601e+00 5.149843808400952128e+00 5.823669478873668703e-01 1.209984548551078953e+00 4.131892717869268816e-01 
5.872786613189489365e+09 1.977060284307084885e+03 7.453914726153470838e+03 1.398102092011871642e+19 1.168460291071498650e+05 3.762037216123336771e+37 8.002809693081967823e-02 1.365009062614851755e-05 9.546666612889800454e+05 1.747550709807339668e+09 1.038057571335215107e+04 1.198690350879563660e+00 2.639309335688349911e+00 5.171519358048103143e+00 5.809412020827293688e-01 1.208614960196298105e+00 4.138993994068074223e-01 
6.080224261649427414e+09 2.046893697855455684e+03 7.376373117419645496e+03 1.398102092011871642e+19 1.138631307077315869e+05 3.830571364798953922e+37 7.990068211075569693e-02 1.309956829722669015e-05 9.315508439968035091e+05 1.636462443247175455e+09 1.044631840474140881e+04 1.160512926353804763e+00 2.686020665755552095e+00 5.192914437332060373e+00 5.795431972211263494e-01 1.207269728766433126e+00 4.146004134448971201e-01 
6.294988990221887589e+09 2.119193756293983370e+03 7.297899227866473666e+03 1.398102092011871642e+19 1.109560352056988195e+05 3.900305386220973784e+37 7.978037209125957152e-02 1.256664165709304055e-05 9.089210321093645180e+05 1.531749967176434517e+09 1.050905575857288204e+04 1.123689964999051494e+00 2.733288796728825076e+00 5.214024842242722890e+00 5.781727286652811326e-01 1.205948692352486251e+00 4.152921927946424674e-01 
6.517339604882420540e+09 2.194047586066943950e+03 7.218559329119019822e+03 1.398102092011871642e+19 1.081228313861246570e+05 3.971260287356513373e+37 7.966703901874859495e-02 1.205102451843300463e-05 8.867697325429547345e+05 1.433102741674217224e+09 1.056875811336042716e+04 1.088167844831013475e+00 2.781114081828401918e+00 5.234846590304978342e+00 5.768295982069890915e-01 1.204651733716049389e+00 4.159745930440790218e-01 
6.747544053110686302e+09 2.271545391085225219e+03 7.138419328313611913e+03 1.398102092011871642e+19 1.053616555511498445e+05 4.043457442955577738e+37 7.956055561575035850e-02 1.155241766364649699e-05 8.650895075909228763e+05 1.340221010643873692e+09 1.062540024403684947e+04 1.053895443190169479e+00 2.829496553674825332e+00 5.255375279617569007e+00 5.755136680820885919e-01 1.203378856285642451e+00 4.166473917691694284e-01 
6.985879746785234451e+09 2.351780561428119654e+03 7.057544545893325449e+03 1.398102092011871642e+19 1.026706903688956663e+05 4.116918601990085049e+37 7.946079665920323387e-02 1.107051446692359699e-05 8.438729107118836837e+05 1.252816155488221645e+09 1.067896164373788088e+04 1.020823380124674884e+00 2.878437345390726154e+00 5.275608318932923702e+00 5.742246188055910583e-01 1.202129697734743985e+00 4.173106143021318437e-01 
7.232633896483548164e+09 2.434849785884676294e+03 6.975999735556195446e+03 1.398102092011871642e+19 1.000481637488512642e+05 4.191665894205622136e+37 7.936763965644229313e-02 1.060499683753944602e-05 8.231125573526306543e+05 1.170610098217485189e+09 1.072942617684834113e+04 9.889046370431867627e-01 2.927937204662602433e+00 5.295542811853104936e+00 5.729621973066855167e-01 1.200904059330055285e+00 4.179641853559074027e-01 
7.488103857590030670e+09 2.520853168470170203e+03 6.893848944729659706e+03 1.398102092011871642e+19 9.749234774319693679e+04 4.267721836787865218e+37 7.928096345331887840e-02 1.015553802730129173e-05 8.028011026260069339e+05 1.093335356373720169e+09 1.077678190258368522e+04 9.580942173694624309e-01 2.977996985897775062e+00 5.315176097515866616e+00 5.717261440302394693e-01 1.199701731643609381e+00 4.186080422456894823e-01 
7.752597488629464149e+09 2.609894349058245552e+03 6.811155420787657931e+03 1.398102092011871642e+19 9.500155747352619073e+04 4.345109341145803176e+37 7.920064836766797789e-02 9.721803671038639218e-06 7.829312422723077470e+05 1.020734903602183580e+09 1.082102118459501980e+04 9.283490539520951046e-01 3.028617656875072672e+00 5.334505763469831408e+00 5.705161926069314271e-01 1.198522495235069929e+00 4.192421343982194459e-01 
8.026433522257173538e+09 2.702080628273913590e+03 6.727981522691087775e+03 1.398102092011871642e+19 9.257415008244704222e+04 4.423851719813640033e+37 7.912657731237217329e-02 9.303452803911123643e-06 7.634957137330535334e+05 9.525620113617038727e+08 1.086214067186505417e+04 8.996279208797171023e-01 3.079800305072284416e+00 5.353529792579526436e+00 5.693320624368010119e-01 1.197366121398201200e+00 4.198664228946096255e-01 
8.309941949353386879e+09 2.797523096798047391e+03 6.644388636865471199e+03 1.398102092011871642e+19 9.020852370954091020e+04 4.503972693473552708e+37 7.905863506979997346e-02 8.900138852591694480e-06 7.444872973319080193e+05 8.885800733717850447e+08 1.090014105934232248e+04 8.718913494953505205e-01 3.131546143643673563e+00 5.372246462244503640e+00 5.681734645229512548e-01 1.196232372753543771e+00 4.204808799492415483e-01 
8.603464416684492111e+09 2.896336769239142086e+03 6.560437098308775603e+03 1.398102092011871642e+19 8.790311649117048364e+04 4.585496398101422507e+37 7.899670748093201578e-02 8.511510597473759883e-06 7.258988175467593828e+05 8.285624143593473434e+08 1.093502706893214418e+04 8.451015483946535678e-01 3.183856517060008162e+00 5.390654228870658926e+00 5.670401078635014525e-01 1.195121003822130712e+00 4.210854883871471555e-01 
8.907354638610458374e+09 2.998640722733682196e+03 6.476186118040002839e+03 1.398102092011871642e+19 8.565640558363399759e+04 4.668447392237655952e+37 7.894068286723222860e-02 8.137213103380506243e-06 7.077231443555502919e+05 7.722920846646848917e+08 1.096680729904500731e+04 8.192223271961490694e-01 3.236732906456586178e+00 5.408751915317107084e+00 5.659316898645044835e-01 1.194031761747289533e+00 4.216802412071561368e-01 
9.221978823334341049e+09 3.104558240442070655e+03 6.391693715145092028e+03 1.398102092011871642e+19 8.346690620917345223e+04 4.752850664385273392e+37 7.889045178156633975e-02 7.776888616688922628e-06 6.899531946537359618e+05 7.195616422792370319e+08 1.099549418213202625e+04 7.942190239210633607e-01 3.290176934641670048e+00 5.426538672905177663e+00 5.648478987030934872e-01 1.192964386872553684e+00 4.222651410923651816e-01 
9.547716114208065033e+09 3.214216960113220011e+03 6.307016653716601468e+03 1.398102092011871642e+19 8.133317072434590955e+04 4.838731640537596353e+37 7.884590554074275004e-02 7.430177426899412286e-06 6.725819337315582670e+05 6.701729238284659386e+08 1.102110380035666094e+04 7.700584358115331041e-01 3.344190370745217411e+00 5.444013773908431553e+00 5.637884243234571047e-01 1.191918613217958001e+00 4.228401998789554361e-01 
9.884959046625585556e+09 3.327749027896596999e+03 6.222210388743767908e+03 1.398102092011871642e+19 7.925378771028497431e+04 4.926116191837652074e+37 7.880693784117327738e-02 7.096718631087554083e-06 6.556023781909921672e+05 6.239368020378931761e+08 1.104365574462087898e+04 7.467087644812220315e-01 3.398775092436515433e+00 5.461176780356751692e+00 5.627529523825711699e-01 1.190894179691314836e+00 4.234054294211605507e-01 
1.023411402105452728e+10 3.445291257587250584e+03 6.137329036453554181e+03 1.398102092011871642e+19 7.722738108437777555e+04 5.015030642371706478e+37 7.877344485518930628e-02 6.776150370485111635e-06 6.390076112591715064e+05 5.806729048066043854e+08 1.106317296103463923e+04 7.241396589410676876e-01 3.453932657723653765e+00 5.478027093846370654e+00 5.617412127301611990e-01 1.189890934384704391e+00 4.239607529799607200e-01 
1.059560179277614784e+10 3.566985295495660466e+03 6.052425253864495062e+03 1.398102092011871642e+19 7.525260923289593484e+04 5.105501777099245193e+37 7.874532329504545236e-02 6.468112538920684489e-06 6.227907376118386164e+05 5.402094885502711535e+08 1.107968169615522311e+04 7.023217885235086833e-01 3.509665729671393120e+00 5.494565229731298572e+00 5.607528285480720687e-01 1.188908483547435502e+00 4.245062977589215691e-01 
1.096985797892381859e+10 3.692977791141087437e+03 5.967550270741785425e+03 1.398102092011871642e+19 7.332816416412602121e+04 5.197556849921783657e+37 7.872247216509051237e-02 6.172245465287246691e-06 6.069449315344265196e+05 5.023830450120588541e+08 1.109321125630524330e+04 6.812271569729593246e-01 3.565976695051541245e+00 5.510791516064823092e+00 5.597874687009551931e-01 1.187946541654929078e+00 4.250421068463107188e-01 
1.135733358343102837e+10 3.823420573974131457e+03 5.882753830550001112e+03 1.398102092011871642e+19 7.145277068155209417e+04 5.291223591892948701e+37 7.870479309111745592e-02 5.888191250428256504e-06 5.914634234821459977e+05 4.670380838849276900e+08 1.110379391440587460e+04 6.608289267841039871e-01 3.622868107427362983e+00 5.526706629329119380e+00 5.588447927861698306e-01 1.187004819193202110e+00 4.255682306828433847e-01 
1.175849554052158165e+10 3.958470836341470203e+03 5.798084158659352397e+03 1.398102092011871642e+19 6.962518557665109984e+04 5.386530219572307072e+37 7.869218808467315363e-02 5.615594390645853567e-06 5.763395016885988880e+05 4.340268668851997256e+08 1.111146479330296643e+04 6.411013674663907924e-01 3.680342689964267500e+00 5.542311274331944482e+00 5.579244673699903512e-01 1.186083023027940220e+00 4.260847265366817238e-01 
1.217382727739661980e+10 4.098291322913170006e+03 5.713587937105500714e+03 1.398102092011871642e+19 6.784419684087137284e+04 5.483505443525391824e+37 7.868456136312423910e-02 5.354102360123977034e-06 5.615665137536253314e+05 4.032091400558732748e+08 1.111626166370517240e+04 6.220198062023520880e-01 3.738403338018017497e+00 5.557606431576400219e+00 5.570261535074104708e-01 1.185180857050507575e+00 4.265916581355818082e-01 
1.260382929679727364e+10 4.243050526801078377e+03 5.629310283429444098e+03 1.398102092011871642e+19 6.610862289636713103e+04 5.582178476972667417e+37 7.868181984926621297e-02 5.103366152416251639e-06 5.471378682122908067e+05 3.744518653769604564e+08 1.111822476210872082e+04 6.035605808193963417e-01 3.797053121368439310e+00 5.572593422135424746e+00 5.561495036351141730e-01 1.184298022687087171e+00 4.270890952506410376e-01 
1.304901978014401627e+10 4.392922892604320623e+03 5.545294733655151504e+03 1.398102092011871642e+19 6.441731184507805301e+04 5.682579044589785269e+37 7.868387072525662163e-02 4.863040782285271154e-06 5.330470360867948039e+05 3.476289527517529726e+08 1.111739669116320147e+04 5.857009948842863967e-01 3.856295286600682992e+00 5.587273555380634527e+00 5.552941791241530201e-01 1.183434219265451892e+00 4.275771132688425680e-01 
1.350993521198025131e+10 4.548089026626814302e+03 5.461583229901220875e+03 1.398102092011871642e+19 6.276914073574208305e+04 5.784737391461992469e+37 7.869062330246666404e-02 4.632785745718751705e-06 5.192875523831101018e+05 3.226209930698704720e+08 1.111382223497762971e+04 5.684192750313555864e-01 3.916133258324781874e+00 5.601648385550826781e+00 5.544598374528071361e-01 1.182589144465999942e+00 4.280557927509937577e-01 
1.398713102647235870e+10 4.708735914520045299e+03 5.378216112914585210e+03 1.398102092011871642e+19 6.116301484844281367e+04 5.888684292195278666e+37 7.870198963179569907e-02 4.412265442227541729e-06 5.058530175592173473e+05 2.993149934754288793e+08 1.110754822018134291e+04 5.516945301391364964e-01 3.976570640931574641e+00 5.615719793194054787e+00 5.536461282507377790e-01 1.181762494823780374e+00 4.285252191066835081e-01 
1.448118227674535942e+10 4.875057146613395162e+03 5.295232118198378885e+03 1.398102092011871642e+19 5.959786699629788200e+04 5.994451060187060543e+37 7.871788192144646423e-02 4.201149559413590297e-06 4.927370989575767308e+05 2.776041155357525349e+08 1.109862335284228902e+04 5.355067123403680629e-01 4.037611220632200570e+00 5.629489611307776364e+00 5.528527116376085182e-01 1.180953966097814112e+00 4.289854822619544317e-01 
1.499268432786047173e+10 5.047253151203469315e+03 5.212668375288111747e+03 1.398102092011871642e+19 5.807265684390422393e+04 6.102069557059119263e+37 7.873821443871109604e-02 3.999113417455782746e-06 4.799335321585293859e+05 2.573874167697378993e+08 1.108709807302119953e+04 5.198365800717908991e-01 4.099258965659245746e+00 5.642959888829692794e+00 5.520792451696141523e-01 1.180163253579582738e+00 4.294366761956546763e-01 
1.552225357427047920e+10 5.225531436083811968e+03 5.130560412298422307e+03 1.398102092011871642e+19 5.658637024215947895e+04 6.211572202255783898e+37 7.876290418684092631e-02 3.805838279604599090e-06 4.674361222962696338e+05 2.385695965430354476e+08 1.107302438913836522e+04 5.046656626151488911e-01 4.161518027769363748e+00 5.656132982662232855e+00 5.513253793552658211e-01 1.179390052612381945e+00 4.298788987204490430e-01 
1.607052818261638451e+10 5.410106838605717712e+03 5.048942161886168833e+03 1.398102092011871642e+19 5.513801857909258251e+04 6.322991982810068656e+37 7.879186823960614150e-02 3.621011626623251679e-06 4.552387453133499948e+05 2.210607466538741589e+08 1.105645574048155504e+04 4.899762263828242315e-01 4.224392742862628225e+00 5.669011169579947662e+00 5.505907764502856461e-01 1.178634058718475375e+00 4.303122510366732545e-01 
1.663816886076127434e+10 5.601201784571736425e+03 4.967845972223906756e+03 1.398102092011871642e+19 5.372663814633747097e+04 6.436362463280830614e+37 7.882502566647715814e-02 3.444327397476622435e-06 4.433353491437063785e+05 2.047761071760136783e+08 1.103744685472544370e+04 4.757512427270679800e-01 4.287887631636947638e+00 5.681596915949306492e+00 5.498750971929953213e-01 1.177894968058994074e+00 4.307368374918488230e-01 
1.722585965398783875e+10 5.799046556273759052e+03 4.887302620541719989e+03 1.398102092011871642e+19 5.235128952089490485e+04 6.551717795863893761e+37 7.886229823786188031e-02 3.275486197562837332e-06 4.317199548306443030e+05 1.896358279932830632e+08 1.101605360921734973e+04 4.619743572381707075e-01 4.352007400071860488e+00 5.693892974652902339e+00 5.491779961033866897e-01 1.177172477785132232e+00 4.311527653102572022e-01 
1.783430876931905746e+10 6.003879569998706756e+03 4.807341328368721406e+03 1.398102092011871642e+19 5.101105696183299733e+04 6.669092730680197564e+37 7.890360772252308363e-02 3.114195475913016784e-06 4.203866575813426753e+05 1.755647363997908533e+08 1.099233288371525850e+04 4.486298604733590656e-01 4.416756939659076231e+00 5.705901990114599975e+00 5.484991403732362159e-01 1.176466286130297467e+00 4.315601442009011079e-01 
1.846424942895546341e+10 6.215947663336250116e+03 4.727989780964954662e+03 1.398102092011871642e+19 4.970504782158447779e+04 6.788522626244090591e+37 7.894887782586181013e-02 2.960169672744917346e-06 4.093296277408139431e+05 1.624921110687435567e+08 1.096634244616066280e+04 4.357026600125692428e-01 4.482141327631701699e+00 5.717626772242413224e+00 5.478381965151152277e-01 1.175776092813997309e+00 4.319590861598207598e-01 
1.911644075385703659e+10 6.435506392634646545e+03 4.649274148725075975e+03 1.398102092011871642e+19 4.843239197150621476e+04 6.910043460114814170e+37 7.899803489436600656e-02 2.813130338935641011e-06 3.985431116944632377e+05 1.503514626587710381e+08 1.093814081259535487e+04 4.231782538032744512e-01 4.548165827051963817e+00 5.729070394289292878e+00 5.471948256335622540e-01 1.175101599338817859e+00 4.323497052403364460e-01 
1.979166867853557205e+10 6.662820340963516173e+03 4.571219114142708349e+03 1.398102092011871642e+19 4.719224124137069884e+04 7.033691839734617761e+37 7.905100521338613573e-02 2.672806169654271002e-06 3.880214359993952094e+05 1.390803193636142910e+08 1.090778711787467546e+04 4.110427243410305631e-01 4.614835701030375326e+00 5.740235668268310221e+00 5.465687148064048984e-01 1.174442536456020925e+00 4.327320854993640942e-01 
2.049074689815846252e+10 6.898163436954177087e+03 4.493847888049194808e+03 1.398102092011871642e+19 4.598376887247058767e+04 7.159505013456482995e+37 7.910771694961715728e-02 2.538933212097347951e-06 3.777590007382196491e+05 1.286200260425136834e+08 1.087534100506978575e+04 3.992826698574459265e-01 4.682156611915128330e+00 5.751125706103395352e+00 5.459595356050171988e-01 1.173798603666731610e+00 4.331063498962821612e-01 
2.121451784910627747e+10 7.141819284902133404e+03 4.417182240357044066e+03 1.398102092011871642e+19 4.480616898401950311e+04 7.287520881764981178e+37 7.916810082839594032e-02 2.411254852145231230e-06 3.677502827150212834e+05 1.189155435754564404e+08 1.084086249979496097e+04 3.878851971852064762e-01 4.750134507112515614e+00 5.761743922504259707e+00 5.453669487799054361e-01 1.173169489360606610e+00 4.334726392395741312e-01 
2.196385372416542435e+10 7.394081506529380931e+03 4.341242533428678144e+03 1.398102092011871642e+19 4.365865605254119146e+04 7.417778008693578406e+37 7.923208746168450278e-02 2.289521769822716684e-06 3.579898399664368480e+05 1.099152555890204012e+08 1.080441189890447276e+04 3.768379226090107226e-01 4.818775392395464152e+00 5.772093488861686161e+00 5.447906377074428486e-01 1.172554903535630411e+00 4.338310735366019966e-01 
2.273965752357932281e+10 7.655254094818392332e+03 4.266047749989977092e+03 1.398102092011871642e+19 4.254046440394506499e+04 7.550315633441843171e+37 7.929960929710470896e-02 2.173491984781283457e-06 3.484723099552957574e+05 1.015707858912264556e+08 1.076604966843812508e+04 3.661289367864100641e-01 4.888085458389672233e+00 5.782177702575698852e+00 5.442302861405370340e-01 1.171954558911923794e+00 4.341817737385348930e-01 
2.354286414322420120e+10 7.925651780344038343e+03 4.191615525014296509e+03 1.398102092011871642e+19 4.145084771799327427e+04 7.685173682195955628e+37 7.937060124174986908e-02 2.062930839038618280e-06 3.391924100191481994e+05 9.383682167185994983e+07 1.072583634017421173e+04 3.557467846295130909e-01 4.958071080076194015e+00 5.792000075044438034e+00 5.436855739930901432e-01 1.171368171142399994e+00 4.345248615675839088e-01 
2.437444150122221756e+10 8.205600410545332124e+03 4.117962177816794792e+03 1.398102092011871642e+19 4.038907854486779979e+04 7.822392780156340794e+37 7.944499804611802884e-02 1.957610962167081338e-06 3.301449377477111993e+05 8.667094389569400251e+07 1.068383241310478115e+04 3.456804461088291425e-01 5.028738816172012349e+00 5.801563946919883641e+00 5.431561951829045887e-01 1.170795458771783260e+00 4.348604592318635609e-01 
2.523539170434766006e+10 8.495437342393432118e+03 4.045102746464337088e+03 1.398102092011871642e+19 3.935444783355711843e+04 7.962014263775706794e+37 7.952273625531781909e-02 1.857312220252730338e-06 3.213247712797920685e+05 8.003346482104285061e+07 1.064009826233637068e+04 3.359193179180178790e-01 5.100095408556377663e+00 5.810872769603786736e+00 5.426418442736381520e-01 1.170236143516608207e+00 4.351886893246437737e-01 
2.612675225563326645e+10 8.795511848929563712e+03 3.973051022577763888e+03 1.398102092011871642e+19 3.834626447178330272e+04 8.104080193211420924e+37 7.960375475591878469e-02 1.761821650061699984e-06 3.127268695290766773e+05 7.388727256360720098e+07 1.059469405253932200e+04 3.264531959730311295e-01 5.172147781631895924e+00 5.819930182813268793e+00 5.421422127676605029e-01 1.169689950429890990e+00 4.355096746814277608e-01 
2.704959730463131714e+10 9.106185540162588950e+03 3.901819585981972978e+03 1.398102092011871642e+19 3.736385483719893818e+04 8.248633364995895654e+37 7.968799224576278428e-02 1.670933379747257147e-06 3.043462723419825779e+05 6.819768259770023823e+07 1.054767965297581031e+04 3.172722587095417879e-01 5.244903041586778336e+00 5.828739642286329570e+00 5.416570062250518625e-01 1.169156607827394279e+00 4.358235381284779608e-01 
2.800503894183625412e+10 9.427832798833431298e+03 3.831419841150948287e+03 1.398102092011871642e+19 3.640656235958856269e+04 8.395717324928789857e+37 7.977538918319229677e-02 1.584448537297509963e-06 2.961781005796243553e+05 6.293229606123911589e+07 1.049911456149998412e+04 3.083670511250302115e-01 5.318368475728627587e+00 5.837304702392164479e+00 5.411859309626747550e-01 1.168635847531217520e+00 4.361304024130149282e-01 
2.899422853882881165e+10 9.760841231571563185e+03 3.761862053631736217e+03 1.398102092011871642e+19 3.547374709381465073e+04 8.545376381194946705e+37 7.986588823302626095e-02 1.502175148008994269e-06 2.882175561333771911e+05 5.806086472409981489e+07 1.044905783351337777e+04 2.997284695434830892e-01 5.392551551771041396e+00 5.845629079636892378e+00 5.407286910179524009e-01 1.168127404992415519e+00 4.364303900858478302e-01 
3.001835813575592041e+10 1.010561213598696486e+04 3.693155386027323857e+03 1.398102092011871642e+19 3.456478530325504835e+04 8.697655617711897135e+37 7.995943184987085173e-02 1.423928022162767377e-06 2.804599218772598542e+05 5.355516246019998938e+07 1.039756800985401060e+04 2.913477470711635653e-01 5.467459917041052719e+00 5.853716297152881332e+00 5.402850043691543869e-01 1.167631019191997188e+00 4.367236232811214092e-01 
3.107866187782014084e+10 1.046256098426103381e+04 3.625307935317652209e+03 1.398102092011871642e+19 3.367906905348152213e+04 8.852600907711243241e+37 8.005596422210388419e-02 1.349528633956630070e-06 2.729005615505145397e+05 4.938886304692637920e+07 1.034470305426325831e+04 2.832164396964823583e-01 5.543101397781364348e+00 5.861569967663874614e+00 5.398545897219392264e-01 1.167146432853335192e+00 4.370102236741109092e-01 
3.217641750250735474e+10 1.083211792381840496e+04 3.558326769809521920e+03 1.398102092011871642e+19 3.281600581593878451e+04 9.010258927557627696e+37 8.015543159285028196e-02 1.278804992807876989e-06 2.655349195798307774e+05 4.553742411343315989e+07 1.029052029572300489e+04 2.753264130159102652e-01 5.619483998417946324e+00 5.869193839270155699e+00 5.394371643043064379e-01 1.166673392526175412e+00 4.372903123849264384e-01 
3.331294787934670258e+10 1.121472829568364614e+04 3.492217965429134892e+03 1.398102092011871642e+19 3.197501808138468186e+04 9.170677170809732016e+37 8.025777998515573608e-02 1.211591508032751458e-06 2.583585208442134026e+05 4.197797704722474515e+07 1.023507637619055458e+04 2.676698295580681730e-01 5.696615900766945018e+00 5.876591461119788029e+00 5.390324590114385916e-01 1.166211648469499540e+00 4.375640097873179646e-01 
3.448962260405752563e+10 1.161085317114720419e+04 3.426986642958970606e+03 1.398102092011871642e+19 3.115554298285972254e+04 9.333903962527435733e+37 8.036295713682994890e-02 1.147728847799339454e-06 2.513669703771139029e+05 3.868922265894303471e+07 1.017842719458624379e+04 2.602391366651021221e-01 5.774505463355479762e+00 5.883766465874723295e+00 5.386402053130867618e-01 1.165760954837490759e+00 4.378314354906443495e-01 
3.570785964900469971e+10 1.202096990738745080e+04 3.362637004615427031e+03 1.398102092011871642e+19 3.035703192795860014e+04 9.499988473829478217e+37 8.047091267190892294e-02 1.087063793292320377e-06 2.445559530150386272e+05 3.565133240682400018e+07 1.012062786211030834e+04 2.530270549166047656e-01 5.853161220716504687e+00 5.890722594083459995e+00 5.382601340386545807e-01 1.165321069727806247e+00 4.380927082603701117e-01 
3.696912707195031738e+10 1.244557272271805232e+04 3.299172369821152643e+03 1.398102092011871642e+19 2.957895024018213735e+04 9.668980736705886507e+37 8.058159599716865906e-02 1.029449088924330868e-06 2.379212329952986038e+05 3.284585497582984343e+07 1.006173266045745731e+04 2.460265670713429054e-01 5.932591882639543179e+00 5.897463385540073766e+00 5.378919892656151003e-01 1.164891755053049982e+00 4.383479458539245588e-01 
3.827494478516314697e+10 1.288517329215465907e+04 3.236595211587537960e+03 1.398102092011871642e+19 2.882077680915084056e+04 9.840931659089953844e+37 8.069495822305984556e-02 9.747432893341385875e-07 2.314586534985935432e+05 3.025562800254232436e+07 1.000179499800523809e+04 2.392309074912835898e-01 6.012806333551516502e+00 5.903992460275437004e+00 5.375355153855828627e-01 1.164472776704483126e+00 4.385972650236551473e-01 
3.962688638701478577e+10 1.334030136401759228e+04 3.174907192008060520e+03 1.398102092011871642e+19 2.808200374946986267e+04 1.001589304019386604e+38 8.081095216080257104e-02 9.228106039397331923e-07 2.251641361453466816e+05 2.786469474112850055e+07 9.940867378713028302e+03 2.326335520360966469e-01 6.093813631875378611e+00 5.910313517815854567e+00 5.371904570368032372e-01 1.164063904566843277e+00 4.388407814498814230e-01 
4.102658105827190399e+10 1.381150539831432070e+04 3.114109196860376869e+03 1.398102092011871642e+19 2.736213606803624862e+04 1.019391758611292661e+38 8.092953042090561544e-02 8.735207397172231729e-07 2.190336804479343700e+05 2.565822546345944703e+07 9.879001371853673845e+03 2.262282084058520604e-01 6.175623009361375537e+00 5.916430058844809103e+00 5.368565715506238289e-01 1.163664912384831718e+00 4.390786096022323837e-01 
4.247571552536894226e+10 1.429935322767076468e+04 3.054201370539072286e+03 1.398102092011871642e+19 2.666069133958616658e+04 1.037505892570298213e+38 8.105064731439919068e-02 8.267487427980658179e-07 2.130633632155287487e+05 2.362244338668519631e+07 9.816247584084705522e+03 2.200088069013675929e-01 6.258243870560611377e+00 5.922345663604494881e+00 5.365336162194667136e-01 1.163275577908141178e+00 4.393108627605313843e-01 
4.397603609302712250e+10 1.480443274160786314e+04 2.995183149921993390e+03 1.398102092011871642e+19 2.597719939028381850e+04 1.055937162673577964e+38 8.117425865061923818e-02 7.823748394944553915e-07 2.072493379200388154e+05 2.174455492754955962e+07 9.752655635451512353e+03 2.139694915927918550e-01 6.341685792276040345e+00 5.928063962380173635e+00 5.362213495305855337e-01 1.162895682874565351e+00 4.395376529563757573e-01 
4.552935074866938019e+10 1.532735259498809683e+04 2.937053297314269003e+03 1.398102092011871642e+19 2.531120198915822039e+04 1.074691121233719759e+38 8.130032006936992184e-02 7.402842772740353406e-07 2.015878340246982407e+05 2.001268408355326578e+07 9.688274139342196577e+03 2.081046118761289976e-01 6.425958523003650669e+00 5.933588392146451618e+00 5.359195419822034845e-01 1.162525012877518416e+00 4.397590908587665770e-01 
4.713753134116728973e+10 1.586874294148568333e+04 2.879809933491761512e+03 1.398102092011871642e+19 2.466225254719840450e+04 1.093773417771329937e+38 8.142878891557005228e-02 7.003671661422263682e-07 1.960751562729525031e+05 1.841581074416855350e+07 9.623150681801285828e+03 2.024087143916928067e-01 6.511071982524128110e+00 5.938922471121979463e+00 5.356279636022589496e-01 1.162163357495409777e+00 4.399752858100416941e-01 
4.880251583654433441e+10 1.642925619296397781e+04 2.823450569547791019e+03 1.398102092011871642e+19 2.402991582392250348e+04 1.113189800716906772e+38 8.155962381314678378e-02 6.625183209005176514e-07 1.907076839456406888e+05 1.694371274231243506e+07 9.557331807019596454e+03 1.968765352970704707e-01 6.597036261467752460e+00 5.944069736937827031e+00 5.353463866309406960e-01 1.161810510244244643e+00 4.401863457722221540e-01 
5.052631065335679626e+10 1.700956780567612805e+04 2.767972137832986846e+03 1.398102092011871642e+19 2.341376764123872272e+04 1.132946119142537177e+38 8.169278326294371340e-02 6.266371046692431486e-07 1.854818700873357884e+05 1.558691145915409178e+07 9.490863005307268395e+03 1.915029928758663347e-01 6.683861620888659871e+00 5.949033542932744112e+00 5.350745945187797004e-01 1.161466268451870842e+00 4.403923772360826550e-01 
5.231099308056258392e+10 1.761037709423515116e+04 2.713371022805407392e+03 1.398102092011871642e+19 2.281339460442317068e+04 1.153048324523886247e+38 8.182822748283746783e-02 5.926272740155250466e-07 1.803942407003860862e+05 1.433662080029467680e+07 9.423788707009494829e+03 1.862831804603845565e-01 6.771558491993545204e+00 5.953817327472386012e+00 5.348123697503406326e-01 1.161130433374107707e+00 4.405934852694765591e-01 
5.415871378079464722e+10 1.823240807433523150e+04 2.659643090594285241e+03 1.398102092011871642e+19 2.222839383004072079e+04 1.173502472533045971e+38 8.196591773416991855e-02 5.603968260318036415e-07 1.754413939140948933e+05 1.318469936878218502e+07 9.356152270448919808e+03 1.812123596624345412e-01 6.860137475836089571e+00 5.958424516481155564e+00 5.345594981126110534e-01 1.160802810117686601e+00 4.407897734649432464e-01 
5.607169938205469513e+10 1.887641033523953229e+04 2.606783717710578912e+03 1.398102092011871642e+19 2.165837268064080854e+04 1.194314724862774813e+38 8.210581521716439624e-02 5.298578476396696267e-07 1.706199991291893530e+05 1.212360566455258988e+07 9.287995977483657043e+03 1.762859538947719462e-01 6.949609343042153498e+00 5.962858363907781900e+00 5.343157756933707425e-01 1.160483207526459948e+00 4.409813438717263834e-01 
5.805225516094907379e+10 1.954315994308546942e+04 2.554787819514507646e+03 1.398102092011871642e+19 2.110294850606374894e+04 1.215491351082660327e+38 8.224788286764618539e-02 5.009263673594573599e-07 1.659267961369490949e+05 1.114635614591462538e+07 9.219361026908796703e+03 1.714995421651631102e-01 7.039985033688941130e+00 5.967122214314082740e+00 5.340809970682739438e-01 1.160171438286276446e+00 4.411682970539979043e-01 
6.010276782070388031e+10 2.023346037609718769e+04 2.503649877341585579e+03 1.398102092011871642e+19 2.056174839119566968e+04 1.237038730527806956e+38 8.239208441429483887e-02 4.735222097872425198e-07 1.613585942198360281e+05 1.024648599610236660e+07 9.150287535802150160e+03 1.668488531385046991e-01 7.131275657139654278e+00 5.971219366799561001e+00 5.338549612765378649e-01 1.159867318818669668e+00 4.413507320365571140e-01 
6.222570836730231476e+10 2.094814349283066986e+04 2.453363964859176122e+03 1.398102092011871642e+19 2.003440891001637647e+04 1.258963354220562087e+38 8.253838360187956691e-02 4.475688529588726844e-07 1.569122712330554496e+05 9.418012442703504115e+06 9.080814541234174612e+03 1.623297594505228036e-01 7.223492491932931081e+00 5.975152963846515952e+00 5.336374766511141621e-01 1.159570669183926261e+00 4.415287462595243184e-01 
6.442363508721369934e+10 2.168807053461946634e+04 2.403923774057072933e+03 1.398102092011871642e+19 1.952057588578557261e+04 1.281271826825902558e+38 8.268674593503941295e-02 4.229932887585492059e-07 1.525847726671924756e+05 8.655400484262337908e+06 9.010980002997323027e+03 1.579382722585094267e-01 7.316646985821758875e+00 5.978926245618740865e+00 5.334283494301894635e-01 1.159281313176214967e+00 4.417024356442378341e-01 
6.669919663030114746e+10 2.245413316342854887e+04 2.355322639870220428e+03 1.398102092011871642e+19 1.901990415721798854e+04 1.303970868641049456e+38 8.283713744754117592e-02 3.997258865281655931e-07 1.483731106981580961e+05 7.953530885433753952e+06 8.940820808032673085e+03 1.536705360255312125e-01 7.410750755754513364e+00 5.982542372811555431e+00 5.332273915396277264e-01 1.158999078188204468e+00 4.418718945341516546e-01 
6.905513520162316895e+10 2.324725453636709062e+04 2.307553564137865578e+03 1.398102092011871642e+19 1.853205735050105068e+04 1.327067317619921308e+38 8.298952428075645482e-02 3.777002599796877172e-07 1.442743632231471129e+05 7.307670307062724605e+06 8.870372778211682089e+03 1.495228235223981239e-01 7.505815587938476696e+00 5.986004367562194339e+00 5.330344231087015272e-01 1.158723795135428780e+00 4.420372156721403822e-01 
7.149428986597561646e+10 2.406839041815500605e+04 2.260609239099090701e+03 1.398102092011871642e+19 1.805670765701203345e+04 1.350568131433024489e+38 8.314387436463624437e-02 3.568531375013616271e-07 1.402856728834947280e+05 6.713443444092660211e+06 8.799670680122108024e+03 1.454915310360450631e-01 7.601853438043786326e+00 5.989315357890761859e+00 5.328492615672302257e-01 1.158455298542742096e+00 4.421984902719983679e-01 
7.401959996915652466e+10 2.491853033288398365e+04 2.214482069518029675e+03 1.398102092011871642e+19 1.759353561659511979e+04 1.374480389563417031e+38 8.330015588434322438e-02 3.371242359453459974e-07 1.364042460800335393e+05 6.166807050748560578e+06 8.728748224005197699e+03 1.415731737814817370e-01 7.698876431334372938e+00 5.992478357693444835e+00 5.326717313047011348e-01 1.158193426380040192e+00 4.423558079520824582e-01 
7.663410868007463074e+10 2.579869875646030050e+04 2.169164194265923925e+03 1.398102092011871642e+19 1.714222990626246974e+04 1.398811295439347453e+38 8.345833723671490512e-02 3.184561379379568754e-07 1.326273519789765996e+05 5.664025737354518846e+06 8.657638078869416859e+03 1.377643815022679130e-01 7.796896862911856907e+00 5.995496262623776218e+00 5.325016637584628620e-01 1.157938020011728852e+00 4.425092567351888717e-01 
7.934096665797491455e+10 2.670995635116796984e+04 2.124647507363382374e+03 1.398102092011871642e+19 1.670248713418524494e+04 1.423568178604264150e+38 8.361838863872390892e-02 3.007941727510446080e-07 1.289523215098852816e+05 5.201649429412886500e+06 8.586371884686557678e+03 1.340618942510000133e-01 7.895927198087322907e+00 5.998372083173086011e+00 5.323388870548673157e-01 1.157688924275299458e+00 4.426589231238275968e-01 
8.214343584919421387e+10 2.765340124383788498e+04 2.080923677669140488e+03 1.398102092011871642e+19 1.627401163884585367e+04 1.448758496924785410e+38 8.378028028256365167e-02 2.840863007685210629e-07 1.253765463607061683e+05 4.776492385471371934e+06 8.514980266737682541e+03 1.304625583475263195e-01 7.995980072662542959e+00 6.001108680920201444e+00 5.321832375766017975e-01 1.157445987288359568e+00 4.428048920245165054e-01 
8.504489341802668762e+10 2.863017034916478224e+04 2.037984168153823248e+03 1.398102092011871642e+19 1.585651529322381248e+04 1.474389838837342609e+38 8.394398268599508051e-02 2.682830015424320623e-07 1.218974779672713776e+05 4.385613674935938790e+06 8.443492845349341223e+03 1.269633225003861943e-01 8.097068293358722357e+00 6.003708821205725243e+00 5.320345575563478757e-01 1.157209060426353409e+00 4.429472467702023075e-01 
8.804883581643446350e+10 2.964144073976607615e+04 1.995820254575874969e+03 1.398102092011871642e+19 1.544971731389148772e+04 1.500469925634149186e+38 8.410946821933305839e-02 2.533371654374238053e-07 1.185126264994432277e+05 4.026299022807154339e+06 8.371938252306943468e+03 1.235612340855220814e-01 8.199204838355838021e+00 6.006175393501894888e+00 5.318926853137291300e-01 1.156977998393757145e+00 4.430860691976162835e-01 
9.115888299750837708e+10 3.068843106463385993e+04 1.954423042836655441e+03 1.398102092011871642e+19 1.505334407489893420e+04 1.527006613789202252e+38 8.427670894760030951e-02 2.392039888570082278e-07 1.152195598482643836e+05 3.696043933526985813e+06 8.300344145801669583e+03 1.202534355803304561e-01 8.302402857723883756e+00 6.008511104173168249e+00 5.317574687135969702e-01 1.156752659002999950e+00 4.432214395607381174e-01 
9.437878277775390625e+10 3.177240301768856443e+04 1.913783486207458509e+03 1.398102092011871642e+19 1.466712892632995499e+04 1.554007897324982879e+38 8.444567738220183639e-02 2.258408730318483657e-07 1.120159026115873712e+05 3.392538010684236418e+06 8.228737225048815162e+03 1.170371611304861642e-01 8.406675674653445896e+00 6.010718586481791803e+00 5.316287602491417408e-01 1.156532903275412805e+00 4.433534366347050559e-01 
9.771241535346501160e+10 3.289466285820596386e+04 1.873892401123774107e+03 1.398102092011871642e+19 1.429081201741352379e+04 1.581481910220631234e+38 8.461634791494888896e-02 2.132073262165476284e-07 1.088993350771761470e+05 3.113650392292441335e+06 8.157143238568933157e+03 1.139097332977320326e-01 8.512036783702910725e+00 6.012800606529681069e+00 5.315064079569644662e-01 1.156318595134044891e+00 4.434821375564349522e-01 
1.011637979766206970e+11 3.405656298494713701e+04 1.834740483297905939e+03 1.398102092011871642e+19 1.392414012407901646e+04 1.609436928862245028e+38 8.478869436159550133e-02 2.012648695701560853e-07 1.058675922163963987e+05 2.857416232861276716e+06 8.085587015490481463e+03 1.108685598563831365e-01 8.618499855058132653e+00 6.014759715147313557e+00 5.313902706257882524e-01 1.156109601712816959e+00 4.436076180827273618e-01 
1.047370897959448700e+11 3.525950356589027069e+04 1.796318322068145562e+03 1.398102092011871642e+19 1.356686648084480294e+04 1.637881374536096352e+38 8.496269110273951819e-02 1.899769462363972577e-07 1.029184626723760302e+05 2.622024155482143164e+06 8.014092479873141201e+03 1.079111308001620279e-01 8.726078732884028355e+00 6.016598412823270792e+00 5.312802105047279566e-01 1.155905793024479378e+00 4.437299524185323030e-01 
1.084365968689608612e+11 3.650493422552746051e+04 1.758616414885899076e+03 1.398102092011871642e+19 1.321875061693331918e+04 1.666823815965496202e+38 8.513831442871443167e-02 1.793088338911381224e-07 1.000497877552281861e+05 2.405804613750937860e+06 7.942682646098267469e+03 1.050350154254709178e-01 8.834787436806159633e+00 6.018319341905908004e+00 5.311760848279214464e-01 1.155707042111146610e+00 4.438492133540815066e-01 
1.122667773510811310e+11 3.779435579175998282e+04 1.721625180421202913e+03 1.398102092011871642e+19 1.287955819650801277e+04 1.696272971892071169e+38 8.531553979308978408e-02 1.692275605716206117e-07 9.725946044376638019e+04 2.207219099969004281e+06 7.871379657688555199e+03 1.022378595427207715e-01 8.944640162633969993e+00 6.019924899177296673e+00 5.310777627452114569e-01 1.155513224770933878e+00 4.439654721544245009e-01 
1.162322468679849396e+11 3.912932210449700506e+04 1.685334971620123724e+03 1.398102092011871642e+19 1.254906086293009685e+04 1.726237713702233927e+38 8.549434332950227311e-02 1.597018237288764596e-07 9.454542439039758756e+04 2.024850141835979884e+06 7.800204809122782535e+03 9.951738279390895392e-02 9.055651283345712343e+00 6.021417453320144553e+00 5.309851157346597850e-01 1.155324219628660609e+00 4.440787986457623848e-01 
1.203377840777590485e+11 4.051144188813767687e+04 1.649736088082215474e+03 1.398102092011871642e+19 1.222703608693547176e+04 1.756727068099641266e+38 8.567470309955375896e-02 1.507019124394763943e-07 9.190567293267764035e+04 1.857392033550916938e+06 7.729178550319404167e+03 9.687137607610074586e-02 9.167835350120167703e+00 6.022799522233471592e+00 5.308980098022364480e-01 1.155139908187173825e+00 4.441892612917136551e-01 
1.245883364295008087e+11 4.194238069019177783e+04 1.614818787282624726e+03 1.398102092011871642e+19 1.191326701863485869e+04 1.787750219824417518e+38 8.585659609813936499e-02 1.421996327063591229e-07 8.933824811425429652e+04 1.703642250522154383e+06 7.658320504568773686e+03 9.429769906947976787e-02 9.281207093201727432e+00 6.024073352797228331e+00 5.308163238274212770e-01 1.154960174531810102e+00 4.442969270713579832e-01 
1.289890261253308105e+11 4.342386288837772008e+04 1.580573295843689721e+03 1.398102092011871642e+19 1.160754234324163917e+04 1.819316514420031590e+38 8.604000009946388694e-02 1.341682357593019791e-07 8.684123971100442577e+04 1.562493499754736200e+06 7.587649487711136317e+03 9.179427785763534520e-02 9.395781423066148719e+00 6.025241183583933235e+00 5.307399380173956072e-01 1.154784905429888209e+00 4.444018615836595743e-01 
1.335451562929897461e+11 4.495767376861329103e+04 1.546989820127976145e+03 1.398102092011871642e+19 1.130965614043572896e+04 1.851435461048568226e+38 8.622489481152373347e-02 1.265823492833242460e-07 8.441278426607216534e+04 1.432926361462511122e+06 7.517183531313141430e+03 8.935910264096545708e-02 9.511573431609916085e+00 6.026305407898869149e+00 5.306687267462862900e-01 1.154613990376399002e+00 4.445041291217771695e-01 
1.382622173764653625e+11 4.654566167640572530e+04 1.514058555747835271e+03 1.398102092011871642e+19 1.101940774727242024e+04 1.884116735355313629e+38 8.641125868789110986e-02 1.194179114971099642e-07 8.205106413606791466e+04 1.314002480207396904e+06 7.446939901873179224e+03 8.699022554194756063e-02 9.628598393155108681e+00 6.027268128864548657e+00 5.306025779609679915e-01 1.154447321280750449e+00 4.446037925412766878e-01 
1.431458937523481445e+11 4.818974024423280207e+04 1.481759888390190781e+03 1.398102092011871642e+19 1.073660162454840065e+04 1.917370182383489213e+38 8.651663584224553172e-02 1.126521904452006192e-07 7.975434564921591664e+04 1.204859738993936684e+06 7.376937234525194981e+03 8.468582107303793127e-02 9.746867120340937163e+00 6.016657051756221897e+00 5.310429890307453160e-01 1.154277784179996491e+00 4.446968854888636025e-01 
1.482020705798860168e+11 4.989189069759823178e+04 1.450072792617342657e+03 1.398102092011871642e+19 1.046104722653897625e+04 1.951205819539999379e+38 8.645793063551222846e-02 1.062636353164381325e-07 7.752095165867911419e+04 1.104704848976862384e+06 7.307192309862332877e+03 8.244415899619043919e-02 9.866386321946302829e+00 5.983069237353343617e+00 5.324956095209224527e-01 1.154096768237532489e+00 4.447781720349394674e-01 
1.534368408930013123e+11 5.165416424254306912e+04 1.418984355828160233e+03 1.398102092011871642e+19 1.019255887402216831e+04 1.985633839613140811e+38 8.624638836095187278e-02 1.002317809027110597e-07 7.534921102023891581e+04 1.012806900542896823e+06 7.237730715865276579e+03 8.026347442099955598e-02 9.987170030444746160e+00 5.928393324875111503e+00 5.348987696287397231e-01 1.153900877321721641e+00 4.448457088991330521e-01 
1.588565129428052673e+11 5.347868453748653701e+04 1.388487642415873779e+03 1.398102092011871642e+19 9.930955630508437025e+03 2.020664613843102544e+38 8.594067202202397560e-02 9.453719675408351319e-08 7.323749218821340764e+04 9.284930998044308508e+05 7.168427139462365631e+03 7.814207664137147458e-02 1.010922962203781239e+01 5.861060834082038262e+00 5.379049395265016464e-01 1.153691405155114813e+00 4.448992401251301576e-01 
1.644676177994662781e+11 5.536765025237775990e+04 1.358579287132961554e+03 1.398102092011871642e+19 9.676061181595634480e+03 2.056308695046246981e+38 8.559532838473705996e-02 8.916147034677023063e-08 7.118419342954058084e+04 8.511444778504860587e+05 7.099426726591366787e+03 7.607829281960290513e-02 1.023257973734093795e+01 5.788759509115569912e+00 5.411869395197255184e-01 1.153472604483767538e+00 4.449401039144931791e-01 
1.702769172225897827e+11 5.732333771824124415e+04 1.329246996174535070e+03 1.398102092011871642e+19 9.427703717371470702e+03 2.092576820794085363e+38 8.520912835878935443e-02 8.408721868825746882e-08 6.918778888756466040e+04 7.801927942678713007e+05 7.030793134240519976e+03 7.407056232834074994e-02 1.035722936301646691e+01 5.711463753301379676e+00 5.447582329793621003e-01 1.153242036287156935e+00 4.449656169877714285e-01 
1.762914118095944214e+11 5.934810367030924681e+04 1.300477763853258466e+03 1.398102092011871642e+19 9.185715817787398919e+03 2.129479916647905380e+38 8.478012720221154985e-02 7.929798800653852118e-08 6.724680393073477899e+04 7.151156987691571703e+05 6.962564283972671547e+03 7.211739837586962631e-02 1.048318406864028418e+01 5.629064222295792952e+00 5.486375738453750373e-01 1.152996661617810670e+00 4.449721672942132389e-01 
1.825183494319038696e+11 6.144438808804658765e+04 1.272258170736004104e+03 1.398102092011871642e+19 8.949934340929748942e+03 2.167029099450035826e+38 8.430522173445491318e-02 7.477822617739226608e-08 6.535981448710241966e+04 6.554332441636307631e+05 6.894805666557384939e+03 7.021736829271793545e-02 1.061044806736606283e+01 5.541314959324084910e+00 5.528522563205126028e-01 1.152733037727827314e+00 4.449553189550518040e-01 
1.889652339691211548e+11 6.361471713549064589e+04 1.244574195383252118e+03 1.398102092011871642e+19 8.720200314115694709e+03 2.205235680672733570e+38 8.378131105262069667e-02 7.051322082144189302e-08 6.352545959498755838e+04 6.007044700169244315e+05 6.827602013373179943e+03 6.836914829677395722e-02 1.073901661146023656e+01 5.447992041359009718e+00 5.574310839210079305e-01 1.152447416087705623e+00 4.449089733019619408e-01 
1.956398343517064819e+11 6.586170620544828125e+04 1.217411231727989161e+03 1.398102092011871642e+19 8.496358827743633810e+03 2.244111169825681513e+38 8.320473373470953227e-02 6.648909389542378124e-08 6.174242766291771113e+04 5.505244499175063102e+05 6.761084904292512874e+03 6.657144211816319601e-02 1.086888590555618528e+01 5.348824578899619375e+00 5.624081071962704348e-01 1.152135414597928120e+00 4.448260238180826720e-01 
2.025501939230666504e+11 6.818806307122202998e+04 1.190754079493014160e+03 1.398102092011871642e+19 8.278258931828668210e+03 2.283667277923185952e+38 8.257141720185844080e-02 6.269274004081190107e-08 6.000948241274197062e+04 5.045214415915714344e+05 6.695466072896911101e+03 6.482308058371261117e-02 1.100003935778521402e+01 5.243517243998105926e+00 5.678222797364493868e-01 1.151792580622918782e+00 4.446968930649126128e-01 
2.097046401323230591e+11 7.059659114965841582e+04 1.164586882964563074e+03 1.398102092011871642e+19 8.065753535156596627e+03 2.323915921012035950e+38 8.187706159043547927e-02 5.911181051943233308e-08 5.832545899383003416e+04 4.623543225220118184e+05 6.631102987041234883e+03 6.312298223091525329e-02 1.113245154723269259e+01 5.131779744938765653e+00 5.737165110189982320e-01 1.151414247642109645e+00 4.445095666066880558e-01 
2.171117945694500732e+11 7.309019287945453834e+04 1.138893230291770124e+03 1.398102092011871642e+19 7.858699306990393779e+03 2.364869223761146749e+38 8.111688921045540068e-02 5.573469670040008085e-08 5.668926976306748111e+04 4.237102794721830287e+05 6.568687444768412206e+03 6.147014262269349938e-02 1.126608926651551279e+01 5.013300485157984099e+00 5.801398111753847120e-01 1.150995764580063030e+00 4.442492596969808694e-01 
2.247805833548729858e+11 7.567187321879262163e+04 1.113656262882566807e+03 1.398102092011871642e+19 7.656956581265470959e+03 2.406539523114049191e+38 8.028574383978549778e-02 5.255048661668530200e-08 5.509993386499271583e+04 3.883026148235200671e+05 6.509826984859883851e+03 5.986372891168598859e-02 1.140089595301343905e+01 4.887763605090756691e+00 5.871474739138696775e-01 1.150533383200995852e+00 4.438966319139565075e-01 
2.327202478960411987e+11 7.834474326651598676e+04 1.088858893232877563e+03 1.398102092011871642e+19 7.460389263211412072e+03 2.448939372005304119e+38 7.937802832471999026e-02 4.954898509952422166e-08 5.355656522022183344e+04 3.558688502918079612e+05 6.456501744084351230e+03 5.830296754989385682e-02 1.153680801266374267e+01 4.754851272432675913e+00 5.948019250788164625e-01 1.150024267840759729e+00 4.434285307055782499e-01 
2.409403560239526978e+11 8.111202401121471485e+04 1.064484171644712887e+03 1.398102092011871642e+19 7.268864738339031646e+03 2.492081543142028003e+38 7.838777661676830932e-02 4.672067667175359504e-08 5.205841309955852194e+04 3.261688970896618557e+05 6.377580059596508363e+03 5.678726159935205270e-02 1.167373541559561190e+01 4.614257997798556943e+00 6.031734184615832328e-01 1.149468074988041044e+00 4.428156676430992644e-01 
2.494508135230316467e+11 8.397705021273276361e+04 1.040515877270018109e+03 1.398102092011871642e+19 7.082253783733896853e+03 2.535979032851579683e+38 7.730855266009527271e-02 4.405674668510763781e-08 5.060486719512782292e+04 2.989834914020964643e+05 6.304503996831961558e+03 5.531612114090733029e-02 1.181157263988666806e+01 4.465689492164004015e+00 6.123416843968753076e-01 1.148867987164670090e+00 4.420226212473514771e-01 
2.582618760682674866e+11 8.694327442077882006e+04 1.016939226725035837e+03 1.398102092011871642e+19 6.900430481598095867e+03 2.580645064996629612e+38 7.613352724161509544e-02 4.154907678538694956e-08 4.919549217822965147e+04 2.741127165603592293e+05 6.235270223249364790e+03 5.388921111780017870e-02 1.195019095472069104e+01 4.308881551817172806e+00 6.223968319879669142e-01 1.148232825470812735e+00 4.410061253306217788e-01 
2.673841615839943848e+11 9.001427113548126363e+04 9.937420682114207011e+02 1.398102092011871642e+19 6.723272134983947581e+03 2.626093094958774816e+38 7.485552166086821557e-02 3.919026992411426754e-08 4.783004929761887615e+04 2.513747077905888727e+05 6.169188739026122676e+03 5.250631086999663077e-02 1.208944743190059157e+01 4.143617807739207848e+00 6.334406137888825006e-01 1.147579589085222729e+00 4.397145639608118217e-01 
2.768286630392061157e+11 9.319374111490194628e+04 9.709171130130405345e+02 1.398102092011871642e+19 6.550659185664584584e+03 2.672336813691891116e+38 7.346685428067956103e-02 3.697370364243603523e-08 4.650851630784929876e+04 2.306045842592876870e+05 6.106333363217273472e+03 5.116721439776202029e-02 1.222921011305351868e+01 3.969728137075966501e+00 6.455898659886621926e-01 1.146937434708899417e+00 4.380885654437776666e-01 
2.866067616948244629e+11 9.648551583469896286e+04 9.484641260450661093e+02 1.398102092011871642e+19 6.382475134087730112e+03 2.719390151846455723e+38 7.195972267423707269e-02 3.489355314492804643e-08 4.523112453641920729e+04 2.116533154911040037e+05 6.047424190703102795e+03 4.987170724916115128e-02 1.236937298382592765e+01 3.787146766288153277e+00 6.589763147690566036e-01 1.146352637220132253e+00 4.360606075729912545e-01 
2.967302408188872681e+11 9.989356210531367105e+04 9.263937067959973319e+02 1.398102092011871642e+19 6.218606461360272988e+03 2.767267283966077829e+38 7.032607992691373988e-02 3.294489459860936151e-08 4.399835343980657490e+04 1.943869215820097015e+05 5.994009694834113361e+03 4.861926897020959343e-02 1.250993675445306152e+01 3.595919630367274689e+00 6.737507460193473685e-01 1.145894744049919645e+00 4.335593787408741906e-01 
3.072112998861759033e+11 1.034219868522429897e+05 9.047314873055565840e+02 1.398102092011871642e+19 6.058942553212723396e+03 2.815982632757475609e+38 6.855805854478162764e-02 3.112376483050728699e-08 4.281094624239143741e+04 1.786855559759776806e+05 5.949062605858259303e+03 4.740887293322487706e-02 1.265108462266397282e+01 3.396268235264737978e+00 6.900838885240374587e-01 1.145664733927358903e+00 4.305134989048230998e-01 
3.180625692794119263e+11 1.070750420651638997e+05 8.835244859723974287e+02 1.398102092011871642e+19 5.903375625893404504e+03 2.865550873435266835e+38 6.664811162790079679e-02 2.942727841602631878e-08 4.166988807324373192e+04 1.644428245001946052e+05 5.919000894953654097e+03 4.623854699808805507e-02 1.279333074099266199e+01 3.188623979773218764e+00 7.081709124633558394e-01 1.145805776279017474e+00 4.268603633226419336e-01 
3.292971255097147827e+11 1.108571299218659842e+05 8.628485080313530489e+02 1.398102092011871642e+19 5.751800653944265832e+03 2.915986938142767300e+38 6.458954409989892120e-02 2.785374334552839649e-08 4.057634183898500487e+04 1.515650111274821684e+05 5.923623684866513031e+03 4.510476008507165874e-02 1.293773887264769940e+01 2.973698993571208593e+00 7.282337936518874510e-01 1.146515519917485681e+00 4.225595789347459386e-01 
3.409285069746807251e+11 1.147728080931729201e+05 8.428176387475480169e+02 1.398102092011871642e+19 5.604115299810597207e+03 2.967306020450221322e+38 6.237708652758208044e-02 2.640278011468278605e-08 3.953154388881341583e+04 1.399703118861929979e+05 6.188944722308915516e+03 4.400164810298923257e-02 1.308622199886163529e+01 2.752549382810020706e+00 7.505256837602316544e-01 1.148061717703198870e+00 4.176113756723906500e-01 
3.529707302730657349e+11 1.188267952352435095e+05 8.235959196662852264e+02 1.398102092011871642e+19 5.460219845238621929e+03 3.019523579931777140e+38 6.000762664760423554e-02 2.507542406756949642e-08 3.853664948895406997e+04 1.295879843730544235e+05 5.744525459027700890e+03 4.292011203984155698e-02 1.324192946465132614e+01 2.526634579327489583e+00 7.753374479121816210e-01 1.150801733101069368e+00 4.120799059670899323e-01 
3.654383070957261963e+11 1.230239766758684564e+05 8.054109372645573330e+02 1.398102092011871642e+19 5.320017124415942817e+03 3.072655346822571783e+38 5.748117704769294123e-02 2.387419477039130998e-08 3.759249932443095895e+04 1.203572978391874640e+05 5.735050626319319235e+03 4.184678945599319688e-02 1.340974126551976653e+01 2.297869709716058750e+00 8.030065202015885806e-01 1.155205470330664230e+00 4.061220000411082109e-01 
3.783462617131932983e+11 1.273694103016225999e+05 7.885698734502599336e+02 1.398102092011871642e+19 5.183412458810706994e+03 3.126717326757410115e+38 5.480196556033072736e-02 2.280308572814149669e-08 3.669934433997004089e+04 1.122262421245771984e+05 5.804271457295917571e+03 4.076322825713743492e-02 1.359681255748051498e+01 2.068644212552089634e+00 8.339326602514881559e-01 1.161884783987808811e+00 4.000169736344734162e-01 
3.917101490809260864e+11 1.318683326529573533e+05 7.734788619191318730e+02 1.398102092011871642e+19 5.050313593666985980e+03 3.181725805592343327e+38 5.197955634665669955e-02 2.186745969024702689e-08 3.585653823505598848e+04 1.051499785777661746e+05 6.005150848829087408e+03 3.964551056261994555e-02 1.381313612986985717e+01 1.841789088033678912e+00 8.686058034694545960e-01 1.171632343873513671e+00 3.941957779080837443e-01 
4.055460735840827637e+11 1.365261652345852635e+05 7.606634803781056462e+02 1.398102092011871642e+19 4.920630636114342451e+03 3.237697354310693920e+38 4.903011796588262194e-02 2.107377539588203205e-08 3.506222132163995411e+04 9.908873164476051170e+04 5.763633862180305186e+03 3.846477603897301839e-02 1.407203934527164257e+01 1.620495025114935261e+00 9.076472252657682427e-01 1.185469210275413188e+00 3.892657926312959038e-01 
4.198707084443905640e+11 1.413485210487588774e+05 7.507984353052628421e+02 1.398102092011871642e+19 4.794275994850972893e+03 3.294648834014966934e+38 4.597697214961549150e-02 2.042925203322781353e-08 3.431307127524653333e+04 9.400577934637067665e+04 6.435724994114279070e+03 3.718892165868073474e-02 1.439059592894961526e+01 1.408124057041400201e+00 9.518860274567663149e-01 1.204717472041737958e+00 3.860354350845691673e-01 
4.347013158125017700e+11 1.463412113593166869e+05 7.447418535492871570e+02 1.398102092011871642e+19 4.671164321360666690e+03 3.352597401006161977e+38 4.285091756247240424e-02 1.994137911657690439e-08 3.360412732691419660e+04 8.986494386142084841e+04 5.967800448750344913e+03 3.578573564030216453e-02 1.478990178585278947e+01 1.207980638005259122e+00 1.002465637579696756e+00 1.231093896594638082e+00 3.855426443163333938e-01 
4.500557675700488281e+11 1.515102526946477592e+05 7.435850271078370497e+02 1.398102092011871642e+19 4.551212452624899015e+03 3.411560511952005528e+38 3.968945161813079020e-02 1.961748863397511337e-08 3.292869264129961812e+04 8.662842003037073300e+04 5.996621811483514648e+03 3.422688142089639479e-02 1.529541427426121736e+01 1.023026253089215798e+00 1.061001018585418398e+00 1.266843287438604193e+00 3.891111175698137581e-01 
4.659525668664667969e+11 1.568618740980141738e+05 7.487227340176528969e+02 1.398102092011871642e+19 4.434339355292266191e+03 3.471555929145672477e+38 3.653499421121014779e-02 1.946448031694379631e-08 3.227829372055852946e+04 8.425503778958116891e+04 6.169817967283186590e+03 3.249197941158019770e-02 1.593759534379267961e+01 8.556030914698726786e-01 1.129789307249206010e+00 1.314921694002636476e+00 3.984634769236742313e-01 
4.824108704165373535e+11 1.624025246339686855e+05 7.619571226224340990e+02 1.398102092011871642e+19 4.320466071268452652e+03 3.532601725856577174e+38 3.343213447723185350e-02 1.948894765234861461e-08 3.164256108619413135e+04 8.269942916507164773e+04 6.998241832272117790e+03 3.057129017017127040e-02 1.675347659414960688e+01 7.072202404753429317e-01 1.212079086537453998e+00 1.379247031572168103e+00 4.159514473988389360e-01 
4.994505115855139771e+11 1.681388811599095643e+05 7.856531915125310661e+02 1.398102092011871642e+19 4.209515664690893573e+03 3.594716291774816202e+38 3.042432320675475532e-02 1.969794814180526522e-08 3.100885938439083839e+04 8.191232949707853550e+04 6.748352152179283621e+03 2.846581745028385624e-02 1.779009395798081883e+01 5.784515112981635232e-01 1.312400856816923422e+00 1.465039051256354696e+00 4.450058811505054890e-01 
5.170920242896755371e+11 1.740778563721477403e+05 8.229792329745725965e+02 1.398102092011871642e+19 4.101413170252951204e+03 3.657918338550995380e+38 2.755058651676807815e-02 2.010076965203252768e-08 3.036141302081207687e+04 8.184217492480664805e+04 6.707657577764731286e+03 2.618427342199768082e-02 1.911150080384287264e+01 4.689642617897744614e-01 1.436969353391183590e+00 1.579284043091043088e+00 4.910221837389446287e-01 
5.353566677410718994e+11 1.802266071361694485e+05 8.782952672769404217e+02 1.398102092011871642e+19 3.996085542843740768e+03 3.722226905432976358e+38 2.484292854858650978e-02 2.071235101553534178e-08 2.967938247543482430e+04 8.243786839610750030e+04 6.932856081537356658e+03 2.373681575655735287e-02 2.081309516840175178e+01 3.776699284298519754e-01 1.594171875401604987e+00 1.731369158011085929e+00 5.632071409301201426e-01 
5.542664520663095703e+11 1.865925431111419748e+05 9.578220051284766896e+02 1.398102092011871642e+19 3.893461608470119700e+03 3.787661365001347876e+38 2.232486126482782079e-02 2.155986939972623024e-08 2.893280286827543750e+04 8.365253943132839049e+04 7.357343905789853125e+03 2.112577611869592698e-02 2.305229993555389001e+01 3.029579971579530184e-01 1.795152413380373346e+00 1.933939854084511634e+00 6.788157386267874571e-01 
5.738441648302404785e+11 1.931833356790535036e+05 1.070913867855345416e+03 1.398102092011871642e+19 3.793472016428475399e+03 3.854241429005311145e+38 2.001120823156750730e-02 2.269680438794739800e-08 2.807349227846911526e+04 8.544834420830997988e+04 7.597019229858452491e+03 1.833208590751250755e-02 2.612189709650048641e+01 2.429741139709453157e-01 2.054435690288785032e+00 2.204001064529009124e+00 8.743640783885708867e-01 
5.941133984965040283e+11 2.000069271892422403e+05 1.232840643757441285e+03 1.398102092011871642e+19 3.696049192694752492e+03 3.921987154300693780e+38 1.790909571043150517e-02 2.423934480217564409e-08 2.701137625666024906e+04 8.780314752778370166e+04 8.035743486371251493e+03 1.528996656394171830e-02 3.066112803949221188e+01 1.959450898470757041e-01 2.390083464168469618e+00 2.563885586873533740e+00 1.242311398907185893e+00 
6.150985788580504150e+11 2.070715405294674274e+05 1.472431976743736413e+03 1.398102092011871642e+19 3.601127294501680353e+03 3.990918948892011444e+38 1.601998139448269562e-02 2.649452431674517854e-08 2.553418818073981674e+04 9.072368392320777639e+04 9.091145668791004937e+03 1.181672999480454407e-02 3.848540663458415167e+01 1.607491200082640237e-01 2.819956358166193500e+00 3.038771569157133978e+00 2.101688127530508154e+00 
6.368249944718586426e+11 2.143856890350405010e+05 1.865016669941620194e+03 1.398102092011871642e+19 3.508642166073385397e+03 4.061057578080228137e+38 1.434363057189009388e-02 3.080705808878619649e-08 2.282356532958183016e+04 9.429229596763709560e+04 9.667813489513040622e+03 7.257507783973396465e-03 5.905955657894719479e+01 1.398837623920043960e-01 3.313777181927539228e+00 3.607697676866643999e+00 5.767220270129010729e+00 
6.593188271333541260e+11 2.219581867479686334e+05 2.614233329261272502e+03 1.398102092011871642e+19 3.418531295487906846e+03 4.132424170718190224e+38 1.289502797060968452e-02 1.307682671290343911e-07 5.574202056755573722e+03 9.775243209465101245e+04 4.059147835148326067e+01 2.490766566950461592e-05 1.470035631952501254e-01 4.503485813874719690e-01 1.175693770193980026e+00 1.291654309233779108e+00 5.096486718372875480e+00 
6.826071834272379150e+11 2.297981590384695737e+05 2.793101567934505965e+03 1.398102092011871642e+19 3.330733772639093331e+03 4.205040225575565722e+38 1.161131040657209165e-02 1.719222696041236367e-07 4.268305602632227419e+03 9.840793936286080861e+04 7.591620379407462593e+00 8.505927144715263793e-06 1.116004066904415989e-02 4.606018091126276026e-01 1.024878795139560594e+00 1.113114517700519057e+00 1.083581143599257057e+00 
7.067181273927476807e+11 2.379150536016579135e+05 2.846449552224933086e+03 1.398102092011871642e+19 3.245190248270018401e+03 4.278927617815229914e+38 1.042827759071333384e-02 1.943092907200551542e-07 3.805023213593958189e+03 9.915014934553581406e+04 3.759408350166573154e+00 5.331699206055785593e-06 3.684718334321904817e-03 4.025432352731891927e-01 9.938506240032934924e-01 1.065229054733668468e+00 5.202480599390090221e-01 
7.316807143427177734e+11 2.463186518426546245e+05 2.851004286158508876e+03 1.398102092011871642e+19 3.161842894050752420e+03 4.354108605583027062e+38 9.337714345651147024e-03 2.119017176804369650e-07 3.528905692146943238e+03 1.002806233633929078e+05 2.427252914368582815e+00 3.900074960876239439e-06 1.785577404935265872e-03 3.361329119676969568e-01 9.846257863039084013e-01 1.042331682542503080e+00 3.075733951911149844e-01 
7.575250258771920166e+11 2.550190806638404902e+05 2.829627988244435528e+03 1.398102092011871642e+19 3.080635363674009568e+03 4.430605836712915009e+38 8.337096633482017280e-03 2.279452291370795812e-07 3.332554899904790545e+03 1.018709403606448905e+05 1.785571851019683187e+00 3.053435185327412441e-06 1.032087762497562160e-03 2.740610206557509976e-01 9.827816063280003789e-01 1.029108581510691733e+00 1.999259567887451405e-01 
7.842822061337681885e+11 2.640268246684523765e+05 2.792912155023613195e+03 1.398102092011871642e+19 3.001512754942893025e+03 4.508442355549460227e+38 7.424391676878160963e-03 2.437750634318068228e-07 3.179080654095996579e+03 1.039281795098506700e+05 1.422699042724169693e+00 2.478578255309864001e-06 6.586861850743771715e-04 2.200594330355059025e-01 9.837953496410217769e-01 1.020705523903445711e+00 1.370445267467637340e-01 
8.119844993184008789e+11 2.733527387952425634e+05 2.746704250123586917e+03 1.398102092011871642e+19 2.924421572825458952e+03 4.587641609889860852e+38 6.596756560261798387e-03 2.600721729908337998e-07 3.051737830342783127e+03 1.064347889439753926e+05 1.197271629857344699e+00 2.055109905488429965e-06 4.472017653019694640e-04 1.748067853909731906e-01 9.858476854854982818e-01 1.015052187785598470e+00 9.710860500680601470e-02 
8.406652885618316650e+11 2.830080613994080340e+05 2.694554757990577400e+03 1.398102092011871642e+19 2.849309693451728890e+03 4.668227458047429003e+38 5.850292181206137761e-03 2.772299887159850499e-07 2.941657253033381949e+03 1.093640972493601148e+05 1.048521006055357363e+00 1.726725394540484231e-06 3.163739848225888772e-04 1.377629398179242293e-01 9.881346726243164236e-01 1.011105375740494416e+00 7.034761834142370940e-02 
# Non-converged_fits = 15