# r 	r/rg 	Sigma0 	Mdot 	Teff 	F 	z0r 	rho_c 	T_c 	P_c 	tau 	PradPgas_c 	varkappa_c 	Pi1 	Pi2 	Pi3 	Pi4
# All values are in CGS units.
# M = 1.005829e+01 Msun, alpha = 0.01, structure = BellLin, mu = 0.62
1.867913599020784616e+09 6.288288736469959304e+02 5.597904825644025550e+04 1.398102092011871642e+19 2.736986421733403113e+05 2.055189143615406384e+37 1.162102111803944293e-01 2.057455187927361632e-04 3.409395671122969594e+06 9.406981412013188171e+10 5.415922936481991201e+04 3.622339119318757295e+00 1.777898168267090240e+00 4.566524697058350846e+00 6.267062928321910364e-01 1.261969488781027326e+00 3.875115212301116774e-01 
1.933891750455232143e+09 6.510402685817425663e+02 5.584556135696924321e+04 1.398102092011871642e+19 2.667501247206315747e+05 2.093840372257305457e+37 1.156674310576189663e-01 1.998684146751342823e-04 3.336141556480318308e+06 8.941927272248637390e+10 5.509606903301909188e+04 3.493626852742409028e+00 1.814769854874623389e+00 4.593479336919365608e+00 6.245558009399482247e-01 1.260007856464053555e+00 3.883489528412902847e-01 
2.002200371815584421e+09 6.740362109277522222e+02 5.569779147048544110e+04 1.398102092011871642e+19 2.599764828531056992e+05 2.133168293566416584e+37 1.151397148440666818e-01 1.940832812105781305e-04 3.264187236831772607e+06 8.495827458477473450e+10 5.603151108217564615e+04 3.369956817716640352e+00 1.852313152034539057e+00 4.620444706671134050e+00 6.224251979757056130e-01 1.258063325130606813e+00 3.891882037258488913e-01 
2.072921779595369816e+09 6.978444123457437627e+02 5.553584237277082138e+04 1.398102092011871642e+19 2.533733839374455274e+05 2.173184754849589552e+37 1.146268511512404109e-01 1.883917879613516500e-04 3.193515152203090955e+06 8.068140352214961243e+10 5.696478851967473020e+04 3.251114388348340434e+00 1.890532144770479706e+00 4.647412927096548962e+00 6.203147716944503731e-01 1.256136048492329405e+00 3.900288644675143912e-01 
2.146141197858401537e+09 7.224935633233732233e+02 5.535983140594317956e+04 1.398102092011871642e+19 2.469365995394851197e+05 2.213901810832325060e+37 1.141286309743692051e-01 1.827954696365189920e-04 3.124107993445936590e+06 7.658327978843312073e+10 5.789511960858830571e+04 3.136894847397234454e+00 1.929430680915529717e+00 4.674375829963979712e+00 6.182248187567461750e-01 1.254226204616537776e+00 3.908705200785205780e-01 
2.221946860939519405e+09 7.480133677492055995e+02 5.516988960262476030e+04 1.398102092011871642e+19 2.406620030678136682e+05 2.255331727290190020e+37 1.136448458445088183e-01 1.772957277981239345e-04 3.055948695574187208e+06 7.265856648157069397e+10 5.882170724967581918e+04 3.027102875255427872e+00 1.969012371855707544e+00 4.701324842084115829e+00 6.161556515134538614e-01 1.252333992791001549e+00 3.917127512087198449e-01 
2.300430119772921562e+09 7.744345787079062120e+02 5.496616176399663527e+04 1.398102092011871642e+19 2.345455674631457950e+05 2.297486984743812900e+37 1.131752888407616259e-01 1.718938324572039751e-04 2.989020430771549232e+06 6.890197547161941528e+10 5.974374902238811046e+04 2.921552069611739189e+00 2.009280594195250735e+00 4.728251099359326304e+00 6.141075895262888551e-01 1.250459630551100654e+00 3.925551353614862848e-01 
2.381685551976160526e+09 8.017890355397685198e+02 5.474880648593181104e+04 1.398102092011871642e+19 2.285833629329867836e+05 2.340380282218554246e+37 1.127197542344495623e-01 1.665909235945337409e-04 2.923306601119545288e+06 6.530827289091143036e+10 6.066043589728270308e+04 2.820064493578908760e+00 2.050238492391899925e+00 4.755145450538886820e+00 6.120809586219138065e-01 1.248603350740912665e+00 3.933972480918087600e-01 
2.465811075822603703e+09 8.301097022092837960e+02 5.451799613136804692e+04 1.398102092011871642e+19 2.227715547310869442e+05 2.384024541070038154e+37 1.122780360716096187e-01 1.613880126819070319e-04 2.858790831027403940e+06 6.187228423636176300e+10 6.157095516224257881e+04 2.722470249336788939e+00 2.091888982980644851e+00 4.781998370194327386e+00 6.100760956722675044e-01 1.246765398228181665e+00 3.942386643312605354e-01 
2.552908068239516735e+09 8.594307070289286230e+02 5.427391674865843379e+04 1.398102092011871642e+19 2.171064009811811557e+05 2.428432908876616682e+37 1.118499286718450808e-01 1.562859843110705701e-04 2.795456959269460291e+06 5.858889913800049591e+10 6.247449558722802612e+04 2.628607073778394199e+00 2.134234761764707056e+00 4.808800033725417755e+00 6.080933425906968059e-01 1.244946025571373127e+00 3.950789601687588748e-01 
2.643081486974102974e+09 8.897873837860839785e+02 5.401676793424132484e+04 1.398102092011871642e+19 2.115842505444683484e+05 2.473618763400007284e+37 1.114352292737089828e-01 1.512855979763749585e-04 2.733289030588624068e+06 5.545307581924135590e+10 6.337024488923488389e+04 2.538319953989742750e+00 2.177278315094812289e+00 4.835540586853983136e+00 6.061330280444060525e-01 1.243145487218835443e+00 3.959177153081777090e-01 
2.736439997074666500e+09 9.212163143226327975e+02 5.374676264079393877e+04 1.398102092011871642e+19 2.062015409302844491e+05 2.519595716615265917e+37 1.110337410137276215e-01 1.463874898823805306e-04 2.672271287094984669e+06 5.245984521407833099e+10 6.425739213234077761e+04 2.451460764164059558e+00 2.221021933985594554e+00 4.862210458957610726e+00 6.041954472255601782e-01 1.241364033264258593e+00 3.967545158453614218e-01 
2.833096101839318275e+09 9.537553726185436744e+02 5.346412693125954684e+04 1.398102092011871642e+19 2.009547962494042877e+05 2.566377618811312780e+37 1.106452706618683973e-01 1.415921745593473732e-04 2.612388159917310346e+06 4.960431468689990997e+10 6.513513168665717967e+04 2.367887927621904698e+00 2.265467727404995912e+00 4.888800220798291463e+00 6.022808710511775576e-01 1.239601904802376309e+00 3.975889564554652700e-01 
2.933166278390048504e+09 9.874437704325753202e+02 5.316909968492978805e+04 1.398102092011871642e+19 1.958406252093937946e+05 2.613978562763257856e+37 1.102696280195310102e-01 1.369000462651920292e-04 2.553624261336911470e+06 4.688167137434219360e+10 6.600266520921640040e+04 2.287466103674208995e+00 2.310617632590765691e+00 4.915300569632115035e+00 6.003895477038461159e-01 1.237859331802488416e+00 3.984206415706315063e-01 
3.036771118035460472e+09 1.022322104555071860e+03 5.286193224791455577e+04 1.398102092011871642e+19 1.908557191514305305e+05 2.662412887977746514e+37 1.099066238074086765e-01 1.323113804230488576e-04 2.495964377168565523e+06 4.428718524994737244e+10 6.685920529636110587e+04 2.210065893403286630e+00 2.356473424594051291e+00 4.941702171317123415e+00 5.985217128875774950e-01 1.236136531742306977e+00 3.992491860778843438e-01 
3.144035471591500282e+09 1.058432405729857237e+03 5.254288802961545298e+04 1.398102092011871642e+19 1.859968501279866614e+05 2.711695185012681915e+37 1.095560686719170007e-01 1.278263352981723843e-04 2.439393459106827620e+06 4.181621198165347290e+10 6.770397221846820321e+04 2.135563559277867896e+00 2.403036728040109704e+00 4.967995595988816682e+00 5.966775936974371142e-01 1.234433707387479151e+00 4.000742162634453591e-01 
3.255088599835056305e+09 1.095818189304097132e+03 5.221224224913278158e+04 1.398102092011871642e+19 1.812608690207835753e+05 2.761840299872527952e+37 1.092177730251642914e-01 1.234449420614467340e-04 2.383896641932137776e+06 3.946419220363661957e+10 6.853619295451322978e+04 2.063841020602360299e+00 2.450308773825924380e+00 4.994170847318994966e+00 5.948574670283678367e-01 1.232751167018914851e+00 4.008953137298927882e-01 
3.370064329271924973e+09 1.134524507667232228e+03 5.187028186458152049e+04 1.398102092011871642e+19 1.766447036983994185e+05 2.812863338480582030e+37 1.088915484319761123e-01 1.191670882393200723e-04 2.329459282330347691e+06 3.722664921744589996e+10 6.935510555136899347e+04 1.994786028762568719e+00 2.498289897070418153e+00 5.020216627186489866e+00 5.930617572206566823e-01 1.231089545070959135e+00 4.017119063738123774e-01 
3.489101213406766415e+09 1.174598004542141553e+03 5.151730326655779209e+04 1.398102092011871642e+19 1.721453572129195090e+05 2.864779671229550364e+37 1.085772086221532678e-01 1.149926249455050943e-04 2.276066726613885257e+06 3.509922063988687134e+10 7.015996546266766381e+04 1.928289590833445422e+00 2.546981902496550543e+00 5.046124796105792676e+00 5.912904949214948802e-01 1.229448689470748368e+00 4.025237905689328932e-01 
3.612342699709437847e+09 1.216086971193981071e+03 5.115361351833863591e+04 1.398102092011871642e+19 1.677599060350095388e+05 2.917604937611792892e+37 1.082745676293463688e-01 1.109212592832476947e-04 2.223704530719338916e+06 3.307762870491154480e+10 7.095004336915296153e+04 1.864248172753119492e+00 2.596385749333792514e+00 5.071885839705926102e+00 5.895438699251123182e-01 1.227828787714715153e+00 4.033306109120869398e-01 
3.739937302478801727e+09 1.259041404624390452e+03 5.077952924315199198e+04 1.398102092011871642e+19 1.634854983267953503e+05 2.971355050930605894e+37 1.079834415169126927e-01 1.069525927779162595e-04 2.172358381368357223e+06 3.115769249202268600e+10 7.172463513038834208e+04 1.802562695649489788e+00 2.646502298438211831e+00 5.097490448668856367e+00 5.878220474273379015e-01 1.226230005547451096e+00 4.041320264326819789e-01 
3.872038781812557220e+09 1.303513067821282903e+03 5.039537604836389801e+04 1.398102092011871642e+19 1.593193522519189573e+05 3.026046203094046854e+37 1.077036485788537001e-01 1.030861241032462295e-04 2.122014089713272173e+06 2.933532944314241409e+10 7.248305706461792579e+04 1.743138332243460598e+00 2.697332328266647483e+00 5.122929562503556689e+00 5.861251667205804594e-01 1.224652486327989731e+00 4.049277119393517310e-01 
4.008806328898464680e+09 1.349555552136713231e+03 5.000148792519918061e+04 1.398102092011871642e+19 1.552587543221577944e+05 3.081694869492630432e+37 1.074350086237740171e-01 9.932125194825477347e-05 2.072657585456107277e+06 2.760655666431694031e+10 7.322464298812730704e+04 1.685884314588615096e+00 2.748876550049459855e+00 5.148194322419434421e+00 5.844533453245873700e-01 1.223096351188728503e+00 4.057173590752650716e-01 
4.150404757850472450e+09 1.397224341868076181e+03 4.959820662133539008e+04 1.398102092011871642e+19 1.513010577799778257e+05 3.138317813962448754e+37 1.071773428738538453e-01 9.565727802911059413e-05 2.024274911483960459e+06 2.596749201834535980e+10 7.394875432982883649e+04 1.630713752483115675e+00 2.801135621640320483e+00 5.173276076239541332e+00 5.828066801600993996e-01 1.221561699912145027e+00 4.065006769553445309e-01 
4.297004704320835114e+09 1.446576881120424332e+03 4.918588143309151928e+04 1.398102092011871642e+19 1.474436810164011549e+05 3.195932093835176148e+37 1.069304747139507433e-01 9.209338973975183835e-05 1.976852279732316267e+06 2.441435032619348907e+10 7.465477637228005915e+04 1.577543958488788700e+00 2.854109406672424409e+00 5.198165299945076256e+00 5.811853791750712928e-01 1.220048896070838440e+00 4.072772385469821121e-01 
4.448782831127575874e+09 1.497672643030486597e+03 4.876486789331208274e+04 1.398102092011871642e+19 1.436841060235677287e+05 3.254555065076495004e+37 1.066942298876167594e-01 8.862869849221651929e-05 1.930375972396960482e+06 2.294345250067889023e+10 7.534212202903263096e+04 1.526295460908411838e+00 2.907798097545400307e+00 5.222853436459306664e+00 5.795895486366425819e-01 1.218558122964803037e+00 4.080467136807175432e-01 
4.605922041145112991e+09 1.550573201435815236e+03 4.833552684153397422e+04 1.398102092011871642e+19 1.400198768813728529e+05 3.314204387514486022e+37 1.064684350234636617e-01 8.526224821930017373e-05 1.884832313243170734e+06 2.155122664754364777e+10 7.601023553045977314e+04 1.476891702759663971e+00 2.962202593024100494e+00 5.247333229410482858e+00 5.780191507261240869e-01 1.217089274966680179e+00 4.088089375956452387e-01 
4.768611697714474678e+09 1.605342305075383592e+03 4.789822439704543649e+04 1.398102092011871642e+19 1.364485982775689045e+05 3.374898030159518089e+37 1.062529188771541844e-01 8.199298589870929383e-05 1.840207762230745982e+06 2.023420082368675232e+10 7.665859152845399512e+04 1.429259696922511536e+00 3.017323287627833306e+00 5.271596967663652045e+00 5.764742158256934701e-01 1.215642417539664066e+00 4.095636610597641614e-01 
4.937047852839003563e+09 1.662045954411152252e+03 4.745333095396860881e+04 1.398102092011871642e+19 1.329679340607128106e+05 3.436654276617348690e+37 1.060475129094977098e-01 7.881977987096684202e-05 1.796488871530872304e+06 1.898900655776590347e+10 7.728669749591172149e+04 1.383329539661238394e+00 3.073160580938377073e+00 5.295637334067491153e+00 5.749547486355485182e-01 1.214217596451234726e+00 4.103106527020040084e-01 
5.111433483440165520e+09 1.720752481163051243e+03 4.700122041554530006e+04 1.398102092011871642e+19 1.295756058253601950e+05 3.499491730596930920e+37 1.058520493990168093e-01 7.574142375378426493e-05 1.753662282583454158e+06 1.781237876519406509e+10 7.789409050705151458e+04 1.339034276827345549e+00 3.129714888220803903e+00 5.319447222065343261e+00 5.734607392658510605e-01 1.212814838323765576e+00 4.110496982998475546e-01 
5.291978735958436966e+09 1.781532630653313618e+03 4.654226945391991467e+04 1.398102092011871642e+19 1.262693915288986609e+05 3.563429321514673874e+37 1.056663627091211921e-01 7.275664054510809053e-05 1.711714723658403382e+06 1.670115550294456673e+10 7.848033831220006687e+04 1.296309775347278093e+00 3.186986651959454964e+00 5.343019864013466069e+00 5.719921571532320392e-01 1.211434151539059423e+00 4.117806002892052675e-01 
5.478901179593934059e+09 1.844459647059357621e+03 4.607685676992195658e+04 1.398102092011871642e+19 1.230471241394225508e+05 3.628486310196822015e+37 1.054902896025893821e-01 6.986408682609932333e-05 1.670633007779376348e+06 1.565227754749904060e+10 7.904504494634293951e+04 1.255094600580120456e+00 3.244976352671361752e+00 5.366348865872870633e+00 5.705489502165839166e-01 1.210075527111999394e+00 4.125031771506406097e-01 
5.672426068491989136e+09 1.909609361677967172e+03 4.560536267308328388e+04 1.398102092011871642e+19 1.199066903140577051e+05 3.694682294681670558e+37 1.053236684913743115e-01 6.706234595484173518e-05 1.630404077450580895e+06 1.466278579325279427e+10 7.958784658993121411e+04 1.215330204122176960e+00 3.303683817634705200e+00 5.389427237341624100e+00 5.691311479139348206e-01 1.208739148704697230e+00 4.132171307440841712e-01 
5.872786613189489365e+09 1.977060284307084885e+03 4.512816783523088088e+04 1.398102092011871642e+19 1.168460291071498650e+05 3.762037216123336771e+37 1.051663393147061476e-01 6.434995394812974842e-05 1.591014919836124871e+06 1.372982457403441811e+10 8.010841224009162397e+04 1.176960238365681199e+00 3.363109435534829661e+00 5.412248984154996556e+00 5.677386851866863537e-01 1.207425016305081478e+00 4.139222768842712452e-01 
6.080224261649427414e+09 2.046893697855455684e+03 4.464565256939946994e+04 1.398102092011871642e+19 1.138631307077315869e+05 3.830571364798953922e+37 1.050181443447910506e-01 6.172540138823972623e-05 1.552452567871949403e+06 1.285064002930333328e+10 8.060644555011174816e+04 1.139930495596628734e+00 3.423254199540053389e+00 5.434809152709879854e+00 5.663714053001113191e-01 1.206132958965409285e+00 4.146185457239692229e-01 
6.294988990221887589e+09 2.119193756293983370e+03 4.415819655925370171e+04 1.398102092011871642e+19 1.109560352056988195e+05 3.900305386220973784e+37 1.048789280795449225e-01 5.918712306593761600e-05 1.514704162264384329e+06 1.202257638219979477e+10 8.108168394957974670e+04 1.104189214339126979e+00 3.484118764793079137e+00 5.457102609334169685e+00 5.650291935564394352e-01 1.204862917624301089e+00 4.153058023271385402e-01 
6.517339604882420540e+09 2.194047586066943950e+03 4.366617799923715211e+04 1.398102092011871642e+19 1.081228313861246570e+05 3.971260287356513373e+37 1.047485362047762963e-01 5.673350956507236851e-05 1.477756922448377358e+06 1.124307604439213562e+10 8.153389901111261861e+04 1.069686788660977550e+00 3.545703881236618393e+00 5.479124482486294134e+00 5.637119229517054686e-01 1.203614816528923548e+00 4.159839264720966989e-01 
6.747544053110686302e+09 2.271545391085225219e+03 4.316997294493618392e+04 1.398102092011871642e+19 1.053616555511498445e+05 4.043457442955577738e+37 1.046268167024149709e-01 5.436291167645225254e-05 1.441598146517042071e+06 1.050967824626877213e+10 8.196289590465305082e+04 1.036375675058282209e+00 3.608010403422236667e+00 5.500870274201010268e+00 5.624194491258718287e-01 1.202388564138017868e+00 4.166528121018014397e-01 
6.985879746785234451e+09 2.351780561428119654e+03 4.266995468610643002e+04 1.398102092011871642e+19 1.026706903688956663e+05 4.116918601990085049e+37 1.045136201797787073e-01 5.207364478940421635e-05 1.406215211435382254e+06 9.820017537284263611e+09 8.236851507413326181e+04 1.004210303355292933e+00 3.671039299967033820e+00 5.522335892174160321e+00 5.611516095149778893e-01 1.201184053992199408e+00 4.173123667740190057e-01 
7.232633896483548164e+09 2.434849785884676294e+03 4.216649314328402397e+04 1.398102092011871642e+19 1.000481637488512642e+05 4.191665894205622136e+37 1.044087982220599509e-01 4.986399324239819322e-05 1.371595573521391489e+06 9.171822164554939270e+09 8.275062723499977437e+04 9.731469914530781473e-01 3.734791662640083221e+00 5.543517472246223932e+00 5.599082330854406875e-01 1.200001165530980130e+00 4.179625111029429685e-01 
7.488103857590030670e+09 2.520853168470170203e+03 4.165995429243516992e+04 1.398102092011871642e+19 9.749234774319693679e+04 4.267721836787865218e+37 1.043122046802785752e-01 4.773221461505864466e-05 1.337726769174060086e+06 8.562912338235135078e+09 8.310913669310552359e+04 9.431438637630378263e-01 3.799268715073096825e+00 5.564411508431724052e+00 5.586891342868637311e-01 1.198839764936137087e+00 4.186031782251063982e-01 
7.752597488629464149e+09 2.609894349058245552e+03 4.115069961658333341e+04 1.398102092011871642e+19 9.500155747352619073e+04 4.345109341145803176e+37 1.042236963049628512e-01 4.567654394582090213e-05 1.304596415827206802e+06 7.991198392735394478e+09 8.344398206065688282e+04 9.141607731519559854e-01 3.864471821156039155e+00 5.585014916317505573e+00 5.574941105196117297e-01 1.197699705923396252e+00 4.192343132788027837e-01 
8.026433522257173538e+09 2.702080628273913590e+03 4.063908585459531605e+04 1.398102092011871642e+19 9.257415008244704222e+04 4.423851719813640033e+37 1.041431307046296467e-01 4.369519099544955950e-05 1.272192257523195352e+06 7.454677942121395111e+09 8.375513316941254016e+04 8.861594582748996141e-01 3.930401615726959008e+00 5.605323924607116481e+00 5.563230449634161134e-01 1.196581027373083694e+00 4.198557233230252317e-01 
8.309941949353386879e+09 2.797523096798047391e+03 4.012546382067914237e+04 1.398102092011871642e+19 9.020852370954091020e+04 4.503972693473552708e+37 1.040703678084106687e-01 4.178636292702143262e-05 1.240502050207464490e+06 6.951436403044710159e+09 8.404259073919890216e+04 8.591028543362961845e-01 3.997060246993815458e+00 5.625336528845869211e+00 5.551756613224576586e-01 1.195483440020681298e+00 4.204674614579866909e-01 
8.603464416684492111e+09 2.896336769239142086e+03 3.961017849445505999e+04 1.398102092011871642e+19 8.790311649117048364e+04 4.585496398101422507e+37 1.040052702546793856e-01 3.994825246677787543e-05 1.209513657321858220e+06 6.479642690360072136e+09 8.430638549703777244e+04 8.329555354369251319e-01 4.064449615094452462e+00 5.645050666106107506e+00 5.540517159083278020e-01 1.194406743774016677e+00 4.210695192308583357e-01 
8.907354638610458374e+09 2.998640722733682196e+03 3.909356849016414344e+04 1.398102092011871642e+19 8.565640558363399759e+04 4.668447392237655952e+37 1.039477020138372121e-01 3.817904480575939858e-05 1.179215034106817562e+06 6.037547516003363609e+09 8.454657711679408385e+04 8.076835514570791519e-01 4.132571691121620816e+00 5.664464401430268303e+00 5.529509698827281827e-01 1.193350751395245490e+00 4.216618812727007670e-01 
9.221978823334341049e+09 3.104558240442070655e+03 3.857596562573386473e+04 1.398102092011871642e+19 8.346690620917345223e+04 4.752850664385273392e+37 1.038975290500104426e-01 3.647692208889756797e-05 1.149594224100589054e+06 5.623481286321440697e+09 8.476325450656606699e+04 7.832543373450543411e-01 4.201428626304808844e+00 5.683576097117219561e+00 5.518731755262576977e-01 1.192315265623441034e+00 4.222445424667495284e-01 
9.547716114208065033e+09 3.214216960113220011e+03 3.805769455498715979e+04 1.398102092011871642e+19 8.133317072434590955e+04 4.838731640537596353e+37 1.038546199732850311e-01 3.484006689561483945e-05 1.120639361094313441e+06 5.235851834151224136e+09 8.495653459105061484e+04 7.596366536115695123e-01 4.271022758056212787e+00 5.702384476412477810e+00 5.508180735283186857e-01 1.191300079943809598e+00 4.228175074378436871e-01 
9.884959046625585556e+09 3.327749027896596999e+03 3.753907243031401595e+04 1.398102092011871642e+19 7.925378771028497431e+04 4.926116191837652074e+37 1.038188450709783689e-01 3.326666556799207341e-05 1.092338671181376791e+06 4.873142113146864891e+09 8.512656128052518761e+04 7.368005293987374138e-01 4.341356615625610260e+00 5.720888509924196619e+00 5.497853988466638864e-01 1.190304979300043753e+00 4.233807900431540427e-01 
1.023411402105452728e+10 3.445291257587250584e+03 3.702040859713681130e+04 1.398102092011871642e+19 7.722738108437777555e+04 5.015030642371706478e+37 1.037900763697506556e-01 3.175491137987676013e-05 1.064680474883025046e+06 4.533907863208060265e+09 8.527350432466044731e+04 7.147172080207602196e-01 4.412432925346706725e+00 5.739087413550678640e+00 5.487748810475433503e-01 1.189329740798555468e+00 4.239344128779248821e-01 
1.059560179277614784e+10 3.566985295495660466e+03 3.650200431970015779e+04 1.398102092011871642e+19 7.525260923289593484e+04 5.105501777099245193e+37 1.037681884820505218e-01 3.030300754191144255e-05 1.037653189332075068e+06 4.216775255633555889e+09 8.539755843413375260e+04 6.933590948688822531e-01 4.484254615499895458e+00 5.756980733548022755e+00 5.477862404815663222e-01 1.188374134397250703e+00 4.244784067981157705e-01 
1.096985797892381859e+10 3.692977791141087437e+03 3.598415253656703135e+04 1.398102092011871642e+19 7.332816416412602121e+04 5.197556849921783657e+37 1.037530579405270964e-01 2.890917003860779788e-05 1.011245330498498748e+06 3.920438526288259506e+09 8.549894184771727305e+04 6.726997075810619009e-01 4.556824820803664799e+00 5.774568265090579189e+00 5.468191924265310977e-01 1.187437923541409202e+00 4.250128104461493583e-01 
1.135733358343102837e+10 3.823420573974131457e+03 3.546713764626446937e+04 1.398102092011871642e+19 7.145277068155209417e+04 5.291223591892948701e+37 1.037445628198376962e-01 2.757163029457751426e-05 9.854455154409767129e+05 3.643657604675639153e+09 8.557789505642742733e+04 6.527136283838930186e-01 4.630146886526990357e+00 5.791850001413548554e+00 5.458734496560567750e-01 1.186520865779946199e+00 4.255376697889447501e-01 
1.175849554052158165e+10 3.958470836341470203e+03 3.495123532279066421e+04 1.398102092011871642e+19 6.962518557665109984e+04 5.386530219572307072e+37 1.037425837195996153e-01 2.628863766823759276e-05 9.602424645672623301e+05 3.385255746412655830e+09 8.563467983962278231e+04 6.333764585119675550e-01 4.704224372246043728e+00 5.808826234681151668e+00 5.449487178166284584e-01 1.185622713370987125e+00 4.260530376776949790e-01 
1.217382727739661980e+10 4.098291322913170006e+03 3.443671235943277134e+04 1.398102092011871642e+19 6.784419684087137284e+04 5.483505443525391824e+37 1.037470033232828631e-01 2.505846177293414320e-05 9.356250038923020475e+05 3.144117176267228127e+09 8.566957849235387403e+04 6.146647746097572140e-01 4.779061055314340223e+00 5.825497498952386444e+00 5.440446982797588760e-01 1.184743213850371735e+00 4.265589734200312400e-01 
1.260382929679727364e+10 4.243050526801078377e+03 3.392382661683151673e+04 1.398102092011871642e+19 6.610862289636713103e+04 5.582178476972667417e+37 1.037577057022890104e-01 2.387939336594222588e-05 9.115820816392307170e+05 2.919184640328796864e+09 8.568289225135340530e+04 5.965561466943833935e-01 4.854660518112116740e+00 5.841864173318032094e+00 5.431611221444930804e-01 1.183882176131460850e+00 4.270554798328757840e-01 
1.304901978014401627e+10 4.392922892604320623e+03 3.341282675432418182e+04 1.398102092011871642e+19 6.441731184507805301e+04 5.682579044589785269e+37 1.037745773872458116e-01 2.274974924311779610e-05 8.881027389013955835e+05 2.709457349604231834e+09 8.567494053383379651e+04 5.790289647532763651e-01 4.931027028242278121e+00 5.857927268604788296e+00 5.422976797588857645e-01 1.183039327926768580e+00 4.275426365183647714e-01 
1.350993521198025131e+10 4.548089026626814302e+03 3.290395221392891108e+04 1.398102092011871642e+19 6.276914073574208305e+04 5.784737391461992469e+37 1.037975070927188992e-01 2.166787279286736521e-05 8.651761232614339096e+05 2.513988567138535500e+09 8.564605969878511678e+04 5.620624522799184675e-01 5.008165263682132995e+00 5.873688151515140454e+00 5.414540460177036385e-01 1.182214367232380603e+00 4.280205551963882638e-01 
1.398713102647235870e+10 4.708735914520045299e+03 3.239743324291856698e+04 1.398102092011871642e+19 6.116301484844281367e+04 5.888684292195278666e+37 1.038263847875343648e-01 2.063213445562782627e-05 8.427915050421790220e+05 2.331883258051034927e+09 8.559660154579443042e+04 5.456366876156734103e-01 5.086079894275223445e+00 5.889148123855661332e+00 5.406299150888277394e-01 1.181407027527505704e+00 4.284893165768084433e-01 
1.448118227674535942e+10 4.875057146613395162e+03 3.189349082273789099e+04 1.398102092011871642e+19 5.959786699629788200e+04 5.994451060187060543e+37 1.038611028412145393e-01 1.964093397675235062e-05 8.209382709047594108e+05 2.162295943706086159e+09 8.552693235277962231e+04 5.297325334280466036e-01 5.164775821545190659e+00 5.904308725584823669e+00 5.398249772635803634e-01 1.180617039825173187e+00 4.289490061103594098e-01 
1.499268432786047173e+10 5.047253151203469315e+03 3.139233666408883437e+04 1.398102092011871642e+19 5.807265684390422393e+04 6.102069557059119263e+37 1.039015558623141988e-01 1.869270172434165888e-05 7.996059258387677837e+05 2.004428530001141787e+09 8.543743172107746068e+04 5.143316034423648375e-01 5.244258180271915926e+00 5.919171709202903919e+00 5.390389201787266771e-01 1.179844133132932793e+00 4.293997136167943540e-01 
1.552225357427047920e+10 5.225531436083811968e+03 3.089417322304321351e+04 1.398102092011871642e+19 5.658637024215947895e+04 6.211572202255783898e+37 1.039476395991121849e-01 1.778589985323287523e-05 7.787840950717681553e+05 1.857528182506901264e+09 8.532849144835129846e+04 4.994162306291068387e-01 5.324532339823951688e+00 5.933738907016628872e+00 5.382714348496989709e-01 1.179088034873004398e+00 4.298415329221366710e-01 
1.607052818261638451e+10 5.410106838605717712e+03 3.039919373842196001e+04 1.398102092011871642e+19 5.513801857909258251e+04 6.322991982810068656e+37 1.039992521374282497e-01 1.691902332012779951e-05 7.584625258907795651e+05 1.720885251728621244e+09 8.520051450358417060e+04 4.849694367862877886e-01 5.405603905242199581e+00 5.948012359908453561e+00 5.375222097594272164e-01 1.178348471317222534e+00 4.302745615231835519e-01 
1.663816886076127434e+10 5.601201784571736425e+03 2.990758228763726947e+04 1.398102092011871642e+19 5.372663814633747097e+04 6.436362463280830614e+37 1.040562938169173196e-01 1.609060075543585608e-05 7.386310893694910919e+05 1.593831251334236145e+09 8.505391390891248011e+04 4.709749034540447465e-01 5.487478718114856768e+00 5.961994301133214158e+00 5.367909315912626766e-01 1.177625167976513509e+00 4.306989002594943661e-01 
1.722585965398783875e+10 5.799046556273759052e+03 2.941951385992502765e+04 1.398102092011871642e+19 5.235128952089490485e+04 6.551717795863893761e+37 1.041186660180783985e-01 1.529919519760397794e-05 7.192797819958573673e+05 1.475736891750529766e+09 8.488911151929444168e+04 4.574169441046710416e-01 5.570162857251887978e+00 5.975687010579310510e+00 5.360772917379457159e-01 1.176917849949252748e+00 4.311146529926052073e-01 
1.783430876931905746e+10 6.003879569998706756e+03 2.893515444726890200e+04 1.398102092011871642e+19 5.101105696183299733e+04 6.669092730680197564e+37 1.041862723957889675e-01 1.454340469593543539e-05 7.003987271948917769e+05 1.366010171113613367e+09 8.470653704883737373e+04 4.442804775538104489e-01 5.653662639159940717e+00 5.989092949183551617e+00 5.353809801622833042e-01 1.176226242288224144e+00 4.315219263137842209e-01 
1.846424942895546341e+10 6.215947663336250116e+03 2.845466115023228485e+04 1.398102092011871642e+19 4.970504782158447779e+04 6.788522626244090591e+37 1.042590188425258635e-01 1.382186278826038033e-05 6.819781767430459149e+05 1.264094525186628580e+09 8.450662707404945104e+04 4.315510025379561410e-01 5.737984618351510413e+00 6.002214748777928044e+00 5.347016858131278250e-01 1.175550070324825169e+00 4.319208292585605125e-01 
1.911644075385703659e+10 6.435506392634646545e+03 2.797818229759390670e+04 1.398102092011871642e+19 4.843239197150621476e+04 6.910043460114814170e+37 1.043368122032167084e-01 1.313323885986578999e-05 6.640085120712496573e+05 1.169467037476929665e+09 8.428982406839325267e+04 4.192145734085184205e-01 5.823135587491021781e+00 6.015055058173231828e+00 5.340391033978013624e-01 1.174889059953243997e+00 4.323114730261932714e-01 
1.979166867853557205e+10 6.662820340963516173e+03 2.750585758014325984e+04 1.398102092011871642e+19 4.719224124137069884e+04 7.033691839734617761e+37 1.044195615346389105e-01 1.247623839017824771e-05 6.464802454531643307e+05 1.081636710435560703e+09 8.405657543314105715e+04 4.072577768931282538e-01 5.909122577392988518e+00 6.027616682088461353e+00 5.333929270773724030e-01 1.174242937935749520e+00 4.326939707289836345e-01 
2.049074689815846252e+10 6.898163436954177087e+03 2.703781819594472108e+04 1.398102092011871642e+19 4.598376887247058767e+04 7.159505013456482995e+37 1.045071780896109914e-01 1.184960309384248789e-05 6.293840210775261512e+05 1.000142798310777307e+09 8.380733261108044826e+04 3.956677098770691736e-01 5.995952856892611038e+00 6.039902574161986948e+00 5.327628507096427990e-01 1.173611432167984914e+00 4.330684371469908922e-01 
2.121451784910627747e+10 7.141819284902133404e+03 2.657418700600935699e+04 1.398102092011871642e+19 4.480616898401950311e+04 7.287520881764981178e+37 1.045995739936180363e-01 1.125211096276343246e-05 6.127106160036758520e+05 9.245532019185770750e+08 8.354255022475343139e+04 3.844319581614262238e-01 6.083633932583051518e+00 6.051915678859614012e+00 5.321485747153806845e-01 1.172994271906544261e+00 4.334349884850136614e-01 
2.196385372416542435e+10 7.394081506529380931e+03 2.611507870078693304e+04 1.398102092011871642e+19 4.365865605254119146e+04 7.417778008693578406e+37 1.046966635227845610e-01 1.068257621567072369e-05 5.964509409981832141e+05 8.544629253167474270e+08 8.326268516584037570e+04 3.735385761524531167e-01 6.172173548459402248e+00 6.063659074015641082e+00 5.315497996569267247e-01 1.172391188019074493e+00 4.337937421610470468e-01 
2.273965752357932281e+10 7.655254094818392332e+03 2.566059997492075490e+04 1.398102092011871642e+19 4.254046440394506499e+04 7.550315633441843171e+37 1.047983630867746346e-01 1.013984916172021414e-05 5.805960412536152871e+05 7.894925941226998568e+08 8.296819582614160026e+04 3.629760674425686062e-01 6.261579685465988199e+00 6.075135964468597827e+00 5.309662264310823776e-01 1.171801913197037415e+00 4.341448165980393847e-01 
2.354286414322420120e+10 7.925651780344038343e+03 2.521084970931295175e+04 1.398102092011871642e+19 4.145084771799327427e+04 7.685173682195955628e+37 1.049045898957482459e-01 9.622815984506180928e-06 5.651370969902630895e+05 7.292870349808969498e+08 8.265954125702110468e+04 3.527333662450737317e-01 6.351860560933754840e+00 6.086349523198079758e+00 5.303975630896379245e-01 1.171226182134023741e+00 4.344883310151951838e-01 
2.437444150122221756e+10 8.205600410545332124e+03 2.476591916095392298e+04 1.398102092011871642e+19 4.038907854486779979e+04 7.822392780156340794e+37 1.050152632512826728e-01 9.130398452769696049e-06 5.500654239395884797e+05 6.735139154790401459e+08 8.233718043249771290e+04 3.427998196402388120e-01 6.443024627980046048e+00 6.097303036718719760e+00 5.298435183405918458e-01 1.170663731726958590e+00 4.348244052525938597e-01 
2.523539170434766006e+10 8.495437342393432118e+03 2.432589215813275223e+04 1.398102092011871642e+19 3.935444783355711843e+04 7.962014263775706794e+37 1.051303045084416021e-01 8.661553563905643823e-06 5.353724737124551320e+05 6.218624436306453943e+08 8.200157159546017647e+04 3.331651706002779489e-01 6.535080574835151701e+00 6.107999897061342054e+00 5.293038017976821052e-01 1.170114301242682453e+00 4.351531595964577281e-01 
2.612675225563326645e+10 8.795511848929563712e+03 2.389084530021449973e+04 1.398102092011871642e+19 3.834626447178330272e+04 8.104080193211420924e+37 1.052496357577937386e-01 8.215273126184771834e-06 5.210498340541438083e+05 5.740421258749262094e+08 8.165317159003976849e+04 3.238195417599704085e-01 6.628037324076588632e+00 6.118443445104863265e+00 5.287781306372433265e-01 1.169577632453728810e+00 4.354747146013666081e-01 
2.704959730463131714e+10 9.106185540162588950e+03 2.346084816247804702e+04 1.398102092011871642e+19 3.736385483719893818e+04 8.248633364995895654e+37 1.053731811247013567e-01 7.790583285473709775e-06 5.070892289855643176e+05 5.297815824028250575e+08 8.129243517761012481e+04 3.147534198933927829e-01 6.721904031881559050e+00 6.128637118152123087e+00 5.282662230549464155e-01 1.169053469796803357e+00 4.357891909478227577e-01 
2.800503894183625412e+10 9.427832798833431298e+03 2.303596351559053437e+04 1.398102092011871642e+19 3.640656235958856269e+04 8.395717324928789857e+37 1.055008666945954632e-01 7.386543916568463277e-06 4.934825214380084071e+05 4.888274154221484065e+08 8.091981444484749227e+04 3.059576494482524334e-01 6.816689926961458035e+00 6.138584366605708276e+00 5.277678050285641298e-01 1.168541574755364909e+00 4.360966900675050106e-01 
2.899422853882881165e+10 9.760841231571563185e+03 2.261624751334412940e+04 1.398102092011871642e+19 3.547374709381465073e+04 8.545376381194946705e+37 1.056326192295312383e-01 7.002248228120981387e-06 4.802217082444982370e+05 4.509431416755308509e+08 8.053575829384973622e+04 2.974234022649939191e-01 6.912404596164718029e+00 6.148288634919365059e+00 5.272826048512317954e-01 1.168041699449429816e+00 4.363973289819262913e-01 
3.001835813575592041e+10 1.010561213598696486e+04 2.220174990112598971e+04 1.398102092011871642e+19 3.456478530325504835e+04 8.697655617711897135e+37 1.057683674707422805e-01 6.636822164522300912e-06 4.672989190874869819e+05 4.159081711047102213e+08 8.014071191912730865e+04 2.891421615474067397e-01 7.009058064982486513e+00 6.157753539391189967e+00 5.268103441148501709e-01 1.167553581153783604e+00 4.366912489938281627e-01 
3.107866187782014084e+10 1.046256098426103381e+04 2.179251425690178803e+04 1.398102092011871642e+19 3.367906905348152213e+04 8.852600907711243241e+37 1.059080420119078852e-01 6.289423567376059675e-06 4.547064223139187670e+05 3.835168304688180089e+08 7.973511627718570526e+04 2.811057284309510518e-01 7.106660417296060572e+00 6.166982682433789442e+00 5.263507532941394951e-01 1.167076975902589409e+00 4.369785701696633495e-01 
3.217641750250735474e+10 1.083211792381840496e+04 2.138857819181851301e+04 1.398102092011871642e+19 3.281600581593878451e+04 9.010258927557627696e+37 1.060515740735279849e-01 5.959241601942691000e-06 4.424366216658065096e+05 3.535774474199346304e+08 7.931940763130794221e+04 2.733062001828898691e-01 7.205221966501926367e+00 6.175979586448248959e+00 5.259035707841153151e-01 1.166611642901039358e+00 4.372594120641294380e-01 
3.331294787934670258e+10 1.121472829568364614e+04 2.098997356462860989e+04 1.398102092011871642e+19 3.197501808138468186e+04 9.170677170809732016e+37 1.061988968073619560e-01 5.645496058772254638e-06 4.304820558061781921e+05 3.259114790414521098e+08 7.889401714103361883e+04 2.657359583227840161e-01 7.304753254611060953e+00 6.184747843881204687e+00 5.254685363548264876e-01 1.166157344623492964e+00 4.375338936216895402e-01 
3.448962260405752563e+10 1.161085317114720419e+04 2.059672669508118270e+04 1.398102092011871642e+19 3.115554298285972254e+04 9.333903962527435733e+37 1.063499450975344124e-01 5.347436633620455916e-06 4.188353977536435123e+05 3.003526868461798429e+08 7.845937047044128121e+04 2.583876572574461128e-01 7.405265051366123785e+00 6.193291092479354276e+00 5.250453920942501629e-01 1.165713846877262760e+00 4.378021330764683694e-01 
3.570785964900469971e+10 1.202096990738745080e+04 2.020885857598962684e+04 1.398102092011871642e+19 3.035703192795860014e+04 9.499988473829478217e+37 1.065046544114711807e-01 5.064342189492173144e-06 4.074894542291431571e+05 2.767463564985733628e+08 7.801588746369551518e+04 2.512542134074186584e-01 7.506768353379365877e+00 6.201612880056748267e+00 5.246338880043442954e-01 1.165280918841657076e+00 4.380642478533900985e-01 
3.696912707195031738e+10 1.244557272271805232e+04 1.982638508451331290e+04 1.398102092011871642e+19 2.957895024018213735e+04 9.668980736705886507e+37 1.066629621015850876e-01 4.795520004399995439e-06 3.964371649182709516e+05 2.549485605155209005e+08 7.756398176807140408e+04 2.443287948033177892e-01 7.609274383282269127e+00 6.209716814931436346e+00 5.242337754898060975e-01 1.164858333139137114e+00 4.383203544920739603e-01 
3.827494478516314697e+10 1.288517329215465907e+04 1.944931719100851842e+04 1.398102092011871642e+19 2.882077680915084056e+04 9.840931659089953844e+37 1.068248071248897452e-01 4.540305008232369857e-06 3.856716016533097136e+05 2.348254622035540044e+08 7.710406053141418670e+04 2.376048111303813992e-01 7.712794588909617666e+00 6.217606532264033703e+00 5.238448086729486919e-01 1.164445865872405506e+00 4.385705685673830234e-01 
3.962688638701478577e+10 1.334030136401759228e+04 1.907766116533418972e+04 1.398102092011871642e+19 2.808200374946986267e+04 1.001589304019386604e+38 1.069901289854658377e-01 4.298059011856400338e-06 3.751859675187359098e+05 2.162526590966500640e+08 7.663652412928418198e+04 2.310759042012419107e-01 7.817340642518559868e+00 6.225285570145582703e+00 5.234667494811785504e-01 1.164043296641068759e+00 4.388150046112100910e-01 
4.102658105827190399e+10 1.381150539831432070e+04 1.871141878113065468e+04 1.398102092011871642e+19 2.736213606803624862e+04 1.019391758611292661e+38 1.071588690299343782e-01 4.068169931341204088e-06 3.649735958837179351e+05 1.991145641745111942e+08 7.616176592922728742e+04 2.247359388379602529e-01 7.922924440034706528e+00 6.232757519834462911e+00 5.230993611925188747e-01 1.163650408590424457e+00 4.390537760556611491e-01 
4.247571552536894226e+10 1.429935322767076468e+04 1.835058751659902919e+04 1.398102092011871642e+19 2.666069133958616658e+04 1.037505892570298213e+38 1.073309700741114092e-01 3.850051010003468335e-06 3.550279493658441352e+05 1.833038231665088832e+08 7.568017207770481764e+04 2.185789941444971074e-01 8.029558100345607130e+00 6.240025981806144983e+00 5.227424101779217791e-01 1.163266988426040927e+00 4.392869951711890208e-01 
4.397603609302712250e+10 1.480443274160786314e+04 1.799516075183230714e+04 1.398102092011871642e+19 2.597719939028381850e+04 1.055937162673577964e+38 1.075063754518247316e-01 3.643140040730212158e-06 3.453426187298125005e+05 1.687207662730871737e+08 7.519212131758124451e+04 2.125993551522223080e-01 8.137253964640278170e+00 6.247094454878437730e+00 5.223956704184392619e-01 1.162892826412567748e+00 4.395147730062329838e-01 
4.552935074866938019e+10 1.532735259498809683e+04 1.764512796318249093e+04 1.398102092011871642e+19 2.531120198915822039e+04 1.074691121233719759e+38 1.076850303007392679e-01 3.446898590821507770e-06 3.359113217246286222e+05 1.552728926698843837e+08 7.469798485737873125e+04 2.067915048218847140e-01 8.246024595787991629e+00 6.253966485678992271e+00 5.220589171289575781e-01 1.162527716404115674e+00 4.397372193468787605e-01 
4.713753134116728973e+10 1.586874294148568333e+04 1.730047491335153245e+04 1.398102092011871642e+19 2.466225254719840450e+04 1.093773417771329937e+38 1.078668810863161742e-01 3.260811231426619108e-06 3.267279018634786480e+05 1.428743861995027363e+08 7.419812615243630717e+04 2.011501163857019048e-01 8.355882777774514381e+00 6.260645613256031972e+00 5.217319289731071619e-01 1.162171455840060652e+00 4.399544426697789001e-01 
4.880251583654433441e+10 1.642925619296397781e+04 1.696118383740934587e+04 1.398102092011871642e+19 2.402991582392250348e+04 1.113189800716906772e+38 1.080518747698321486e-01 3.084384773429027050e-06 3.177863271498804097e+05 1.314456606956802607e+08 7.369290080403737375e+04 1.956700460144452647e-01 8.466841515192356837e+00 6.267135272699804638e+00 5.214144919588472593e-01 1.161823845729867077e+00 4.401665500971344569e-01 
5.052631065335679626e+10 1.700956780567612805e+04 1.662723362517670466e+04 1.398102092011871642e+19 2.341376764123872272e+04 1.132946119142537177e+38 1.082399600811874557e-01 2.917147511452813295e-06 3.090806887535455171e+05 1.209129334290610403e+08 7.318265646775033383e+04 1.903463257950213094e-01 8.578914032780199150e+00 6.273438943289347591e+00 5.211063931604000832e-01 1.161484690668568964e+00 4.403736473702915544e-01 
5.231099308056258392e+10 1.761037709423515116e+04 1.629859999880706164e+04 1.398102092011871642e+19 2.281339460442317068e+04 1.153048324523886247e+38 1.084310869324921489e-01 2.758648477513805239e-06 3.006051996399638592e+05 1.112078252118713111e+08 7.266773277151578804e+04 1.851741570044033447e-01 8.692113775027019429e+00 6.279560080778018971e+00 5.208074234393521573e-01 1.161153798816949800e+00 4.405758388149500493e-01 
5.415871378079464722e+10 1.823240807433523150e+04 1.597525568590757030e+04 1.398102092011871642e+19 2.222839383004072079e+04 1.173502472533045971e+38 1.086252057157414408e-01 2.608456705650768701e-06 2.923541931570729939e+05 1.022669857460755855e+08 7.214846125256871164e+04 1.801489036667592858e-01 8.806454405835843602e+00 6.285502036661704039e+00 5.205173806796752345e-01 1.160830981875772938e+00 4.407732273092331843e-01 
5.607169938205469513e+10 1.887641033523953229e+04 1.565717058858099699e+04 1.398102092011871642e+19 2.165837268064080854e+04 1.194314724862774813e+38 1.088222685594032874e-01 2.466160508719742628e-06 2.843221215822747909e+05 9.403174284979151189e+07 7.162516531227866653e+04 1.752660863811062175e-01 8.921949808244820090e+00 6.291268204486583748e+00 5.202360636259893978e-01 1.160516055089309218e+00 4.409659142690190436e-01 
5.805225516094907379e+10 1.954315994308546942e+04 1.534431194840922763e+04 1.398102092011871642e+19 2.110294850606374894e+04 1.215491351082660327e+38 1.090222286274343255e-01 2.331366768585893086e-06 2.765035546348841162e+05 8.644777425565625727e+07 7.109816019442729885e+04 1.705213763965915952e-01 9.038614084783251457e+00 6.296861939379542861e+00 5.199632751221386906e-01 1.160208837287455053e+00 4.411539996726925872e-01 
6.010276782070388031e+10 2.023346037609718769e+04 1.503664450148158903e+04 1.398102092011871642e+19 2.056174839119566968e+04 1.237038730527806956e+38 1.092250395500928006e-01 2.203700239521904313e-06 2.688931779490763438e+05 7.946480067511211336e+07 7.056775298412334814e+04 1.659105899884065760e-01 9.156461555065806834e+00 6.302286493167732928e+00 5.196988246978484494e-01 1.159909150553047441e+00 4.413375818421200747e-01 
6.222570836730231476e+10 2.094814349283066986e+04 1.473413063974369470e+04 1.398102092011871642e+19 2.003440891001637647e+04 1.258963354220562087e+38 1.094306566674187742e-01 2.082802868336504607e-06 2.614857915304855560e+05 7.303629902684570849e+07 7.003424260344741924e+04 1.614296829612312800e-01 9.275506759092582598e+00 6.307545159242868849e+00 5.194425224841912048e-01 1.159616820664744585e+00 4.415167577353186212e-01 
6.442363508721369934e+10 2.168807053461946634e+04 1.443673055638921142e+04 1.398102092011871642e+19 1.952057588578557261e+04 1.281271826825902558e+38 1.096390362054700252e-01 1.968333128196553746e-06 2.542763081729351252e+05 6.711923452273671329e+07 6.949791980129052536e+04 1.570747454869330373e-01 9.395764454987027392e+00 6.312641178272778930e+00 5.191941830295168092e-01 1.159331676754679963e+00 4.416916227312362442e-01 
6.669919663030114746e+10 2.245413316342854887e+04 1.414440239194306378e+04 1.398102092011871642e+19 1.901990415721798854e+04 1.303970868641049456e+38 1.098501348530771804e-01 1.859965369488997660e-06 2.472597518583912170e+05 6.167381061544156820e+07 6.895906728051023674e+04 1.528419971026691859e-01 9.517249619613300737e+00 6.317577690788722222e+00 5.189536271493485620e-01 1.159053551344345623e+00 4.418622706680943035e-01 
6.905513520162316895e+10 2.324725453636709062e+04 1.385710237482663251e+04 1.398102092011871642e+19 1.853205735050105068e+04 1.327067317619921308e+38 1.100639109778401431e-01 1.757389187029276375e-06 2.404312561347196461e+05 5.666323570432598144e+07 6.841795958556217374e+04 1.487277819257070977e-01 9.639977448698772378e+00 6.322357878493023442e+00 5.187206760409170947e-01 1.158782280331458248e+00 4.420287938464070310e-01 
7.149428986597561646e+10 2.406839041815500605e+04 1.357478495667515926e+04 1.398102092011871642e+19 1.805670765701203345e+04 1.350568131433024489e+38 1.102803236899494166e-01 1.660308804163297336e-06 2.337860624757458572e+05 5.205350560015615076e+07 6.787486318236163061e+04 1.447285640647903993e-01 9.763963357029616930e+00 6.326984857678003671e+00 5.184951555817111091e-01 1.158517702938347105e+00 4.421912830188048371e-01 
7.401959996915652466e+10 2.491853033288398365e+04 1.329740294305568204e+04 1.398102092011871642e+19 1.759353561659511979e+04 1.374480389563417031e+38 1.104993325581863500e-01 1.568442474016669405e-06 2.273195186260159535e+05 4.781320078934784979e+07 6.733003656215911906e+04 1.408409232193414407e-01 9.889222978715620727e+00 6.331461648205650938e+00 5.182768975121816446e-01 1.158259661669601037e+00 4.423498273866319219e-01 
7.663410868007463074e+10 2.579869875646030050e+04 1.302490761976746035e+04 1.398102092011871642e+19 1.714222990626246974e+04 1.398811295439347453e+38 1.107208988028025587e-01 1.481521898069824258e-06 2.210270769327498856e+05 4.391329758652241528e+07 6.678373033045281773e+04 1.370615504581776112e-01 1.001577216752343169e+01 6.335791311833608219e+00 5.180657337026178810e-01 1.158008002293468008e+00 4.425045146094118698e-01 
7.934096665797491455e+10 2.670995635116796984e+04 1.275724887400838634e+04 1.398102092011871642e+19 1.670248713418524494e+04 1.423568178604264150e+38 1.109449842485342591e-01 1.399291662171545267e-06 2.149042926677599899e+05 4.032699231083503366e+07 6.623618726258480456e+04 1.333872441698337463e-01 1.014362699728399342e+01 6.339976833499799902e+00 5.178615009384632817e-01 1.157762573783565063e+00 4.426554307997865867e-01 
8.214343584919421387e+10 2.765340124383788498e+04 1.249437531111940552e+04 1.398102092011871642e+19 1.627401163884585367e+04 1.448758496924785410e+38 1.111715511747093099e-01 1.321508690023777213e-06 2.089468223414022650e+05 3.702953766607538611e+07 6.568764239153399831e+04 1.298149061769189871e-01 1.027280376236941528e+01 6.344021105986335840e+00 5.176640414664958056e-01 1.157523228274612626e+00 4.428026605266643378e-01 
8.504489341802668762e+10 2.863017034916478224e+04 1.223623436702625986e+04 1.398102092011871642e+19 1.585651529322381248e+04 1.474389838837342609e+38 1.114005634843839437e-01 1.247941714115380777e-06 2.031504220107503061e+05 3.399809054842951149e+07 6.513832311245470191e+04 1.263415380072665239e-01 1.040331897824010632e+01 6.347927065110221534e+00 5.174731974167053883e-01 1.157289821039896749e+00 4.429462868298936762e-01 
8.804883581643446350e+10 2.964144073976607615e+04 1.198277241574415712e+04 1.398102092011871642e+19 1.544971731389148772e+04 1.500469925634149186e+38 1.116319855571449721e-01 1.178370764033255415e-06 1.975109455844413606e+05 3.121157054814479873e+07 6.458844928962779522e+04 1.229642373150536261e-01 1.053518938206518207e+01 6.351697560185610492e+00 5.172888160190187712e-01 1.157062210427859394e+00 4.430863912191442822e-01 
9.115888299750837708e+10 3.068843106463385993e+04 1.173393487271492631e+04 1.398102092011871642e+19 1.505334407489893420e+04 1.527006613789202252e+38 1.118657822207192731e-01 1.112586672020098275e-06 1.920243431259237404e+05 2.865052845154344290e+07 6.403823341572102800e+04 1.196801944451481026e-01 1.066843193342432272e+01 6.355335352776620539e+00 5.171107495818427768e-01 1.156840257818415374e+00 4.432230536832911238e-01 
9.437878277775390625e+10 3.177240301768856443e+04 1.148966629398753685e+04 1.398102092011871642e+19 1.466712892632995499e+04 1.554007897324982879e+38 1.121019198969997882e-01 1.050390595602667766e-06 1.866866591569719312e+05 2.629702408892030269e+07 6.348788064492562262e+04 1.164866891349110450e-01 1.080306381504808932e+01 6.358843248758362598e+00 5.169388500653789853e-01 1.156623827595323339e+00 4.433563527076260780e-01 
9.771241535346501160e+10 3.289466285820596386e+04 1.124991047073748086e+04 1.398102092011871642e+19 1.429081201741352379e+04 1.581481910220631234e+38 1.123403653710372957e-01 9.915935570916262930e-07 1.814940309636383026e+05 2.413451291180448234e+07 6.293758891031953681e+04 1.133810873469859454e-01 1.093910243364334711e+01 6.362223959926261330e+00 5.167729746484981401e-01 1.156412787078197058e+00 4.434863652752372709e-01 
1.011637979766206970e+11 3.405656298494713701e+04 1.101461051992967441e+04 1.398102092011871642e+19 1.392414012407901646e+04 1.609436928862245028e+38 1.125810858639094136e-01 9.360159997048869800e-07 1.764426869060847093e+05 2.214774071842698753e+07 6.238754906560604286e+04 1.103608382271049904e-01 1.107656542082615303e+01 6.365480114382367383e+00 5.166129852422327584e-01 1.156207006481039690e+00 4.436131668820766372e-01 
1.047370897959448700e+11 3.525950356589027069e+04 1.078370897104867981e+04 1.398102092011871642e+19 1.356686648084480294e+04 1.637881374536096352e+38 1.128240501579356320e-01 8.834873600299130587e-07 1.715289447338267346e+05 2.032264598044599220e+07 6.183794502784925862e+04 1.074234711823564281e-01 1.121547063408052303e+01 6.368614385676996115e+00 5.164587432026777059e-01 1.156006358883807428e+00 4.437368315578728573e-01 
1.084365968689608612e+11 3.650493422552746051e+04 1.055714784846501061e+04 1.398102092011871642e+19 1.321875061693331918e+04 1.666823815965496202e+38 1.130692273050215024e-01 8.338456565344160462e-07 1.667492099082706845e+05 1.864626925726103410e+07 6.128895390629710164e+04 1.045665930741374178e-01 1.135583615780235789e+01 6.371629348283317285e+00 5.163101151372206932e-01 1.155810720162885108e+00 4.438574318703968347e-01 
1.122667773510811310e+11 3.779435579175998282e+04 1.033486875020173647e+04 1.398102092011871642e+19 1.287955819650801277e+04 1.696272971892071169e+38 1.133165867715932307e-01 7.869370937943498479e-07 1.620999739336465136e+05 1.710666921488422155e+07 6.074074612319186417e+04 1.017878855209347344e-01 1.149768030441153854e+01 6.374527496173020502e+00 5.161669720945406548e-01 1.155619968946460352e+00 4.439750389414719445e-01 
1.162322468679849396e+11 3.912932210449700506e+04 1.011681292309736637e+04 1.398102092011871642e+19 1.254906086293009685e+04 1.726237713702233927e+38 1.135660995471624440e-01 7.426156820961743660e-07 1.575778126977240026e+05 1.569284479623860121e+07 6.019348554799130943e+04 9.908510230620044823e-02 1.164102161553381798e+01 6.377311369469985003e+00 5.160291843966866576e-01 1.155433986587044881e+00 4.440897224714221436e-01 
1.203377840777590485e+11 4.051144188813767687e+04 9.902921333911268448e+03 1.398102092011871642e+19 1.222703608693547176e+04 1.756727068099641266e+38 1.138177368228535519e-01 7.007428720561172057e-07 1.531793848238211649e+05 1.439466311797650345e+07 5.964732967845462554e+04 9.645606688690148978e-02 1.178587886325140133e+01 6.379983407338071011e+00 5.158966275413682245e-01 1.155252657090798829e+00 4.442015507451135270e-01 
1.245883364295008087e+11 4.194238069019177783e+04 9.693134737136517288e+03 1.398102092011871642e+19 1.191326701863485869e+04 1.787750219824417518e+38 1.140714701691903227e-01 6.611872038791056100e-07 1.489014300349770347e+05 1.320279269542600214e+07 5.910242986039238167e+04 9.389866999834495243e-02 1.193227105142195299e+01 6.382545970221770837e+00 5.157691812519625829e-01 1.155075867073407814e+00 4.443105906502883840e-01 
1.289890261253308105e+11 4.342386288837772008e+04 9.487393739505445410e+03 1.398102092011871642e+19 1.160754234324163917e+04 1.819316514420031590e+38 1.143272726343258355e-01 6.238239708738912885e-07 1.447407675314232765e+05 1.210864162273968942e+07 5.855893120702503074e+04 9.141086735119023643e-02 1.208021741706515328e+01 6.385001464691741901e+00 5.156467243987824522e-01 1.154903505732641333e+00 4.444169077038187532e-01 
1.335451562929897461e+11 4.495767376861329103e+04 9.285638860777109585e+03 1.398102092011871642e+19 1.130965614043572896e+04 1.851435461048568226e+38 1.145851174322911059e-01 5.885348968346921161e-07 1.406942943826099217e+05 1.110430035932434537e+07 5.801697281296713481e+04 8.899067741680033450e-02 1.222973743181702488e+01 6.387352198216669663e+00 5.155291408178462875e-01 1.154735464777902454e+00 4.445205660593078978e-01 
1.382622173764653625e+11 4.654566167640572530e+04 9.087810591529438170e+03 1.398102092011871642e+19 1.101940774727242024e+04 1.884116735355313629e+38 1.148449781029738798e-01 5.552078268875618940e-07 1.367589839344298234e+05 1.018248879609897733e+07 5.747668789529764035e+04 8.663617929710765164e-02 1.238085080345063638e+01 6.389600399331908598e+00 5.154163184520704766e-01 1.154571638386179044e+00 4.446216285266950674e-01 
1.431458937523481445e+11 4.818974024423280207e+04 8.893833321686457566e+03 1.398102092011871642e+19 1.073660162454840065e+04 1.917370182383489213e+38 1.149989045089154088e-01 5.237364914832868041e-07 1.329318938511325105e+05 9.336509043282035738e+06 5.693820145088405116e+04 8.434551930827788313e-02 1.253357667058553027e+01 6.379767537776288577e+00 5.157907604642961719e-01 1.154409922723779180e+00 4.447191928918207138e-01 
1.482020705798860168e+11 4.989189069759823178e+04 8.703644093615090242e+03 1.398102092011871642e+19 1.046104722653897625e+04 1.951205819539999379e+38 1.150386342421684943e-01 4.940200927304867083e-07 1.292101512855220935e+05 8.560196684181008488e+06 5.640164217927123536e+04 8.211690394983235664e-02 1.268793357279388978e+01 6.357049164937227381e+00 5.166881802721375871e-01 1.154249683108854008e+00 4.448129344582777978e-01 
1.534368408930013123e+11 5.165416424254306912e+04 8.517179694377513442e+03 1.398102092011871642e+19 1.019255887402216831e+04 1.985633839613140811e+38 1.149702686532570323e-01 4.659631614871073695e-07 1.255909472249479441e+05 7.847881102625042200e+06 5.586709209654307779e+04 7.994856986604624571e-02 1.284394349281640224e+01 6.322273192353108584e+00 5.180826359418916338e-01 1.154090097162409290e+00 4.449027022434436929e-01 
1.588565129428052673e+11 5.347868453748653701e+04 8.334387296445780521e+03 1.398102092011871642e+19 9.930955630508437025e+03 2.020664613843102544e+38 1.148545635168368578e-01 4.394751428365080022e-07 1.220715517747464037e+05 7.194345275156343356e+06 5.533443713673192542e+04 7.783883994311754928e-02 1.300162397250958080e+01 6.282267362927509424e+00 5.197040313588732197e-01 1.153931824239439186e+00 4.449885750001636442e-01 
1.644676177994662781e+11 5.536765025237775990e+04 8.155209660723248817e+03 1.398102092011871642e+19 9.676061181595634480e+03 2.056308695046246981e+38 1.147095547835148416e-01 4.144703423374966265e-07 1.186492918482103269e+05 6.594792052206733264e+06 5.480404152453504503e+04 7.578604902128169285e-02 1.316099830049698127e+01 6.239085706577095713e+00 5.214728222138699243e-01 1.153774789532486356e+00 4.450707578634529593e-01 
1.702769172225897827e+11 5.732333771824124415e+04 7.979584441366259853e+03 1.398102092011871642e+19 9.427703717371470702e+03 2.092576820794085363e+38 1.145361948448392897e-01 3.908675628818164106e-07 1.153215692170068505e+05 6.044810210468186997e+06 5.427593220099597238e+04 7.378860056905649223e-02 1.332208748964469791e+01 6.192893534795866017e+00 5.233860205780671571e-01 1.153618252128774335e+00 4.451489585746391531e-01 
1.762914118095944214e+11 5.934810367030924681e+04 7.807449752047621587e+03 1.398102092011871642e+19 9.185715817787398919e+03 2.129479916647905380e+38 1.143315430224841889e-01 3.685898622942164933e-07 1.120858703221423348e+05 5.540344245183036663e+06 5.375026012226923194e+04 7.184499082530819425e-02 1.348490568366608322e+01 6.143436116110025047e+00 5.254587101369053714e-01 1.153461692503449765e+00 4.452223272030138568e-01 
1.825183494319038696e+11 6.144438808804658765e+04 7.638742583772511352e+03 1.398102092011871642e+19 8.949934340929748942e+03 2.167029099450035826e+38 1.140938351417350310e-01 3.475644974008923072e-07 1.089397205461196718e+05 5.077666354880344123e+06 5.322707000948650239e+04 6.995369145415326895e-02 1.364947807370859323e+01 6.090596242266538951e+00 5.277008087633191513e-01 1.153304003134161038e+00 4.452906397297969332e-01 
1.889652339691211548e+11 6.361471713549064589e+04 7.473400236318747375e+03 1.398102092011871642e+19 8.720200314115694709e+03 2.205235680672733570e+38 1.138198994086671578e-01 3.277225576029091417e-07 1.058807282559158775e+05 4.653350340346770361e+06 5.270656829076229769e+04 6.811326497954617309e-02 1.381582291124977147e+01 6.034113581340157850e+00 5.301292940275609267e-01 1.153144261418226790e+00 4.453530614437886115e-01 
1.956398343517064819e+11 6.586170620544828125e+04 7.311357618212085072e+03 1.398102092011871642e+19 8.496358827743633810e+03 2.244111169825681513e+38 1.135087485196681623e-01 3.089988140502084735e-07 1.029065603832529159e+05 4.264247175358828157e+06 5.218868344264544430e+04 6.632231073560554413e-02 1.398395932086356552e+01 5.973970171459722422e+00 5.327513965288382947e-01 1.152981010870719025e+00 4.454085906030352815e-01 
2.025501939230666504e+11 6.818806307122202998e+04 7.152551026795792495e+03 1.398102092011871642e+19 8.278258931828668210e+03 2.283667277923185952e+38 1.131559730075690773e-01 2.913315608251978108e-07 1.000149598361916287e+05 3.907464095001801848e+06 5.167365127481507079e+04 6.457949339556046109e-02 1.415390237490345271e+01 5.909795678053582080e+00 5.355910200009350586e-01 1.152813058829915915e+00 4.454557845391985405e-01 
2.097046401323230591e+11 7.059659114965841582e+04 6.996913434109887930e+03 1.398102092011871642e+19 8.065753535156596627e+03 2.323915921012035950e+38 1.127596408602615508e-01 2.746624326425126931e-07 9.720371938900170790e+04 3.580343052581945434e+06 5.116144601545954356e+04 6.288349359103172220e-02 1.432567119522338039e+01 5.841494954221419178e+00 5.386609823769632488e-01 1.152638388184750395e+00 4.454931316548711440e-01 
2.171117945694500732e+11 7.309019287945453834e+04 6.844378655287274341e+03 1.398102092011871642e+19 7.858699306990393779e+03 2.364869223761146749e+38 1.123157581352294404e-01 2.589362381551062643e-07 9.447070888488627679e+04 3.280443060683005955e+06 5.065228059948864393e+04 6.123306002081073396e-02 1.449927960110319169e+01 5.768770311769647385e+00 5.419847767824611529e-01 1.152455173821042900e+00 4.455184770463349597e-01 
2.247805833548729858e+11 7.567187321879262163e+04 6.694877499685237126e+03 1.398102092011871642e+19 7.656956581265470959e+03 2.406539523114049191e+38 1.118209658652973698e-01 2.441007976904852192e-07 9.181385764220051351e+04 3.005522124313675333e+06 5.014620540162124962e+04 5.962697555193559318e-02 1.467474164512574575e+01 5.691407309223739830e+00 5.455837259323319532e-01 1.152260910502164171e+00 4.455291998781575891e-01 
2.327202478960411987e+11 7.834474326651598676e+04 6.548339746105853010e+03 1.398102092011871642e+19 7.460389263211412072e+03 2.448939372005304119e+38 1.112711876372701886e-01 2.301067603310928839e-07 8.923118045121800969e+04 2.753521754163813777e+06 4.964337583070065011e+04 5.806411510660217795e-02 1.485205919400352848e+01 5.609134786752815849e+00 5.494838540700923701e-01 1.152053106933339066e+00 4.455213816463650112e-01 
2.409403560239526978e+11 8.111202401121471485e+04 6.404692915570234618e+03 1.398102092011871642e+19 7.268864738339031646e+03 2.492081543142028003e+38 1.106622471909861488e-01 2.169075828355225288e-07 8.672073911319121544e+04 2.522552426152747590e+06 4.914395341886794631e+04 5.654333914943915351e-02 1.503124384141727532e+01 5.521694302200018001e+00 5.537127812508111369e-01 1.151828471122687825e+00 4.454910414965032595e-01 
2.494508135230316467e+11 8.397705021273276361e+04 6.263862528023392770e+03 1.398102092011871642e+19 7.082253783733896853e+03 2.535979032851579683e+38 1.099894913909548050e-01 2.044592542051120585e-07 8.428069597750733374e+04 2.310879932215482928e+06 4.864815274993616185e+04 5.506363050735668674e-02 1.521228667250717592e+01 5.428800982314323065e+00 5.583021899267925914e-01 1.151583777412634735e+00 4.454320704873923620e-01 
2.582618760682674866e+11 8.694327442077882006e+04 6.125771590949884740e+03 1.398102092011871642e+19 6.900430481598095867e+03 2.580645064996629612e+38 1.092479142096396821e-01 1.927203054758306735e-07 8.190927726331923623e+04 2.116913267644768581e+06 4.815625836419931147e+04 5.362398452666375381e-02 1.539518164237009934e+01 5.330162974670892062e+00 5.632871873740908919e-01 1.151315181960741896e+00 4.453374902897550558e-01 
2.673841615839943848e+11 9.001427113548126363e+04 5.990340625439223004e+03 1.398102092011871642e+19 6.723272134983947581e+03 2.626093094958774816e+38 1.084321319441345632e-01 1.816516145576790217e-07 7.960481084443790314e+04 1.939193168827027548e+06 4.766865921326892567e+04 5.222349782187231393e-02 1.557990411517194218e+01 5.225480460221058721e+00 5.687070146053989639e-01 1.151018838937715616e+00 4.451978697762335457e-01 
2.768286630392061157e+11 9.319374111490194628e+04 5.857487662187429123e+03 1.398102092011871642e+19 6.550659185664584584e+03 2.672336813691891116e+38 1.075362855050017857e-01 1.712163677730802184e-07 7.736571688829701452e+04 1.776381858768551145e+06 4.718589084747219749e+04 5.086132356783940739e-02 1.576642006858560485e+01 5.114442121118776718e+00 5.746058204991072449e-01 1.150690758011265968e+00 4.450015817962843512e-01 
2.866067616948244629e+11 9.648551583469896286e+04 5.727128502157847834e+03 1.398102092011871642e+19 6.382475134087730112e+03 2.719390151846455723e+38 1.065540541122265983e-01 1.613799640506143561e-07 7.519052528779274144e+04 1.627253554272875888e+06 4.670870596335417940e+04 4.953669375386843959e-02 1.595467956395207132e+01 4.996731372916211278e+00 5.810331448694056045e-01 1.150327179536269062e+00 4.447340083531433064e-01 
2.967302408188872681e+11 9.989356210531367105e+04 5.599177392396355572e+03 1.398102092011871642e+19 6.218606461360272988e+03 2.767267283966077829e+38 1.054786139789321009e-01 1.521099141191157379e-07 7.307790460826986236e+04 1.490685760130053619e+06 4.623820502223480435e+04 4.824896616410480343e-02 1.614460204040365099e+01 4.872027316013667786e+00 5.880448985923497629e-01 1.149925300140028694e+00 4.443762073684854874e-01 
3.072112998861759033e+11 1.034219868522429897e+05 5.473548055735724120e+03 1.398102092011871642e+19 6.058942553212723396e+03 2.815982632757475609e+38 1.043026150108284367e-01 1.433758766498565412e-07 7.102664757776864280e+04 1.365651539354207925e+06 4.577599746976598544e+04 4.699754132530403056e-02 1.633609790954834295e+01 4.740012131319157440e+00 5.957039372233088326e-01 1.149483330537438786e+00 4.439055880080441385e-01 
3.180625692794119263e+11 1.070750420651638997e+05 5.350155700083962074e+03 1.398102092011871642e+19 5.903375625893404504e+03 2.865550873435266835e+38 1.030181713095765644e-01 1.351495307419568210e-07 6.903573288935865276e+04 1.251212220301784808e+06 4.532449478703705972e+04 4.578197794379403052e-02 1.652903462244259458e+01 4.600375063550658616e+00 6.040814282217612519e-01 1.149002253702040788e+00 4.432932304422297909e-01 
3.292971255097147827e+11 1.108571299218659842e+05 5.228919742289196620e+03 1.398102092011871642e+19 5.751800653944265832e+03 2.915986938142767300e+38 1.016168261852522375e-01 1.274046478226104578e-07 6.710431975705677178e+04 1.146511051868222654e+06 4.488742644675627525e+04 4.460190802211830979e-02 1.672326043989287214e+01 4.452821068441233265e+00 6.132578873158708310e-01 1.148486614821832230e+00 4.425044027559919546e-01 
3.409285069746807251e+11 1.147728080931729201e+05 5.109767586600386494e+03 1.398102092011871642e+19 5.604115299810597207e+03 2.967306020450221322e+38 1.000896475566468435e-01 1.201170401920323241e-07 6.523180644390273665e+04 1.050767237574768718e+06 4.447078075350524887e+04 4.345711276452599026e-02 1.691858146052162581e+01 4.297087705096489962e+00 6.233242923418109704e-01 1.147946942545047477e+00 4.414962266463351992e-01 
3.529707302730657349e+11 1.188267952352435095e+05 4.992641033502123719e+03 1.398102092011871642e+19 5.460219845238621929e+03 3.019523579931777140e+38 9.842712073213474855e-02 1.132646776567228768e-07 6.341783989570179983e+04 9.632708856334798038e+05 4.408502478512028028e+04 4.234743568555285331e-02 1.711479182614559136e+01 4.132949937248457495e+00 6.343842298679989167e-01 1.147402032267481164e+00 4.402181806543443154e-01 
3.654383070957261963e+11 1.230239766758684564e+05 4.877505434855485873e+03 1.398102092011871642e+19 5.320017124415942817e+03 3.072655346822571783e+38 9.661930590875096592e-02 1.068277203615707031e-07 6.166237533818580414e+04 8.833782598103367491e+05 4.375084186114530166e+04 4.127281256928280739e-02 1.731167059104583927e+01 3.960246331329099867e+00 6.465555168725635182e-01 1.146883216113129933e+00 4.386106141241641332e-01 
3.783462617131932983e+11 1.273694103016225999e+05 4.764362733591873621e+03 1.398102092011871642e+19 5.183412458810706994e+03 3.126717326757410115e+38 9.465586683231676235e-02 1.007887032215756247e-07 5.996568877792317653e+04 8.105077641609839629e+05 4.351932945899152401e+04 4.023313704867362978e-02 1.750904150197364118e+01 3.778899480718572068e+00 6.599727158669883575e-01 1.146439042661948404e+00 4.366065379816062020e-01 
3.917101490809260864e+11 1.318683326529573533e+05 4.653268100426013007e+03 1.398102092011871642e+19 5.050313593666985980e+03 3.181725805592343327e+38 9.252629565487745233e-02 9.513270236820688967e-08 5.832840544311673875e+04 7.441362017897998448e+05 4.359221174550332944e+04 3.922814331235748020e-02 1.770684117644001176e+01 3.588952800439336510e+00 6.747893920107703725e-01 1.146141770804073090e+00 4.341336118389289567e-01 
4.055460735840827637e+11 1.365261652345852635e+05 4.544352706361641140e+03 1.398102092011871642e+19 4.920630636114342451e+03 3.237697354310693920e+38 9.022016331957392887e-02 8.984754734882554123e-08 5.675151864647974435e+04 6.837954543033118825e+05 4.321018899002447142e+04 3.825722905270753649e-02 1.790522699074525903e+01 3.390609616400792614e+00 6.911813315486026177e-01 1.146096003680545650e+00 4.311180970410247726e-01 
4.198707084443905640e+11 1.413485210487588774e+05 4.437852970461366567e+03 1.398102092011871642e+19 4.794275994850972893e+03 3.294648834014966934e+38 8.772752698944792649e-02 8.492413178076504541e-08 5.523635091509127233e+04 6.290694448385940632e+05 4.161023305306993279e+04 3.731909463898017837e-02 1.810478372490194232e+01 3.184285999407466150e+00 7.093496088400994548e-01 1.146448763691968908e+00 4.274937148532656495e-01 
4.347013158125017700e+11 1.463412113593166869e+05 4.334148283358368644e+03 1.398102092011871642e+19 4.671164321360666690e+03 3.352597401006161977e+38 8.503950005744510821e-02 8.035668521990250328e-08 5.378451110109485307e+04 5.795911350831666496e+05 4.120830647071725980e+04 3.641136306330922806e-02 1.830677831881836326e+01 2.970669070244565724e+00 7.295248726679016693e-01 1.147403119480060463e+00 4.232126534206016588e-01 
4.500557675700488281e+11 1.515102526946477592e+05 4.233808270657204957e+03 1.398102092011871642e+19 4.551212452624899015e+03 3.411560511952005528e+38 8.214897412852704972e-02 7.614311923001582405e-08 5.239776052728425566e+04 5.350395487401977880e+05 4.092769111248593981e+04 3.552996567907636821e-02 1.851356416548273387e+01 2.750779532759126678e+00 7.519726608368290099e-01 1.149234173958358918e+00 4.182635626819970476e-01 
4.659525668664667969e+11 1.568618740980141738e+05 4.137650301564711299e+03 1.398102092011871642e+19 4.434339355292266191e+03 3.471555929145672477e+38 7.905160871334435124e-02 7.228529577764435215e-08 5.107782358707913954e+04 4.951363852695839596e+05 4.076512447891748889e+04 3.466845308583991342e-02 1.872909099972082458e+01 2.526034910594669114e+00 7.770006892095955298e-01 1.152309093244854088e+00 4.126937848715826473e-01 
4.824108704165373535e+11 1.624025246339686855e+05 4.046807968079606781e+03 1.398102092011871642e+19 4.320466071268452652e+03 3.532601725856577174e+38 7.574705126204044070e-02 6.878917920067737387e-08 4.982612357139336382e+04 4.596420191234859522e+05 4.077641072680023353e+04 3.381726257367517058e-02 1.895952658788860035e+01 2.298300014511203138e+00 8.049699291431308135e-01 1.157111833136168499e+00 4.066355599094544915e-01 
4.994505115855139771e+11 1.681388811599095643e+05 3.962811607450083557e+03 1.398102092011871642e+19 4.209515664690893573e+03 3.594716291774816202e+38 7.224035261337481695e-02 6.566480040761703173e-08 4.864344019658138131e+04 4.283506260160284583e+05 4.110438212534530612e+04 3.296305778126656927e-02 1.921396663568861740e+01 2.069909720030227440e+00 8.363122972358169038e-01 1.164273913410179162e+00 4.003346007397974859e-01 
5.170920242896755371e+11 1.740778563721477403e+05 3.887681393381215912e+03 1.398102092011871642e+19 4.101413170252951204e+03 3.657918338550995380e+38 6.854351972051764275e-02 6.292587814915365907e-08 4.752954173594009626e+04 4.010840646735864575e+05 4.247098837334190466e+04 3.208845970208201726e-02 1.950511707276619688e+01 1.843646439752893995e+00 8.715597074852906578e-01 1.174614212951077263e+00 3.941759132639228169e-01 
5.353566677410718994e+11 1.802266071361694485e+05 3.824037506087661768e+03 1.398102092011871642e+19 3.996085542843740768e+03 3.722226905432976358e+38 6.467695400757317303e-02 6.058908538665061338e-08 4.648280895762436558e+04 3.776845825680495473e+05 4.026566547857389378e+04 3.117238072336251525e-02 1.984988656277469588e+01 1.622652367204054924e+00 9.113915051283068003e-01 1.189191324004145178e+00 3.887058673476421755e-01 
5.542664520663095703e+11 1.865925431111419748e+05 3.775232614694046788e+03 1.398102092011871642e+19 3.893461608470119700e+03 3.787661365001347876e+38 6.067052862110521722e-02 5.867284992150573192e-08 4.549995738342992263e+04 3.580063000110855210e+05 4.109390896780103503e+04 3.019138669233139768e-02 2.026970948742560097e+01 1.410266807564605651e+00 9.567096728429552721e-01 1.209375110607036063e+00 3.846468180729579189e-01 
5.738441648302404785e+11 1.931833356790535036e+05 3.745523709100778433e+03 1.398102092011871642e+19 3.793472016428475399e+03 3.854241429005311145e+38 5.656382528900599088e-02 5.719590260246441274e-08 4.457586460444577824e+04 3.419063676193712163e+05 4.379005465475431993e+04 2.912203259696270752e-02 2.079063219361976778e+01 1.209790434935865688e+00 1.008753129035146356e+00 1.236945572956393402e+00 3.829128657276716918e-01 
5.941133984965040283e+11 2.000069271892422403e+05 3.740280891866936599e+03 1.398102092011871642e+19 3.696049192694752492e+03 3.921987154300693780e+38 5.240547416763444155e-02 5.617555533810561522e-08 4.370355585302073450e+04 3.292354900059959618e+05 4.198553338944038842e+04 2.794410613008154950e-02 2.144312146783241246e+01 1.024214481376955588e+00 1.069253909571409755e+00 1.274222835247697638e+00 3.846337387554106257e-01 
6.150985788580504150e+11 2.070715405294674274e+05 3.766316028583627030e+03 1.398102092011871642e+19 3.601127294501680353e+03 3.990918948892011444e+38 4.825060659981006417e-02 5.562652903107815945e-08 4.287434500077299890e+04 3.198320308005781262e+05 5.443376340743721084e+04 2.664390079011959289e-02 2.226196475060955393e+01 8.559269987196037599e-01 1.140662856555496818e+00 1.324259177876984106e+00 3.912149346820588125e-01 
6.368249944718586426e+11 2.143856890350405010e+05 3.832302567298589111e+03 1.398102092011871642e+19 3.508642166073385397e+03 4.061057578080228137e+38 4.415752754999203306e-02 5.556024991377091720e-08 4.207798006689852627e+04 3.135173428181505878e+05 4.717458866406606830e+04 2.521666998825364964e-02 2.328659448147956468e+01 7.064998559767372566e-01 1.226424322324683791e+00 1.391085266162214840e+00 4.044583687482217749e-01 
6.593188271333541260e+11 2.219581867479686334e+05 3.949397314257559628e+03 1.398102092011871642e+19 3.418531295487906846e+03 4.132424170718190224e+38 4.018332704838735447e-02 5.598543910174150046e-08 4.130273003543270897e+04 3.100961276881498052e+05 5.144353679702449153e+04 2.366728616883118086e-02 2.456252713786724229e+01 5.765698749074805729e-01 1.331325874274877030e+00 1.480051527031762237e+00 4.267940497817960255e-01 
6.826071834272379150e+11 2.297981590384695737e+05 4.132135799575938108e+03 1.398102092011871642e+19 3.330733772639093331e+03 4.205040225575565722e+38 3.637951553617081030e-02 5.691030811877918234e-08 4.053520112354063167e+04 3.093611437380520510e+05 4.669880667057501705e+04 2.200864647583657477e-02 2.614485157900241319e+01 4.658534217757561713e-01 1.461927675345341848e+00 1.598289351276187098e+00 4.617026815595842715e-01 
7.067181273927476807e+11 2.379150536016579135e+05 4.399754096334935639e+03 1.398102092011871642e+19 3.245190248270018401e+03 4.278927617815229914e+38 3.278848752217643908e-02 5.834677058758467011e-08 3.975970674174703163e+04 3.111017767946602544e+05 4.795354812116204994e+04 2.025815868734156394e-02 2.810515813394088980e+01 3.732815385282260978e-01 1.627098970076856332e+00 1.755341171683094004e+00 5.144861322288155625e-01 
7.316807143427177734e+11 2.463186518426546245e+05 4.778212659754686683e+03 1.398102092011871642e+19 3.161842894050752420e+03 4.354108605583027062e+38 2.944141336256025226e-02 6.031742814792628473e-08 3.895687843723452534e+04 3.151152789541766397e+05 5.226868101197828946e+04 1.843303763116088678e-02 3.054464245617989349e+01 2.972160759759113202e-01 1.838706454038734339e+00 1.964031398498538694e+00 5.937400485389371374e-01 
7.575250258771920166e+11 2.550190806638404902e+05 5.303460131798343355e+03 1.398102092011871642e+19 3.080635363674009568e+03 4.430605836712915009e+38 2.635775358878052546e-02 6.286720980587210266e-08 3.810088097277085035e+04 3.212193499861251912e+05 5.877930066274152341e+04 1.654505220251808323e-02 3.361958491428186591e+01 2.356955470193722590e-01 2.112514742914629817e+00 2.241682881659209148e+00 7.144042798488888790e-01 
7.842822061337681885e+11 2.640268246684523765e+05 6.027093016896158588e+03 1.398102092011871642e+19 3.001512754942893025e+03 4.508442355549460227e+38 2.354618615092739578e-02 6.608445101119169365e-08 3.715389255855114607e+04 3.292654049553351942e+05 5.458228260472590773e+04 1.459489419282674304e-02 3.759458615505755574e+01 1.866659113061502062e-01 2.469367209767183269e+00 2.611833294143366402e+00 9.047903673254468204e-01 
8.119844993184008789e+11 2.733527387952425634e+05 7.027237910047886544e+03 1.398102092011871642e+19 2.924421572825458952e+03 4.587641609889860852e+38 2.100650624554479054e-02 7.014599779566095549e-08 3.605383489028371696e+04 3.391539334849697771e+05 5.795252926144839876e+04 1.256431378638156113e-02 4.297001568758192036e+01 1.481764061654428644e-01 2.936636536822116561e+00 3.106612590477378255e+00 1.225393293855746135e+00 
8.406652885618316650e+11 2.830080613994080340e+05 8.432659656726835237e+03 1.398102092011871642e+19 2.849309693451728890e+03 4.668227458047429003e+38 1.873211893433795322e-02 7.543530306049958053e-08 3.468264523518978967e+04 3.508563561007029493e+05 6.044466101725336921e+04 1.040038164233780642e-02 5.085092997728636277e+01 1.185600042250131159e-01 3.549358893406245219e+00 3.769527135387366723e+00 1.831236840076450267e+00 
8.703591361485147705e+11 2.930044277955668513e+05 1.049048535079199428e+04 1.398102092011871642e+19 2.776126329029114913e+03 4.750224176038775669e+38 1.671297374658129928e-02 8.296696240914009991e-08 3.275714305471181069e+04 3.644632158572624903e+05 6.436311611369693128e+04 7.967097587473413040e-03 6.442131359069878727e+01 9.674974297654272137e-02 4.346184639631674784e+00 4.654287409354826544e+00 3.268355320367481109e+00 
9.011018251665036621e+11 3.033538842790980707e+05 1.387152912467264468e+04 1.398102092011871642e+19 2.704821993652979472e+03 4.833656464896823620e+38 1.494030191619644295e-02 9.731186625196758740e-08 2.914697795584377673e+04 3.803661227591329953e+05 9.712509893279316020e+04 4.785221779357307949e-03 1.009806027959829322e+02 8.419209776832867198e-02 5.294138486949262479e+00 5.750232843330535637e+00 9.738996278073614121e+00 
9.329304026284696045e+11 3.140689026427346980e+05 2.024323174431510779e+04 1.398102092011871642e+19 2.635348469989647583e+03 4.918549458111818365e+38 1.342725179582223739e-02 6.936723592661228474e-07 4.238856187198523003e+03 3.943170603622046765e+05 3.706957002660610101e+01 2.064804473251984824e-06 1.657823483027936334e-02 4.538043605840691441e-01 1.164820706692986985e+00 1.279420307332635787e+00 4.700530552836906573e+00 
9.658832241158708496e+11 3.251623952059217263e+05 2.157368525442626924e+04 1.398102092011871642e+19 2.567658776809587380e+03 5.004928729202698330e+38 1.208972297255961857e-02 9.026488185643745587e-07 3.279021141853178506e+03 3.969223285324063618e+05 7.396155082055951624e+00 7.345157407694892456e-07 1.388721335363538468e-03 4.593637956286318325e-01 1.023374407873101521e+00 1.111072981865397491e+00 1.056046617297886625e+00 
1.000000000000000000e+12 3.366477303750272840e+05 2.197043369895213254e+04 1.398102092011871642e+19 2.501707137349341792e+03 5.092820299420933093e+38 1.085690089660907610e-02 1.018533318400871492e-06 2.928116025258970240e+03 3.999502911551567377e+05 3.703871245167300597e+00 4.635289663914748353e-07 4.661666794521349176e-04 4.006973664564901783e-01 9.934076968512658423e-01 1.064366321877562083e+00 5.116157184678781222e-01 
# Non-converged_fits = 18