# r 	r/rg 	Sigma0 	Mdot 	Teff 	F 	z0r 	rho_c 	T_c 	P_c 	tau 	PradPgas_c 	varkappa_c 	Pi1 	Pi2 	Pi3 	Pi4
# All values are in CGS units.
# M = 1.005829e+01 Msun, alpha = 0.5, structure = BellLin, mu = 0.62
1.516716888470924139e+09 5.105992981252099980e+02 2.529521665150286026e+03 1.398102092011871642e+19 3.193185060348483385e+05 1.836854116740696245e+37 7.613170631130285193e-02 1.615466693679217487e-05 1.620035207335899817e+06 3.509659280830467701e+09 1.473612447557766700e+03 4.949514774867298073e+00 1.065400975487096114e+00 3.946515637736812021e+00 6.780165783976911387e-01 1.286385545031042632e+00 3.813478595323680498e-01 
1.570290124729377508e+09 5.286346065204634215e+02 2.532406957018911271e+03 1.398102092011871642e+19 3.112236059818099020e+05 1.871682809414839240e+37 7.567113867898229984e-02 1.578141825343676432e-05 1.586389862190878252e+06 3.357364171287962437e+09 1.503525351705961384e+03 4.757414832423140005e+00 1.086814040769296774e+00 3.974078252461052951e+00 6.752231187894620623e-01 1.283780757509414006e+00 3.822173814468247666e-01 
1.625755666443793535e+09 5.473069552526429788e+02 2.534481450599945674e+03 1.398102092011871642e+19 3.033319033278854331e+05 1.907121271086484212e+37 7.522279215080304726e-02 1.540921237681720023e-05 1.553305813429939561e+06 3.209814274307766914e+09 1.533534483357582531e+03 4.573805968158144886e+00 1.108651149131655966e+00 4.001548019458818217e+00 6.724716102570121867e-01 1.281216555613872599e+00 3.830890999397112973e-01 
1.683180353330955029e+09 5.666388457607024520e+02 2.535746900431271570e+03 1.398102092011871642e+19 2.956383881447208114e+05 1.943180177385455612e+37 7.478644703197742660e-02 1.503842561064278559e-05 1.520776522295917151e+06 3.066975217559310436e+09 1.563618005487208848e+03 4.398262045170397982e+00 1.130915583746242570e+00 4.028923405982188122e+00 6.697611946797359384e-01 1.278691765194498231e+00 3.839627330293773899e-01 
1.742633386009647131e+09 5.866535742758965171e+02 2.536205717001637822e+03 1.398102092011871642e+19 2.881381698256448144e+05 1.979870390846905142e+37 7.436188952035455157e-02 1.466941840086627535e-05 1.488795501268684864e+06 2.928804877048044205e+09 1.593753388690605334e+03 4.230381385378560566e+00 1.153610482239652679e+00 4.056202434166368498e+00 6.670910885615940478e-01 1.276205319085847112e+00 3.848379825415995659e-01 
1.804186409392075539e+09 6.073752598953120696e+02 2.535860978598964721e+03 1.398102092011871642e+19 2.808264744463129900e+05 2.017202964183587303e+37 7.394890770853015938e-02 1.430253550827425436e-05 1.457356315549560590e+06 2.795253999591534615e+09 1.623917596415588605e+03 4.069785144162643142e+00 1.176738833562447573e+00 4.083382299008890826e+00 6.644606092863878377e-01 1.273756248194320317e+00 3.857145350118564298e-01 
1.867913599020784616e+09 6.288288736469959304e+02 2.534716446615279438e+03 1.398102092011871642e+19 2.736986421733403113e+05 2.055189143615406384e+37 7.354729505024777680e-02 1.393810618113615534e-05 1.426452584016281413e+06 2.666266796173271656e+09 1.654086985693395036e+03 3.916115807543606220e+00 1.200303475814557208e+00 4.110459791600466595e+00 6.618691361293730369e-01 1.271343674861898698e+00 3.865920635938537298e-01 
1.933891750455232143e+09 6.510402685817425663e+02 2.532776576822061088e+03 1.398102092011871642e+19 2.667501247206315747e+05 2.093840372257305457e+37 7.315685018702111631e-02 1.357644432365058239e-05 1.396077979852992110e+06 2.541781506757337570e+09 1.684237424317608657e+03 3.769035804035826942e+00 1.224307094625735948e+00 4.137431339072471737e+00 6.593161035864164576e-01 1.268966805591298819e+00 3.874702295400693774e-01 
2.002200371815584421e+09 6.740362109277522222e+02 2.530046528198204669e+03 1.398102092011871642e+19 2.599764828531056992e+05 2.133168293566416584e+37 7.277737578941889662e-02 1.321784866101465803e-05 1.366226230833296897e+06 2.421730937717230320e+09 1.714344289367448937e+03 3.628226220855960360e+00 1.248752222186811922e+00 4.164292931134478515e+00 6.568010038678652185e-01 1.266624923833687744e+00 3.883486835841114537e-01 
2.072921779595369816e+09 6.978444123457437627e+02 2.526532169330048418e+03 1.398102092011871642e+19 2.533733839374455274e+05 2.173184754849589552e+37 7.240867663737980686e-02 1.286260290184429844e-05 1.336891119278407423e+06 2.306042973046811104e+09 1.744382527912287742e+03 3.493385615589842619e+00 1.273641236960924239e+00 4.191039949946884668e+00 6.543233966354013997e-01 1.264317382883324070e+00 3.892270672520957708e-01 
2.146141197858401537e+09 7.224935633233732233e+02 2.522240085212328268e+03 1.398102092011871642e+19 2.469365995394851197e+05 2.213901810832325060e+37 7.205056183274248516e-02 1.251097589914765486e-05 1.308066481641279766e+06 2.194641060428826809e+09 1.774326722081000526e+03 3.364228914624572742e+00 1.298976364257162341e+00 4.217667470073382496e+00 6.518828824861051530e-01 1.262043600069427285e+00 3.901050146950866826e-01 
2.221946860939519405e+09 7.480133677492055995e+02 2.517177580864089578e+03 1.398102092011871642e+19 2.406620030678136682e+05 2.255331727290190020e+37 7.170284558765364913e-02 1.216322181044789492e-05 1.279746207835451467e+06 2.087444673363389015e+09 1.804151159700870267e+03 3.240486391951105549e+00 1.324759677527759250e+00 4.244170407699645153e+00 6.494790892870978549e-01 1.259803050793171897e+00 3.909821543626990081e-01 
2.300430119772921562e+09 7.744345787079062120e+02 2.511352680176917147e+03 1.398102092011871642e+19 2.345455674631457950e+05 2.297486984743812900e+37 7.136534400544035373e-02 1.181958025820867297e-05 1.251924240371866850e+06 1.984369750479206085e+09 1.833829882720946443e+03 3.121902721977839690e+00 1.350993100321041807e+00 4.270543196036166833e+00 6.471116945257269215e-01 1.257595261778123419e+00 3.918581102090471502e-01 
2.381685551976160526e+09 8.017890355397685198e+02 2.504774124824234150e+03 1.398102092011871642e+19 2.285833629329867836e+05 2.340380282218554246e+37 7.103787601449843003e-02 1.148027649237426561e-05 1.224594573204244487e+06 1.885329112929744482e+09 1.863336742975064908e+03 3.008236099219730342e+00 1.377678409183809238e+00 4.296779939083037014e+00 6.447804110953094803e-01 1.255419805523998900e+00 3.927325034209423471e-01 
2.465811075822603703e+09 8.301097022092837960e+02 2.497451370428263090e+03 1.398102092011871642e+19 2.227715547310869442e+05 2.384024541070038154e+37 7.072026401671453744e-02 1.114552155604243985e-05 1.197751250380735146e+06 1.790232860908774376e+09 1.892645464959141009e+03 2.899257420048274358e+00 1.404817237404658137e+00 4.322874538042907666e+00 6.424849758412086720e-01 1.253276294813997938e+00 3.936049541289372566e-01 
2.552908068239516735e+09 8.594307070289286230e+02 2.489394580636677347e+03 1.398102092011871642e+19 2.171064009811811557e+05 2.428432908876616682e+37 7.041233547594610842e-02 1.081551245572823150e-05 1.171388364509968553e+06 1.698988750178312302e+09 1.921729729625865275e+03 2.794749521357541955e+00 1.432411079675572685e+00 4.348820939169155686e+00 6.402251299126263673e-01 1.251164377535843197e+00 3.944750832518033601e-01 
2.643081486974102974e+09 8.897873837860839785e+02 2.480614614662093118e+03 1.398102092011871642e+19 2.115842505444683484e+05 2.473618763400007284e+37 7.011391774399272636e-02 1.049043233698747350e-05 1.145500055179734947e+06 1.611502549521946192e+09 1.950563248374070326e+03 2.694506472556664090e+00 1.460461297378525591e+00 4.374612548406126677e+00 6.380006598556778874e-01 1.249083730009366233e+00 3.953425135366295251e-01 
2.736439997074666500e+09 9.212163143226327975e+02 2.471123017415020058e+03 1.398102092011871642e+19 2.062015409302844491e+05 2.519595716615265917e+37 6.982484193302056219e-02 1.017045066746791726e-05 1.120080507123850752e+06 1.527678379684488297e+09 1.979119817779271443e+03 2.598332914881200661e+00 1.488969125100653157e+00 4.400242748521824510e+00 6.358113581083219001e-01 1.247034052545902494e+00 3.962068717017577790e-01 
2.833096101839318275e+09 9.537553726185436744e+02 2.460932004507702004e+03 1.398102092011871642e+19 2.009547962494042877e+05 2.566377618811312780e+37 6.954494253015057470e-02 9.855723427558954391e-06 1.095123948361728340e+06 1.447419034653489828e+09 2.007373310071458263e+03 2.506043445985596474e+00 1.517935677857394916e+00 4.425704902339872682e+00 6.336570217496402257e-01 1.245015064106017366e+00 3.970677900597836540e-01 
2.933166278390048504e+09 9.874437704325753202e+02 2.450054444743058866e+03 1.398102092011871642e+19 1.958406252093937946e+05 2.613978562763257856e+37 6.927405701273604832e-02 9.546393309522399907e-06 1.070624648276814260e+06 1.370626285822591543e+09 2.035297774528830132e+03 2.417462045992102571e+00 1.547361959086310135e+00 4.450992352182535861e+00 6.315374515618087381e-01 1.243026497178123080e+00 3.979249081138228616e-01 
3.036771118035460472e+09 1.022322104555071860e+03 2.438503880820887389e+03 1.398102092011871642e+19 1.908557191514305305e+05 2.662412887977746514e+37 6.901202376712652076e-02 9.242586021587910573e-06 1.046576958732952131e+06 1.297200675039535284e+09 2.062867560991184291e+03 2.332422815175084985e+00 1.577248219378502458e+00 4.476096300669189176e+00 6.294527432958043622e-01 1.241068638883909836e+00 3.987776507782484492e-01 
3.144035471591500282e+09 1.058432405729857237e+03 2.426294404590396425e+03 1.398102092011871642e+19 1.859968501279866614e+05 2.711695185012681915e+37 6.875868420909189704e-02 8.944420998835911840e-06 1.022975200743180350e+06 1.227043145261279106e+09 2.090057397913953537e+03 2.250766066204240357e+00 1.607595613695162795e+00 4.501011037709695906e+00 6.274025420591772262e-01 1.239140901871432554e+00 3.996258024033170764e-01 
3.255088599835056305e+09 1.095818189304097132e+03 2.413440724812262488e+03 1.398102092011871642e+19 1.812608690207835753e+05 2.761840299872527952e+37 6.851388391725214688e-02 8.652002235322493479e-06 9.998137596797164297e+05 1.160054058621997356e+09 2.116842280114470668e+03 2.172340903737893125e+00 1.638404789168420139e+00 4.525729828520709930e+00 6.253866649547268342e-01 1.237243073369395985e+00 4.004690116122260890e-01 
3.370064329271924973e+09 1.134524507667232228e+03 2.399958115087719307e+03 1.398102092011871642e+19 1.766447036983994185e+05 2.812863338480582030e+37 6.827746878400316188e-02 8.365421251425865818e-06 9.770870560576409334e+05 1.096133802953768253e+09 2.143197732687116513e+03 2.097003906433391851e+00 1.669676288702052647e+00 4.550245662561462012e+00 6.234049523968212547e-01 1.235374956145738556e+00 4.013069312621276863e-01 
3.489101213406766415e+09 1.174598004542141553e+03 2.385862388045006810e+03 1.398102092011871642e+19 1.721453572129195090e+05 2.864779671229550364e+37 6.804928734355822351e-02 8.084757445228536878e-06 9.547895426777900429e+05 1.035183030918880701e+09 2.169099856218778314e+03 2.024618687201408029e+00 1.701410574631354145e+00 4.574551632531004941e+00 6.214572386373090618e-01 1.233536354162032556e+00 4.021392250845803318e-01 
3.612342699709437847e+09 1.216086971193981071e+03 2.371169867875152249e+03 1.398102092011871642e+19 1.677599060350095388e+05 2.917604937611792892e+37 6.782919110625758308e-02 7.810078366288940370e-06 9.329157028295503696e+05 9.771028732209296227e+08 2.194525202985640135e+03 1.955055509221085508e+00 1.733608038446408539e+00 4.598641014885576084e+00 6.195433468159985413e-01 1.231727070589013096e+00 4.029655691401377027e-01 
3.739937302478801727e+09 1.259041404624390452e+03 2.355897361114053183e+03 1.398102092011871642e+19 1.634854983267953503e+05 2.971355050930605894e+37 6.761703443060114449e-02 7.541440001450973961e-06 9.114600486149588833e+05 9.217951379020010233e+08 2.219451082465192940e+03 1.888190926696674543e+00 1.766269010359927005e+00 4.622507286330530540e+00 6.176630886322267422e-01 1.229946906403524443e+00 4.037856530223440932e-01 
3.872038781812557220e+09 1.303513067821282903e+03 2.340062124783192303e+03 1.398102092011871642e+19 1.593193522519189573e+05 3.026046203094046854e+37 6.741267227433703213e-02 7.278887072984212896e-06 8.904171194358413341e+05 8.691624961453528404e+08 2.243855482303328699e+03 1.823907448718921076e+00 1.799393768391219783e+00 4.646143843275285512e+00 6.158162835304384908e-01 1.228195659150939756e+00 4.045991805160167876e-01 
4.008806328898464680e+09 1.349555552136713231e+03 2.323681835204130948e+03 1.398102092011871642e+19 1.552587543221577944e+05 3.081694869492630432e+37 6.721596232764398549e-02 7.022453349704602841e-06 8.697814805770635139e+05 8.191086549302902222e+08 2.267717121071807924e+03 1.762093223945329967e+00 1.832982547138135576e+00 4.669544312687779808e+00 6.140027387812033721e-01 1.226473123158911660e+00 4.054058704396297230e-01 
4.150404757850472450e+09 1.397224341868076181e+03 2.306774590912149051e+03 1.398102092011871642e+19 1.513010577799778257e+05 3.138317813962448754e+37 6.702676624662680382e-02 6.772159396463028681e-06 8.495477636058022035e+05 7.715382614522987604e+08 2.291015585463356729e+03 1.702642642668516393e+00 1.867034778120274074e+00 4.692700958976024239e+00 6.122224802909913555e-01 1.224779576005712300e+00 4.062052166843289069e-01 
4.297004704320835114e+09 1.446576881120424332e+03 2.289358787989973280e+03 1.398102092011871642e+19 1.474436810164011549e+05 3.195932093835176148e+37 6.684494554168314562e-02 6.528019671932475599e-06 8.297105604525459930e+05 7.263577385327641964e+08 2.313731292890261102e+03 1.645453726631043168e+00 1.901550986757758910e+00 4.715608643255165155e+00 6.104751742265431824e-01 1.223114546651087986e+00 4.069970858848905304e-01 
4.448782831127575874e+09 1.497672643030486597e+03 2.271453154924935461e+03 1.398102092011871642e+19 1.436841060235677287e+05 3.254555065076495004e+37 6.667036440105111872e-02 6.290037241872501334e-06 8.102645070469691418e+05 6.834748333885775805e+08 2.335845551543104648e+03 1.590429798779452453e+00 1.936531300045964521e+00 4.738261580599478329e+00 6.087606011779999049e-01 1.221477815523763555e+00 4.077812389849838626e-01 
4.605922041145112991e+09 1.550573201435815236e+03 2.253076700671467279e+03 1.398102092011871642e+19 1.400198768813728529e+05 3.314204387514486022e+37 6.650288995014047577e-02 6.058205450729241947e-06 7.912042637016210938e+05 6.427988807749782801e+08 2.357340612127527947e+03 1.537478793421813483e+00 1.971975779689665753e+00 4.760654206525818388e+00 6.070785415686433817e-01 1.219869191300344324e+00 4.085574360432195351e-01 
4.768611697714474678e+09 1.605342305075383592e+03 2.234248672719406841e+03 1.398102092011871642e+19 1.364485982775689045e+05 3.374898030159518089e+37 6.634239119805715457e-02 5.832508484621670858e-06 7.725245113657340407e+05 6.042409337457755804e+08 2.378199726418694354e+03 1.486512958748140933e+00 2.007884482957599470e+00 4.782781169923789655e+00 6.054287675414788961e-01 1.218288475317519381e+00 4.093254526173860097e-01 
4.937047852839003563e+09 1.662045954411152252e+03 2.214988520573612732e+03 1.398102092011871642e+19 1.329679340607128106e+05 3.436654276617348690e+37 6.618873816840452340e-02 5.612921766429647772e-06 7.542199511048629647e+05 5.677138651510790586e+08 2.398407213181014868e+03 1.437448636012752745e+00 2.044257472683931542e+00 4.804637221059881114e+00 6.038110502430449333e-01 1.216735461589740108e+00 4.100850800446785294e-01 
5.111433483440165520e+09 1.720752481163051243e+03 2.195315857254816819e+03 1.398102092011871642e+19 1.295756058253601950e+05 3.499491730596930920e+37 6.604180351928497228e-02 5.399412346473519396e-06 7.362853035863599507e+05 5.331324566270149350e+08 2.417948414714072896e+03 1.390206053724980517e+00 2.081094824075067518e+00 4.826217452586186951e+00 6.022251453518098208e-01 1.215209936988850492e+00 4.108361249524275505e-01 
5.291978735958436966e+09 1.781532630653313618e+03 2.175250421945091603e+03 1.398102092011871642e+19 1.262693915288986609e+05 3.563429321514673874e+37 6.590146300830455883e-02 5.191939308495311913e-06 7.187153087740862975e+05 5.004134778125596642e+08 2.436809678211213395e+03 1.344709131914324507e+00 2.118396632736090357e+00 4.847517380976624324e+00 6.006707888455028455e-01 1.213711681508823137e+00 4.115784090526439232e-01 
5.478901179593934059e+09 1.844459647059357621e+03 2.154812042369303072e+03 1.398102092011871642e+19 1.230471241394225508e+05 3.628486310196822015e+37 6.576759243260937859e-02 4.990454106920108254e-06 7.015047274786551716e+05 4.694757493049135804e+08 2.454978468446617171e+03 1.300885326339036085e+00 2.156162983969139191e+00 4.868532433540677218e+00 5.991477338576463030e-01 1.212240486646286586e+00 4.123117573695879723e-01 
5.672426068491989136e+09 1.909609361677967172e+03 2.134020619424475171e+03 1.398102092011871642e+19 1.199066903140577051e+05 3.694682294681670558e+37 6.564007007360839197e-02 4.794899910099675793e-06 6.846483672862483654e+05 4.402401202300958037e+08 2.472443289932858079e+03 1.258665879076958261e+00 2.194393357911876841e+00 4.889257195450256610e+00 5.976558700903743526e-01 1.210796443555855140e+00 4.130358260333188980e-01 
5.872786613189489365e+09 1.977060284307084885e+03 2.112896031093331203e+03 1.398102092011871642e+19 1.168460291071498650e+05 3.762037216123336771e+37 6.551877767928994400e-02 4.605215426980326523e-06 6.681410039288859116e+05 4.126297831926178932e+08 2.489193767792942708e+03 1.217984326940074746e+00 2.233088410067049168e+00 4.909688939500879812e+00 5.961947853168310107e-01 1.209379070742947482e+00 4.137506144727525759e-01 
6.080224261649427414e+09 2.046893697855455684e+03 2.091458150428241879e+03 1.398102092011871642e+19 1.138631307077315869e+05 3.830571364798953922e+37 6.540359698273523481e-02 4.421332050317512343e-06 6.519774548708786024e+05 3.865700524877710342e+08 2.505220613181243152e+03 1.178777607025937924e+00 2.272248353389617392e+00 4.929823968085658592e+00 5.947641991726456689e-01 1.207988129441906588e+00 4.144559917037814456e-01 
6.294988990221887589e+09 2.119193756293983370e+03 2.069726794827240610e+03 1.398102092011871642e+19 1.109560352056988195e+05 3.900305386220973784e+37 6.529441195036869705e-02 4.243175312596280387e-06 6.361525569933302468e+05 3.619884788771479130e+08 2.520515656952084100e+03 1.140985513908204130e+00 2.311873460180339013e+00 4.949658919115064393e+00 5.933638187669197928e-01 1.206623372275675621e+00 4.151518409120580344e-01 
6.517339604882420540e+09 2.194047586066943950e+03 2.047721692468119500e+03 1.398102092011871642e+19 1.081228313861246570e+05 3.971260287356513373e+37 6.519110942586603397e-02 4.070665305566850201e-06 6.206611670301033882e+05 3.388148718991277814e+08 2.535071829381380212e+03 1.104550559872664595e+00 2.351964068976418520e+00 4.969190868473236655e+00 5.919933332490647793e-01 1.205284543798432750e+00 4.158380591041620500e-01 
6.747544053110686302e+09 2.271545391085225219e+03 2.025462448911640195e+03 1.398102092011871642e+19 1.053616555511498445e+05 4.043457442955577738e+37 6.509357753282836445e-02 3.903717097546945343e-06 6.054981621330536436e+05 3.169813141896701455e+08 2.548883131136290558e+03 1.069417842558285425e+00 2.392520591052945456e+00 4.988417090810035148e+00 5.906524284859281382e-01 1.203971380598927388e+00 4.165145564781971288e-01 
6.985879746785234451e+09 2.351780561428119654e+03 2.002968515574601952e+03 1.398102092011871642e+19 1.026706903688956663e+05 4.116918601990085049e+37 6.500170559030575557e-02 3.742241146891665554e-06 5.906584405244922964e+05 2.964221681999925971e+08 2.561944657329393976e+03 1.035534919425245004e+00 2.433543516734837819e+00 5.007335044924758449e+00 5.893407881682467542e-01 1.202683611732829672e+00 4.171812559614831439e-01 
7.232633896483548164e+09 2.434849785884676294e+03 1.980259160105656065e+03 1.398102092011871642e+19 1.000481637488512642e+05 4.191665894205622136e+37 6.491538556859131892e-02 3.586143710231219468e-06 5.761369222305791918e+05 2.770740757448150516e+08 2.574252588758683942e+03 1.002851688664798457e+00 2.475033421539595935e+00 5.025942596993096423e+00 5.880580811580526923e-01 1.201420959471843908e+00 4.178380929262587862e-01 
7.488103857590030670e+09 2.520853168470170203e+03 1.957353437296683524e+03 1.398102092011871642e+19 9.749234774319693679e+04 4.267721836787865218e+37 6.483451158343529752e-02 3.435327244252850028e-06 5.619285499190494884e+05 2.588759508440765738e+08 2.585804179311484404e+03 9.713202763175423637e-01 2.516990971950657130e+00 5.044237944428406450e+00 5.868039664156958768e-01 1.200183139648324904e+00 4.184850146708598007e-01 
7.752597488629464149e+09 2.609894349058245552e+03 1.934270160991364492e+03 1.398102092011871642e+19 9.500155747352619073e+04 4.345109341145803176e+37 6.475897825882814818e-02 3.289690799716189867e-06 5.480282898253210587e+05 2.417689662902741432e+08 2.596597722424355652e+03 9.408949292255301966e-01 2.559416930836690529e+00 5.062219359574646305e+00 5.855781080024915486e-01 1.198969861776080448e+00 4.191219797601150043e-01 
8.026433522257173538e+09 2.702080628273913590e+03 1.911027880089204245e+03 1.398102092011871642e+19 9.257415008244704222e+04 4.423851719813640033e+37 6.468868267958713392e-02 3.149130358671010882e-06 5.344311344779581996e+05 2.256965316820840240e+08 2.606632512484888139e+03 9.115319361457110414e-01 2.602312109916642413e+00 5.079885412775448472e+00 5.843801672353692300e-01 1.197780848881417670e+00 4.197489439985950255e-01 
8.309941949353386879e+09 2.797523096798047391e+03 1.887644861994982875e+03 1.398102092011871642e+19 9.020852370954091020e+04 4.503972693473552708e+37 6.462352464922284379e-02 3.013538929542661508e-06 5.211321149298200035e+05 2.106042539891285598e+08 2.615908834737089819e+03 8.831896707676416547e-01 2.645677021530777218e+00 5.097234518258650482e+00 5.832098593024486188e-01 1.196615958801791058e+00 4.203657694374801634e-01 
8.603464416684492111e+09 2.896336769239142086e+03 1.864139040886818066e+03 1.398102092011871642e+19 8.790311649117048364e+04 4.585496398101422507e+37 6.456340401326064737e-02 2.882807995251346065e-06 5.081262611259187688e+05 1.964399677943581045e+08 2.624427989087153492e+03 8.558279767774118474e-01 2.689513121891990544e+00 5.114266304449214928e+00 5.820667639978686081e-01 1.195474744279508839e+00 4.209725454878243678e-01 
8.907354638610458374e+09 2.998640722733682196e+03 1.840528024820840756e+03 1.398102092011871642e+19 8.565640558363399759e+04 4.668447392237655952e+37 6.450822291916130657e-02 2.756826735887307787e-06 4.954086439609536319e+05 1.831536371274175346e+08 2.632192222842481897e+03 8.294086161927162193e-01 2.733821598493329841e+00 5.130980167484340271e+00 5.809505206268564814e-01 1.194356895559915532e+00 4.215692700238617974e-01 
9.221978823334341049e+09 3.104558240442070655e+03 1.816829067395444326e+03 1.398102092011871642e+19 8.346690620917345223e+04 4.752850664385273392e+37 6.445788659542960042e-02 2.635482742248606585e-06 4.829743632659287541e+05 1.706973389665218890e+08 2.639204683889399803e+03 8.038950118137537793e-01 2.778603760884052587e+00 5.147375972664925747e+00 5.798607521366464512e-01 1.193262098455856846e+00 4.221559507883531626e-01 
9.547716114208065033e+09 3.214216960113220011e+03 1.793059048362646308e+03 1.398102092011871642e+19 8.133317072434590955e+04 4.838731640537596353e+37 6.441230000836381531e-02 2.518662341601076811e-06 4.708185490652314038e+05 1.590252214190138876e+08 2.645469421087232604e+03 7.792521691194660427e-01 2.823861044339641690e+00 5.163453517753169741e+00 5.787970952075579545e-01 1.192190034185807601e+00 4.227326045181140080e-01 
9.884959046625585556e+09 3.327749027896596999e+03 1.769234457975472878e+03 1.398102092011871642e+19 7.925378771028497431e+04 4.926116191837652074e+37 6.437137030997215625e-02 2.406250909529289136e-06 4.589363628136927146e+05 1.480934586586513221e+08 2.650991331255460864e+03 7.554466018979653086e-01 2.869595013615100054e+00 5.179212916561504620e+00 5.777591788597916667e-01 1.191140380367005758e+00 4.232992567670990081e-01 
1.023411402105452728e+10 3.445291257587250584e+03 1.745371382351123430e+03 1.398102092011871642e+19 7.722738108437777555e+04 5.015030642371706478e+37 6.433500786090123880e-02 2.298133167662962735e-06 4.473229986624926678e+05 1.378602030580773056e+08 2.655776135305119169e+03 7.324462616175063667e-01 2.915807366350232410e+00 5.194654761014315447e+00 5.767466157902867430e-01 1.190112811703238238e+00 4.238559415688787912e-01 
1.059560179277614784e+10 3.566985295495660466e+03 1.721485488815905683e+03 1.398102092011871642e+19 7.525260923289593484e+04 5.105501777099245193e+37 6.430312269237774270e-02 2.194193467000311932e-06 4.359736847672241856e+05 1.282855349106330723e+08 2.659830353720423318e+03 7.102204704121637402e-01 2.962499935907444648e+00 5.209779546528290339e+00 5.757590340424878494e-01 1.189106999744065529e+00 4.244027005579027456e-01 
1.096985797892381859e+10 3.692977791141087437e+03 1.697592014901910034e+03 1.398102092011871642e+19 7.332816416412602121e+04 5.197556849921783657e+37 6.427562691491031655e-02 2.094316056228775780e-06 4.248836845557877677e+05 1.193314100665349960e+08 2.663161251898958653e+03 6.887398572303625732e-01 3.009674694343142942e+00 5.224588053258534259e+00 5.747960559746296827e-01 1.188122613821780860e+00 4.249395828146934062e-01 
1.135733358343102837e+10 3.823420573974131457e+03 1.673705758263822872e+03 1.398102092011871642e+19 7.145277068155209417e+04 5.291223591892948701e+37 6.425243555336640489e-02 1.998385335111182876e-06 4.140482980050665792e+05 1.109616058710720539e+08 2.665776809318364485e+03 6.679762971741739497e-01 3.057333755042425327e+00 5.239081478393221580e+00 5.738572912270539783e-01 1.187159321653147526e+00 4.254666445352677240e-01 
1.175849554052158165e+10 3.958470836341470203e+03 1.649841066889815465e+03 1.398102092011871642e+19 6.962518557665109984e+04 5.386530219572307072e+37 6.423346382340607008e-02 1.906286092887763391e-06 4.034628629321831395e+05 1.031416657435372025e+08 2.667685692084072798e+03 6.479028539059882297e-01 3.105479374857133656e+00 5.253260988097128603e+00 5.729423610401744860e-01 1.186216789216908873e+00 4.259839482776304198e-01 
1.217382727739661980e+10 4.098291322913170006e+03 1.626011832161045277e+03 1.398102092011871642e+19 6.784419684087137284e+04 5.483505443525391824e+37 6.421862854299585643e-02 1.817903731465764016e-06 3.931227562417155714e+05 9.583884268629744649e+07 2.668897201590576969e+03 6.284937247835605811e-01 3.154113956302290855e+00 5.267127940359227267e+00 5.720508860331429135e-01 1.185294681440086428e+00 4.264915627208269444e-01 
1.260382929679727364e+10 4.243050526801078377e+03 1.602231483188181983e+03 1.398102092011871642e+19 6.610862289636713103e+04 5.582178476972667417e+37 6.420784930666717516e-02 1.733124473600486138e-06 3.830233951545914751e+05 8.902204203979130089e+07 2.669421242209184129e+03 6.097241886880798711e-01 3.203240049533464084e+00 5.280684073055944339e+00 5.711824761404882267e-01 1.184392662816613706e+00 4.269895624113940191e-01 
1.304901978014401627e+10 4.392922892604320623e+03 1.578512981399571345e+03 1.398102092011871642e+19 6.441731184507805301e+04 5.682579044589785269e+37 6.420104625641730178e-02 1.651835556276310220e-06 3.731602384337494732e+05 8.266176376946398616e+07 2.669268290617734692e+03 5.915705564774442760e-01 3.252860353844970298e+00 5.293931133278641177e+00 5.703367504386880338e-01 1.183510397336652087e+00 4.274780271020299782e-01 
1.350993521198025131e+10 4.548089026626814302e+03 1.554868817332536992e+03 1.398102092011871642e+19 6.276914073574208305e+04 5.784737391461992469e+37 6.419814078032511084e-02 1.573925409257703668e-06 3.635287875588638126e+05 7.673004452059239149e+07 2.668449349239011553e+03 5.740101238090656866e-01 3.302977719073536100e+00 5.306870985350177428e+00 5.695133311796560793e-01 1.182647548951562433e+00 4.279570414368599751e-01 
1.398713102647235870e+10 4.708735914520045299e+03 1.531311009182891894e+03 1.398102092011871642e+19 6.116301484844281367e+04 5.888684292195278666e+37 6.419905692639352179e-02 1.499283819639247347e-06 3.541245878688578960e+05 7.120039971478451788e+07 2.666975905380234963e+03 5.570211261168716010e-01 3.353595147562849821e+00 5.319505839871809805e+00 5.687118315681555236e-01 1.181803782331872554e+00 4.284266948892885840e-01 
1.448118227674535942e+10 4.875057146613395162e+03 1.507851103798352369e+03 1.398102092011871642e+19 5.959786699629788200e+04 5.994451060187060543e+37 6.420371952245630676e-02 1.427802012079061003e-06 3.449432350161674549e+05 6.604776366082372516e+07 2.664859894924167293e+03 5.405827474901417906e-01 3.404715526678702808e+00 5.331837677384013041e+00 5.679319011568054743e-01 1.180978822603120815e+00 4.288870215591975010e-01 
1.499268432786047173e+10 5.047253151203469315e+03 1.484500169330960716e+03 1.398102092011871642e+19 5.807265684390422393e+04 6.102069557059119263e+37 6.421205437508557823e-02 1.359372979213045921e-06 3.359803616624900023e+05 6.124843861304615438e+07 2.662113676346444208e+03 5.246749399353536347e-01 3.456342330858907630e+00 5.343868971350778097e+00 5.671731472081340542e-01 1.180172295215232925e+00 4.293381569332864189e-01 
1.552225357427047920e+10 5.225531436083811968e+03 1.461268802722728651e+03 1.398102092011871642e+19 5.658637024215947895e+04 6.211572202255783898e+37 6.422398984834147562e-02 1.293891442458614439e-06 3.272316499332712265e+05 5.678003268818393350e+07 2.658749984742897595e+03 5.092784981397310284e-01 3.508479082136653826e+00 5.355602395736458909e+00 5.664351821549779009e-01 1.179383853539630156e+00 4.297802154351298420e-01 
1.607052818261638451e+10 5.410106838605717712e+03 1.438167131390292980e+03 1.398102092011871642e+19 5.513801857909258251e+04 6.322991982810068656e+37 6.423945522171178868e-02 1.231253983845185793e-06 3.186928312001354061e+05 5.262140488301137090e+07 2.654781898435765925e+03 4.943750095475822337e-01 3.561129400174583015e+00 5.367040604121949166e+00 5.657176316220650092e-01 1.178613166004100377e+00 4.302133017341303600e-01 
1.663816886076127434e+10 5.601201784571736425e+03 1.415204815373334213e+03 1.398102092011871642e+19 5.372663814633747097e+04 6.436362463280830614e+37 6.425838055679083949e-02 1.171359159764623730e-06 3.103596857903425698e+05 4.875261069506973773e+07 2.650222803694082359e+03 4.799468076377645387e-01 3.614297060768227876e+00 5.378186260077170822e+00 5.650201291967901218e-01 1.177859902627611755e+00 4.306375234505734895e-01 
1.722585965398783875e+10 5.799046556273759052e+03 1.392391051927736271e+03 1.398102092011871642e+19 5.235128952089490485e+04 6.551717795863893761e+37 6.428069839082599379e-02 1.114107586804620360e-06 3.022280438533858396e+05 4.515484828801357001e+07 2.645086362622419983e+03 4.659769385287204080e-01 3.667985996404651505e+00 5.389042316051374293e+00 5.643423017960745858e-01 1.177123735652408021e+00 4.310529910939437381e-01 
1.783430876931905746e+10 6.003879569998706756e+03 1.369734579971596986e+03 1.398102092011871642e+19 5.101105696183299733e+04 6.669092730680197564e+37 6.430634223146394768e-02 1.059402016180809431e-06 2.942937861904524616e+05 4.181040583305001259e+07 2.639386476873454285e+03 4.524491292523642461e-01 3.722200296316104051e+00 5.399611757583262062e+00 5.636837828107742476e-01 1.176404339488346107e+00 4.314598175904225119e-01 
1.846424942895546341e+10 6.215947663336250116e+03 1.347243685645190226e+03 1.398102092011871642e+19 4.970504782158447779e+04 6.788522626244090591e+37 6.433524622443632934e-02 1.007147397268004768e-06 2.865528450221203966e+05 3.870261011824783683e+07 2.633137253148267064e+03 4.393477575211817698e-01 3.776944206510943758e+00 5.409897542685254912e+00 5.630442149885938052e-01 1.175701390874433372e+00 4.318581179677015713e-01 
1.911644075385703659e+10 6.435506392634646545e+03 1.324926209132865779e+03 1.398102092011871642e+19 4.843239197150621476e+04 6.910043460114814170e+37 6.436734692318714368e-02 9.572509307595823118e-07 2.790012046895574895e+05 3.581577650765874237e+07 2.626352974820861164e+03 4.266578229038079928e-01 3.832222129881355244e+00 5.419902895408984733e+00 5.624232351639998351e-01 1.175014569444514878e+00 4.322480093169495108e-01 
1.979166867853557205e+10 6.662820340963516173e+03 1.302789551253957598e+03 1.398102092011871642e+19 4.719224124137069884e+04 7.033691839734617761e+37 6.440258184492825277e-02 9.096221121089238842e-07 2.716349023157588090e+05 3.313516032668792829e+07 2.619048070409293814e+03 4.143649194176972084e-01 3.888038625949990390e+00 5.429631059715473107e+00 5.618204867637757172e-01 1.174343557635652013e+00 4.326296103652999547e-01 
2.049074689815846252e+10 6.898163436954177087e+03 1.280840680935506271e+03 1.398102092011871642e+19 4.598376887247058767e+04 7.159505013456482995e+37 6.444088904412730023e-02 8.641727657153221956e-07 2.644500284040377010e+05 3.064690972233712301e+07 2.611237085539687087e+03 4.024552094046784378e-01 3.944398410611376971e+00 5.439085223539621872e+00 5.612356234400972532e-01 1.173688040784358622e+00 4.330030411864002060e-01 
2.121451784910627747e+10 7.141819284902133404e+03 1.259086143787264291e+03 1.398102092011871642e+19 4.480616898401950311e+04 7.287520881764981178e+37 6.448220892954756311e-02 8.208170703893332147e-07 2.574427273685395776e+05 2.833802004123925790e+07 2.602934653059296579e+03 3.909153986116852830e-01 4.001306355998278441e+00 5.448268822194509475e+00 5.606682934209751279e-01 1.173047707657814964e+00 4.333684232078846010e-01 
2.196385372416542435e+10 7.394081506529380931e+03 1.237532070305309389e+03 1.398102092011871642e+19 4.365865605254119146e+04 7.417778008693578406e+37 6.452648281349804282e-02 7.794715767442536820e-07 2.506091980235407827e+05 2.619628976474428922e+07 2.594155466756715668e+03 3.797327124923979835e-01 4.058767489994395739e+00 5.457185290720713233e+00 5.601181519707993939e-01 1.172422250317434411e+00 4.337258788176637236e-01 
2.273965752357932281e+10 7.655254094818392332e+03 1.216184184782943021e+03 1.398102092011871642e+19 4.254046440394506499e+04 7.550315633441843171e+37 6.457365248166296867e-02 7.400552169735344405e-07 2.439456940104138048e+05 2.421027801744589582e+07 2.584914256012648366e+03 3.688948736097619752e-01 4.116786995770441493e+00 5.465837987878741089e+00 5.595848649944628050e-01 1.171811364172732572e+00 4.340755311088179136e-01 
2.354286414322420120e+10 7.925651780344038343e+03 1.195047815147225720e+03 1.398102092011871642e+19 4.145084771799327427e+04 7.685173682195955628e+37 6.462366203452483970e-02 7.024893075323408447e-07 2.374485241578810674e+05 2.236926366143950820e+07 2.575225761105789843e+03 3.583900800715354440e-01 4.175370211482435145e+00 5.474230505320756279e+00 5.590680932202344300e-01 1.171214748478765166e+00 4.344175039272073491e-01 
2.437444150122221756e+10 8.205600410545332124e+03 1.174127902291178771e+03 1.398102092011871642e+19 4.038907854486779979e+04 7.822392780156340794e+37 6.467645636918029073e-02 6.666975453348922594e-07 2.311140528019308986e+05 2.066320598626247048e+07 2.565104708601451421e+03 3.482069850191858995e-01 4.234522629615087297e+00 5.482366408351174947e+00 5.585675051366749688e-01 1.170632106147451612e+00 4.347519215006015458e-01 
2.523539170434766006e+10 8.495437342393432118e+03 1.153429009990034956e+03 1.398102092011871642e+19 3.935444783355711843e+04 7.962014263775706794e+37 6.473198082498361761e-02 6.326059978993235032e-07 2.249387000450173509e+05 1.908270698610349745e+07 2.554565789461754321e+03 3.383346770602356779e-01 4.294249896387870358e+00 5.490249173360174595e+00 5.580827798947878282e-01 1.170063143780056825e+00 4.350789082249883477e-01 
2.612675225563326645e+10 8.795511848929563712e+03 1.132955335560383446e+03 1.398102092011871642e+19 3.834626447178330272e+04 8.104080193211420924e+37 6.479018303005247559e-02 6.001430879244320657e-07 2.189189419518935320e+05 1.761897521368788555e+07 2.543623638532068981e+03 3.287626615876212410e-01 4.354557811349899055e+00 5.497882499241960375e+00 5.576135915000396404e-01 1.169507572132137740e+00 4.353985887470245841e-01 
2.704959730463131714e+10 9.106185540162588950e+03 1.112710719893783107e+03 1.398102092011871642e+19 3.736385483719893818e+04 8.248633364995895654e+37 6.485101126020070827e-02 5.692395728566182530e-07 2.130513107076824817e+05 1.626379119890835136e+07 2.532292814247409751e+03 3.194808430092533347e-01 4.415452326608916067e+00 5.505270027293398094e+00 5.571596226947684860e-01 1.168965105866156096e+00 4.357110876051603077e-01 
2.800503894183625412e+10 9.427832798833431298e+03 1.092698657996546672e+03 1.398102092011871642e+19 3.640656235958856269e+04 8.395717324928789857e+37 6.491441423261920529e-02 5.398285198332640147e-07 2.073323947177206283e+05 1.500947440581740253e+07 2.520587779680420226e+03 3.104795077847215534e-01 4.476939546174508955e+00 5.512415304429012508e+00 5.567205665573532469e-01 1.168435463581924516e+00 4.360165290637256774e-01 
2.899422853882881165e+10 9.760841231571563185e+03 1.072922310091109239e+03 1.398102092011871642e+19 3.547374709381465073e+04 8.545376381194946705e+37 6.498034294030477498e-02 5.118452764424523554e-07 2.017588386489627010e+05 1.384885170134183578e+07 2.508522884915340910e+03 3.017493082251882508e-01 4.539025725504761688e+00 5.519322093641449989e+00 5.562961108587508585e-01 1.167918368250725036e+00 4.363150372249157138e-01 
3.001835813575592041e+10 1.010561213598696486e+04 1.053384511984499795e+03 1.398102092011871642e+19 3.456478530325504835e+04 8.697655617711897135e+37 6.504874883625950954e-02 4.852274377929074674e-07 1.963273434374088247e+05 1.277522730845396221e+07 2.496112350884568514e+03 2.932812470810330363e-01 4.601717270666475734e+00 5.525994064348210166e+00 5.558859533210186443e-01 1.167413546902916988e+00 4.366067356712645120e-01 
3.107866187782014084e+10 1.046256098426103381e+04 1.034087785905499459e+03 1.398102092011871642e+19 3.367906905348152213e+04 8.852600907711243241e+37 6.511958384281578416e-02 4.599148102251722459e-07 1.910346662404186791e+05 1.178235420540908165e+07 2.483370254105732784e+03 2.850666628186384055e-01 4.665020737674382190e+00 5.532434792939261214e+00 5.554898013612447061e-01 1.166920730674831042e+00 4.368917473535671170e-01 
3.217641750250735474e+10 1.083211792381840496e+04 1.015034351727773469e+03 1.398102092011871642e+19 3.281600581593878451e+04 9.010258927557627696e+37 6.519280215784824251e-02 4.358493720536986332e-07 1.858776203366076516e+05 1.086440693409047648e+07 2.470310512381586250e+03 2.770972155553082517e-01 4.728942832035965438e+00 5.538648069228041315e+00 5.551073567562473388e-01 1.166439655213501458e+00 4.371701947272040312e-01 
3.331294787934670258e+10 1.121472829568364614e+04 9.962261373677221172e+02 1.398102092011871642e+19 3.197501808138468186e+04 9.170677170809732016e+37 6.526835821498891410e-02 4.129752317644902695e-07 1.808530749963713752e+05 1.001595578036934324e+07 2.456946871621320952e+03 2.693648736771550589e-01 4.793490407879155590e+00 5.544637549014639788e+00 5.547383326780525037e-01 1.165970060293045840e+00 4.374421993854337165e-01 
3.448962260405752563e+10 1.161085317114720419e+04 9.776647896489008644e+02 1.398102092011871642e+19 3.115554298285972254e+04 9.333903962527435733e+37 6.534620697329414363e-02 3.912385839401803098e-07 1.759579553007837676e+05 9.231942281015587971e+06 2.443292893864445887e+03 2.618619010439007244e-01 4.858670467339148757e+00 5.550406802970002218e+00 5.543824510640816827e-01 1.165511689895724734e+00 4.377078820073535548e-01 
3.570785964900469971e+10 1.202096990738745080e+04 9.593516853849172321e+02 1.398102092011871642e+19 3.035703192795860014e+04 9.499988473829478217e+37 6.542630567934940022e-02 3.705876632502294985e-07 1.711892419147854380e+05 8.507656014476433396e+06 2.429361946032428023e+03 2.545808447627175286e-01 4.924490160139085582e+00 5.555959616067428719e+00 5.540394277284835800e-01 1.165064292588457118e+00 4.379673625133705950e-01 
3.696912707195031738e+10 1.244557272271805232e+04 9.412879415598207515e+02 1.398102092011871642e+19 2.957895024018213735e+04 9.668980736705886507e+37 6.550861155632745070e-02 3.509726968617225214e-07 1.665439708361038647e+05 7.838712633028780110e+06 2.415167189865271666e+03 2.475145235553137257e-01 4.990956782712768991e+00 5.561299594537111091e+00 5.537089915502145798e-01 1.164627621061459450e+00 4.382207596790015924e-01 
3.827494478516314697e+10 1.288517329215465907e+04 9.234744260033376122e+02 1.398102092011871642e+19 2.882077680915084056e+04 9.840931659089953844e+37 6.559308243674871752e-02 3.323458554837464259e-07 1.620192330961645348e+05 7.221033087648970075e+06 2.400721572691587426e+03 2.406560166232985243e-01 5.058077777684361287e+00 5.566430273667843487e+00 5.533908789763576364e-01 1.164201432260806301e+00 4.384681911493635287e-01 
3.962688638701478577e+10 1.334030136401759228e+04 9.059117681263252280e+02 1.398102092011871642e+19 2.808200374946986267e+04 1.001589304019386604e+38 6.567967846434223655e-02 3.146612033325869139e-07 1.576121744223858987e+05 6.650824000727267936e+06 2.386037819196635155e+03 2.339986530071188342e-01 5.125860733514415735e+00 5.571355407183227193e+00 5.530848197174699221e-01 1.163785487737274638e+00 4.387097736086498778e-01 
4.102658105827190399e+10 1.381150539831432070e+04 8.886003686911994919e+02 1.398102092011871642e+19 2.736213606803624862e+04 1.019391758611292661e+38 6.576835946674219890e-02 2.978746473073037407e-07 1.533199948815036041e+05 6.124559142115873285e+06 2.371128424066177104e+03 2.275360014612878290e-01 5.194313383637714665e+00 5.576078521179594460e+00 5.527905584399122052e-01 1.163379553100581276e+00 4.389456223643981025e-01 
4.247571552536894226e+10 1.429935322767076468e+04 8.715404101308849931e+02 1.398102092011871642e+19 2.666069133958616658e+04 1.037505892570298213e+38 6.585908599247410067e-02 2.819438855332058702e-07 1.491399484784861270e+05 5.638961959579266608e+06 2.356005645352142437e+03 2.212618607511005475e-01 5.263443606074739378e+00 5.580603091026390850e+00 5.525078459316111745e-01 1.162983398220272635e+00 4.391758514353074627e-01 
4.397603609302712250e+10 1.480443274160786314e+04 8.547318667793987288e+02 1.398102092011871642e+19 2.597719939028381850e+04 1.055937162673577964e+38 6.595182093592631689e-02 2.668283555135724106e-07 1.450693427240214369e+05 5.190989119161077775e+06 2.340681499204009924e+03 2.151702503789301446e-01 5.333259423166172297e+00 5.584932817595137600e+00 5.522364255198148886e-01 1.162596797546968652e+00 4.394005737297290159e-01 
4.552935074866938019e+10 1.532735259498809683e+04 8.381745140885916499e+02 1.398102092011871642e+19 2.531120198915822039e+04 1.074691121233719759e+38 6.604652655069606637e-02 2.524891821187220474e-07 1.411055381883224181e+05 4.777815011407840997e+06 2.325167755087311889e+03 2.092554017608458106e-01 5.403769000738237516e+00 5.589071121255350327e+00 5.519760575935870328e-01 1.162219529475196023e+00 4.396199005905748747e-01 
4.713753134116728973e+10 1.586874294148568333e+04 8.218679384676886457e+02 1.398102092011871642e+19 2.466225254719840450e+04 1.093773417771329937e+38 6.614316595008620792e-02 2.388891255199003984e-07 1.372459480139557272e+05 4.396817176310351118e+06 2.309475930091305599e+03 2.035117497580899992e-01 5.474980647880588691e+00 5.593021397589318155e+00 5.517265069854639936e-01 1.161851376629113641e+00 4.398339419637058989e-01 
4.880251583654433441e+10 1.642925619296397781e+04 8.058115468954106291e+02 1.398102092011871642e+19 2.402991582392250348e+04 1.113189800716906772e+38 6.624170463796981434e-02 2.259925292662783226e-07 1.334880374043363554e+05 4.045562604634851217e+06 2.293617286917246474e+03 1.979339245839727979e-01 5.546902816785502566e+00 5.596787277327647026e+00 5.514875302514270494e-01 1.161492126155552640e+00 4.400428065804309896e-01 
5.052631065335679626e+10 1.700956780567612805e+04 7.900045754821063611e+02 1.398102092011871642e+19 2.341376764123872272e+04 1.132946119142537177e+38 6.634210712259472342e-02 2.137652686803839544e-07 1.298293231036288635e+05 3.721794873726454098e+06 2.277602829913238111e+03 1.925167441043982020e-01 5.619544101947610670e+00 5.600372054076492745e+00 5.512589033193937560e-01 1.161141568988356632e+00 4.402466014537118055e-01 
5.231099308056258392e+10 1.761037709423515116e+04 7.744460987456052408e+02 1.398102092011871642e+19 2.281339460442317068e+04 1.153048324523886247e+38 6.644433894283238717e-02 2.021746996358992009e-07 1.262673728388526652e+05 3.423422073799468111e+06 2.261443303327787817e+03 1.872552064354726098e-01 5.692913240139061415e+00 5.603779028886083147e+00 5.510404046249151033e-01 1.160799500236113113e+00 4.404454321353474811e-01 
5.415871378079464722e+10 1.823240807433523150e+04 7.591350385244802510e+02 1.398102092011871642e+19 2.222839383004072079e+04 1.173502472533045971e+38 6.654836805951584722e-02 1.911896078796268385e-07 1.227998047445666161e+05 3.148505485665590037e+06 2.245149188706341647e+03 1.821444828708819463e-01 5.767019110360370071e+00 5.607011746039238353e+00 5.508318036200119394e-01 1.160465719439934595e+00 4.406394028936314045e-01 
5.607169938205469513e+10 1.887641033523953229e+04 7.440701718302892687e+02 1.398102092011871642e+19 2.165837268064080854e+04 1.194314724862774813e+38 6.665416108872011802e-02 1.807801590258341104e-07 1.194242867835062352e+05 2.895248971172018442e+06 2.228730704474897721e+03 1.771799111535479199e-01 5.841870733084346234e+00 5.610073358316705949e+00 5.506328913535488701e-01 1.160140029744012535e+00 4.408286161599502817e-01 
5.805225516094907379e+10 1.954315994308546942e+04 7.292501395071616344e+02 1.398102092011871642e+19 2.110294850606374894e+04 1.215491351082660327e+38 6.676168591553580112e-02 1.709178492509870627e-07 1.161385361324481491e+05 2.661989036340980325e+06 2.212197805381603757e+03 1.723569889946913736e-01 5.917477270456684479e+00 5.612967070149204929e+00 5.504434589150921653e-01 1.159822238402583805e+00 4.410131728836453879e-01 
6.010276782070388031e+10 2.023346037609718769e+04 7.146734543574527834e+02 1.398102092011871642e+19 2.056174839119566968e+04 1.237038730527806956e+38 6.687091263367132832e-02 1.615754568208321824e-07 1.129403185579514684e+05 2.447185532075565308e+06 2.195560182450793945e+03 1.676713678859323431e-01 5.993848026319946953e+00 5.615696296625129591e+00 5.502632896946813013e-01 1.159512156938245164e+00 4.411931726575114010e-01 
6.222570836730231476e+10 2.094814349283066986e+04 7.003385083476451882e+02 1.398102092011871642e+19 2.003440891001637647e+04 1.258963354220562087e+38 6.698181000539393803e-02 1.527269945321891263e-07 1.098274477897794422e+05 2.249412957315033767e+06 2.178827263435434816e+03 1.631188472069997064e-01 6.070992445596678166e+00 5.618264069146170492e+00 5.500921879318639851e-01 1.159209600347653746e+00 4.413687131989034729e-01 
6.442363508721369934e+10 2.168807053461946634e+04 6.862435805256219510e+02 1.398102092011871642e+19 1.952057588578557261e+04 1.281271826825902558e+38 6.709434807045831783e-02 1.443476630792658048e-07 1.067977848655934795e+05 2.067352329275334254e+06 2.162008213621407776e+03 1.586953685463363128e-01 6.148920114642169921e+00 5.620673476600954288e+00 5.499299573349636372e-01 1.158914387606456042e+00 4.415398907174597487e-01 
6.669919663030114746e+10 2.245413316342854887e+04 6.723868443916679780e+02 1.398102092011871642e+19 1.901990415721798854e+04 1.303970868641049456e+38 6.720849891530016051e-02 1.364138054403789149e-07 1.038492374697812629e+05 1.899783589464027900e+06 2.145111937599800058e+03 1.543970102773616626e-01 6.227640761384797941e+00 5.622927795292931741e+00 5.497763947659412009e-01 1.158626341788093983e+00 4.417068000256488269e-01 
6.905513520162316895e+10 2.324725453636709062e+04 6.587663744354313167e+02 1.398102092011871642e+19 1.853205735050105068e+04 1.327067317619921308e+38 6.732423331680860434e-02 1.289028623364604145e-07 1.009797592723882990e+05 1.745578514433200937e+06 2.128147080113773427e+03 1.502199823904876996e-01 6.307164254850193608e+00 5.625029927763786297e+00 5.496313171293836231e-01 1.158345289297737501e+00 4.418695340473544619e-01 
7.149428986597561646e+10 2.406839041815500605e+04 6.453801533073440169e+02 1.398102092011871642e+19 1.805670765701203345e+04 1.350568131433024489e+38 6.744152334262942805e-02 1.217933287549829746e-07 9.818734924469931866e+04 1.603694100440162467e+06 2.111122027192128826e+03 1.461606215083361138e-01 6.387500605671084131e+00 5.626982841089833265e+00 5.494945401997973766e-01 1.158071060376296035e+00 4.420281841964998626e-01 
7.401959996915652466e+10 2.491853033288398365e+04 6.322260784384967565e+02 1.398102092011871642e+19 1.759353561659511979e+04 1.374480389563417031e+38 6.756034293933321777e-02 1.150647116059698476e-07 9.547005097274859145e+04 1.473166394598556915e+06 2.094044909183629443e+03 1.422153861244512263e-01 6.468659966343776269e+00 5.628789666078413134e+00 5.493658738011136800e-01 1.157803489178369061e+00 4.421828404689586711e-01 
7.663410868007463074e+10 2.579869875646030050e+04 6.193019679144188103e+02 1.398102092011871642e+19 1.714222990626246974e+04 1.398811295439347453e+38 6.768066477359577227e-02 1.086974885367930026e-07 9.282595197300981090e+04 1.353104745518127689e+06 2.076923603502812057e+03 1.383808520632054950e-01 6.550652630900986928e+00 5.630453171503588372e+00 5.492451469456691715e-01 1.157542413039175822e+00 4.423335909798628562e-01 
7.934096665797491455e+10 2.670995635116796984e+04 6.066055669142328952e+02 1.398102092011871642e+19 1.670248713418524494e+04 1.423568178604264150e+38 6.780246281957794108e-02 1.026730678873102776e-07 9.025318298958957894e+04 1.242686446918621194e+06 2.059765737213896045e+03 1.346537080976827061e-01 6.633489035580784510e+00 5.631976198571003955e+00 5.491321869051351001e-01 1.157287672978288828e+00 4.424805223511971142e-01 
8.214343584919421387e+10 2.765340124383788498e+04 5.941345535992612668e+02 1.398102092011871642e+19 1.627401163884585367e+04 1.448758496924785410e+38 6.792571275941215736e-02 9.697374982865612549e-08 8.774991729267347546e+04 1.141151750555196544e+06 2.042578690867467230e+03 1.310307517633206575e-01 6.717179759197738242e+00 5.633361728458236684e+00 5.490268159205876630e-01 1.157039113735928604e+00 4.426237197821957792e-01 
8.504489341802668762e+10 2.863017034916478224e+04 5.818865443429849620e+02 1.398102092011871642e+19 1.585651529322381248e+04 1.474389838837342609e+38 6.805038903123859784e-02 9.158268869320725098e-08 8.531436998088928522e+04 1.047799225274901954e+06 2.025369601373064370e+03 1.275088853628192354e-01 6.801735522968944458e+00 5.634612393436763789e+00 5.489288745365176192e-01 1.156796583076596052e+00 4.427632666161661068e-01 
8.804883581643446350e+10 2.964144073976607615e+04 5.698590994645826413e+02 1.398102092011871642e+19 1.544971731389148772e+04 1.500469925634149186e+38 6.817646739916728704e-02 8.648385646879875156e-08 8.294479726950687473e+04 9.619814396681841463e+05 2.008145366948458559e+03 1.240851121075573771e-01 6.887167191342719264e+00 5.635730906552922193e+00 5.488382009513259607e-01 1.156559932292910764e+00 4.428992447353478634e-01 
9.115888299750837708e+10 3.068843106463385993e+04 5.580497284183421698e+02 1.398102092011871642e+19 1.505334407489893420e+04 1.527006613789202252e+38 6.830392516486961940e-02 8.166200748214758389e-08 8.063949578273270163e+04 8.831009481432019966e+05 1.990912647350243105e+03 1.207565324308090826e-01 6.973485772481510026e+00 5.636720097546725761e+00 5.487546292494229760e-01 1.156329016200241533e+00 4.430317346077822793e-01 
9.437878277775390625e+10 3.177240301768856443e+04 5.464558944089733359e+02 1.398102092011871642e+19 1.466712892632995499e+04 1.554007897324982879e+38 6.843273842583565136e-02 7.710264426467498366e-08 7.839680185136389628e+04 8.106065607521088095e+05 1.973677870195568403e+03 1.175203404663458934e-01 7.060702418243555378e+00 5.637582461253296984e+00 5.486780109249251858e-01 1.156103692479427458e+00 4.431608148838241945e-01 
9.771241535346501160e+10 3.289466285820596386e+04 5.350750194555023427e+02 1.398102092011871642e+19 1.429081201741352379e+04 1.581481910220631234e+38 6.856288462364990011e-02 7.279198456819718117e-08 7.621509080008024466e+04 7.439898778085716767e+05 1.956447231901230452e+03 1.143738206452307588e-01 7.148828425170497880e+00 5.638320581621241168e+00 5.486081945446249497e-01 1.155883822180786336e+00 4.432865627966892097e-01 
1.011637979766206970e+11 3.405656298494713701e+04 5.239044889225615407e+02 1.398102092011871642e+19 1.392414012407901646e+04 1.609436928862245028e+38 6.869434257266800181e-02 6.871692954143173139e-08 7.409277624121872941e+04 6.827820722833061591e+05 1.939226704935723092e+03 1.113143444436677648e-01 7.237875235079028080e+00 5.638937137271812894e+00 5.485450254365072942e-01 1.155669269678510691e+00 4.434090541850345679e-01 
1.047370897959448700e+11 3.525950356589027069e+04 5.129416555565621820e+02 1.398102092011871642e+19 1.356686648084480294e+04 1.637881374536096352e+38 6.882708992344666044e-02 6.486503305019929454e-08 7.202830937508381612e+04 6.265509034521300346e+05 1.922022039895065745e+03 1.083393672739079855e-01 7.327854435198123184e+00 5.639434486129426105e+00 5.484883654645612561e-01 1.155459902052824006e+00 4.435283631182148079e-01 
1.084365968689608612e+11 3.650493422552746051e+04 5.021838439223986938e+02 1.398102092011871642e+19 1.321875061693331918e+04 1.666823815965496202e+38 6.896110568581115263e-02 6.122447210552847101e-08 7.002017828319100954e+04 5.748979459859606577e+05 1.904838770412555050e+03 1.054464254776776716e-01 7.418777759313584852e+00 5.639815083059577461e+00 5.484380730300409956e-01 1.155255589594214927e+00 4.436445623011698869e-01 
1.122667773510811310e+11 3.779435579175998282e+04 4.916283543237929052e+02 1.398102092011871642e+19 1.287955819650801277e+04 1.696272971892071169e+38 6.909637008983574025e-02 5.778401840016591494e-08 6.806690722993170493e+04 5.274560202670339495e+05 1.887682217983574901e+03 1.026331334526297406e-01 7.510657088466546227e+00 5.640081457862611281e+00 5.483940040792659731e-01 1.155056205720872642e+00 4.437577230735577083e-01 
1.162322468679849396e+11 3.912932210449700506e+04 4.812724662994971254e+02 1.398102092011871642e+19 1.254906086293009685e+04 1.726237713702233927e+38 6.923286223825467212e-02 5.453301092943964372e-08 6.616705597174682771e+04 4.838868101718898397e+05 1.870557499847739336e+03 9.989718090267801776e-02 7.603504451242834250e+00 5.640235833225553996e+00 5.483560302773926587e-01 1.154861626398047125e+00 4.438679150611749002e-01 
1.203377840777590485e+11 4.051144188813767687e+04 4.711134424792248865e+02 1.398102092011871642e+19 1.222703608693547176e+04 1.756727068099641266e+38 6.937056260216416248e-02 5.146132965916926738e-08 6.431921906202696118e+04 4.438786552398233325e+05 1.853469528990218123e+03 9.723633017736489637e-02 7.697332025072485706e+00 5.640280535522601113e+00 5.483240193619985936e-01 1.154671730642619965e+00 4.439752065841922612e-01 
1.245883364295008087e+11 4.194238069019177783e+04 4.611485319441471233e+02 1.398102092011871642e+19 1.191326701863485869e+04 1.787750219824417518e+38 6.950945274110831296e-02 4.855937023363750522e-08 6.252202516595952329e+04 4.071445054464628920e+05 1.836423017016543554e+03 9.464841372853069479e-02 7.792152137034749515e+00 5.640217949911500384e+00 5.482978372452358418e-01 1.154486400409431068e+00 4.440796646356581778e-01 
1.289890261253308105e+11 4.342386288837772008e+04 4.513749732236615273e+02 1.398102092011871642e+19 1.160754234324163917e+04 1.819316514420031590e+38 6.964951311402134415e-02 4.581801969535087609e-08 6.077413638370131230e+04 3.734200272168531665e+05 1.819422484539920333e+03 9.213133167449522043e-02 7.887977264292506341e+00 5.640050166380958352e+00 5.482773648427848867e-01 1.154305520042169020e+00 4.441813545543061847e-01 
1.335451562929897461e+11 4.495767376861329103e+04 4.417899976190503253e+02 1.398102092011871642e+19 1.130965614043572896e+04 1.851435461048568226e+38 6.979072554747542401e-02 4.322863317906667098e-08 5.907424757159368164e+04 3.424618499290439067e+05 1.802472261692170832e+03 8.968304944158130010e-02 7.984820035544668571e+00 5.639779383628849452e+00 5.482624787768021202e-01 1.154128976778711069e+00 4.442803404355525898e-01 
1.382622173764653625e+11 4.654566167640572530e+04 4.323908320572863317e+02 1.398102092011871642e+19 1.101940774727242024e+04 1.884116735355313629e+38 6.993307285586752853e-02 4.078301156796908418e-08 5.742108567445631343e+04 3.140459432173595997e+05 1.785576492100589576e+03 8.730159550915843336e-02 8.082693231940750067e+00 5.639407848172066196e+00 5.482530542419398190e-01 1.153956660615410579e+00 4.443766850947342140e-01 
1.431458937523481445e+11 4.818974024423280207e+04 4.231690608067505650e+02 1.398102092011871642e+19 1.073660162454840065e+04 1.917370182383489213e+38 7.001901479663875938e-02 3.847346620761711866e-08 5.581349631569589837e+04 2.879672105471891118e+05 1.768741274805663807e+03 8.498526755383940812e-02 8.181596696326604246e+00 5.629674052685293084e+00 5.486908356223733074e-01 1.153775109159785206e+00 4.444610347085805047e-01 
1.482020705798860168e+11 4.989189069759823178e+04 4.141068953278497133e+02 1.398102092011871642e+19 1.046104722653897625e+04 1.951205819539999379e+38 6.990343072454224815e-02 3.629284268990614059e-08 5.425050645773277938e+04 2.640385133121796534e+05 1.751975825185608073e+03 8.273279169755094753e-02 8.281503891644174331e+00 5.587413935616392102e+00 5.506919374615639740e-01 1.153547221229098918e+00 4.445068029140829546e-01 
1.534368408930013123e+11 5.165416424254306912e+04 4.051987348716734232e+02 1.398102092011871642e+19 1.019255887402216831e+04 1.985633839613140811e+38 6.959572526058913078e-02 3.423418933319673311e-08 5.273099559152224538e+04 2.420853535572347173e+05 1.735286145635444882e+03 8.054250633935387815e-02 8.382413145774414431e+00 5.514687134238952737e+00 5.541991094769987969e-01 1.153263127513720399e+00 4.445058178319600262e-01 
1.588565129428052673e+11 5.347868453748653701e+04 3.964420611339206175e+02 1.398102092011871642e+19 9.930955630508437025e+03 2.020664613843102544e+38 6.914569786424726305e-02 3.229091775395161435e-08 5.125387298434502009e+04 2.219471498292390315e+05 1.718627386233675679e+03 7.841279803099041046e-02 8.484321827971383456e+00 5.420093837146197302e+00 5.588550143117627655e-01 1.152921211192861506e+00 4.444526998090866932e-01 
1.644676177994662781e+11 5.536765025237775990e+04 3.878431841396928803e+02 1.398102092011871642e+19 9.676061181595634480e+03 2.056308695046246981e+38 6.863970542856952239e-02 3.045670929658913828e-08 4.981800330562249292e+04 2.034753437080972362e+05 1.702063817633834105e+03 7.634194984728183420e-02 8.587236416952153562e+00 5.317739511874567171e+00 5.640107437602585039e-01 1.152544249343202321e+00 4.443549415740230546e-01 
1.702769172225897827e+11 5.732333771824124415e+04 3.793980809317127978e+02 1.398102092011871642e+19 9.427703717371470702e+03 2.092576820794085363e+38 6.808264160843648105e-02 2.872570013158287476e-08 4.842239816118275485e+04 1.865346053125616745e+05 1.685680221052641400e+03 7.432852858466694468e-02 8.691147329194551574e+00 5.208669937905952452e+00 5.696424355941768214e-01 1.152128841134824500e+00 4.442035680881022963e-01 
1.762914118095944214e+11 5.934810367030924681e+04 3.711016746205834238e+02 1.398102092011871642e+19 9.185715817787398919e+03 2.129479916647905380e+38 6.747118163831539173e-02 2.709237293680225815e-08 4.706615867517646257e+04 1.710008603279705567e+05 1.669562681784813321e+03 7.237131991707562717e-02 8.796028104115839241e+00 5.092660852398588567e+00 5.757930272789063553e-01 1.151669831580159897e+00 4.439844929081629421e-01 
1.825183494319038696e+11 6.144438808804658765e+04 3.629485915539119674e+02 1.398102092011871642e+19 8.949934340929748942e+03 2.167029099450035826e+38 6.680178460490472647e-02 2.555154206441724179e-08 4.574845121561225824e+04 1.567602714638246980e+05 1.653872020392093873e+03 7.046920094041886351e-02 8.901845462604194736e+00 4.969494888934869792e+00 5.825100289350849669e-01 1.151161822836937576e+00 4.436804122672147743e-01 
1.889652339691211548e+11 6.361471713549064589e+04 3.549332436330661835e+02 1.398102092011871642e+19 8.720200314115694709e+03 2.205235680672733570e+38 6.607055216626088467e-02 2.409834083819068195e-08 4.446852723795030033e+04 1.437084761835867830e+05 1.638311300047289023e+03 6.862120985002391482e-02 9.008551549160429772e+00 4.838944610007300362e+00 5.898474332037905166e-01 1.150600055283500289e+00 4.432694317414654916e-01 
1.956398343517064819e+11 6.586170620544828125e+04 3.470500681759323243e+02 1.398102092011871642e+19 8.496358827743633810e+03 2.244111169825681513e+38 6.527260011570960863e-02 2.272822977419956558e-08 4.322573565418241924e+04 1.317499624428429524e+05 1.621530791565427535e+03 6.682651959192163760e-02 9.116086341677117844e+00 4.700689521442200203e+00 5.978721554731358800e-01 1.149981632901686757e+00 4.427245960950288994e-01 
2.025501939230666504e+11 6.818806307122202998e+04 3.392935330627826715e+02 1.398102092011871642e+19 8.278258931828668210e+03 2.283667277923185952e+38 6.440297773249127611e-02 2.143698331321725592e-08 4.201954044220093783e+04 1.207973657852019387e+05 1.605058410036475379e+03 6.508448906189788497e-02 9.224370944966935326e+00 4.554462155627949649e+00 6.066571288239430704e-01 1.149306350190851589e+00 4.420123967940284837e-01 
2.097046401323230591e+11 7.059659114965841582e+04 3.316583365622649922e+02 1.398102092011871642e+19 8.065753535156596627e+03 2.323915921012035950e+38 6.345644682036021000e-02 2.022070233550483085e-08 4.084952688757621945e+04 1.107709199709821114e+05 1.589012636093318406e+03 6.339458039073930795e-02 9.333317328000992674e+00 4.400025679388615885e+00 6.162840042403617824e-01 1.148577829795863092e+00 4.410927211941489401e-01 
2.171117945694500732e+11 7.309019287945453834e+04 3.241399963752326130e+02 1.398102092011871642e+19 7.858699306990393779e+03 2.364869223761146749e+38 6.242693925356996437e-02 1.907582626832396293e-08 3.971544227574850811e+04 1.015980230536865565e+05 1.573595608423209342e+03 6.175642198106076619e-02 9.442823234740831850e+00 4.237108562460033312e+00 6.268502586333227766e-01 1.147807334751488995e+00 4.399170900594009948e-01 
2.247805833548729858e+11 7.567187321879262163e+04 3.167349756137235772e+02 1.398102092011871642e+19 7.656956581265470959e+03 2.406539523114049191e+38 6.130854216834789178e-02 1.799913408570912412e-08 3.861720261298531113e+04 9.321266365974629298e+04 1.559145268371367365e+03 6.016973444987648578e-02 9.552783054804937279e+00 4.065558323960251741e+00 6.384613795202139785e-01 1.147015253810158120e+00 4.384284308891907567e-01 
2.327202478960411987e+11 7.834474326651598676e+04 3.094417665466107223e+02 1.398102092011871642e+19 7.460389263211412072e+03 2.448939372005304119e+38 6.009480852437041470e-02 1.698778811753366466e-08 3.755491109332749329e+04 8.555513271143930615e+04 1.546344379832765981e+03 5.863415270329429274e-02 9.663119463455647207e+00 3.885262134671769729e+00 6.512398594384716244e-01 1.146236535193245754e+00 4.365626305338797808e-01 
2.409403560239526978e+11 8.111202401121471485e+04 3.022617260353802635e+02 1.398102092011871642e+19 7.268864738339031646e+03 2.492081543142028003e+38 5.877919347273709988e-02 1.603935171756751974e-08 3.652888028224760637e+04 7.857161256079722079e+04 1.536938034868280283e+03 5.714911954258004162e-02 9.773810971948908133e+00 3.696224224147499626e+00 6.653239864539657322e-01 1.145526091376706468e+00 4.342494524071813244e-01 
2.494508135230316467e+11 8.397705021273276361e+04 2.952004767693377403e+02 1.398102092011871642e+19 7.082253783733896853e+03 2.535979032851579683e+38 5.735508473802248403e-02 1.515184130417697720e-08 3.553962377989382367e+04 7.221388909655732277e+04 1.530443764148138825e+03 5.571348687385931781e-02 9.884970859995556580e+00 3.498591645852784815e+00 6.808709351658205344e-01 1.144965786384334772e+00 4.314180986254032568e-01 
2.582618760682674866e+11 8.694327442077882006e+04 2.882695425548393473e+02 1.398102092011871642e+19 6.900430481598095867e+03 2.580645064996629612e+38 5.581614523817600426e-02 1.432376475894010854e-08 3.458785361462162109e+04 6.643903069620591123e+04 1.503610225124188673e+03 5.432514967998557792e-02 9.996937226494752693e+00 3.292717136185205451e+00 6.980578925787894740e-01 1.144673507966698311e+00 4.280034710726299263e-01 
2.673841615839943848e+11 9.001427113548126363e+04 2.814886839267290952e+02 1.398102092011871642e+19 6.723272134983947581e+03 2.626093094958774816e+38 5.415653476301936220e-02 1.355418918731873315e-08 3.367442869814412552e+04 6.120913965632375766e+04 1.488936525476886800e+03 5.298030339207200623e-02 1.011044200204310961e+01 3.079206375865281675e+00 7.170853588442452908e-01 1.144814263659885478e+00 4.239593081725081536e-01 
2.768286630392061157e+11 9.319374111490194628e+04 2.748887191158450491e+02 1.398102092011871642e+19 6.550659185664584584e+03 2.672336813691891116e+38 5.237138504404028477e-02 1.284279670782816862e-08 3.280028563095798745e+04 5.649106069243040110e+04 1.482539988217298969e+03 5.167262727535330141e-02 1.022682399635578498e+01 2.858986415531862502e+00 7.381798718429137818e-01 1.145614225893870630e+00 4.192745411568747915e-01 
2.866067616948244629e+11 9.648551583469896286e+04 2.685148899780368197e+02 1.398102092011871642e+19 6.382475134087730112e+03 2.719390151846455723e+38 5.045736583398920810e-02 1.218994502494511464e-08 3.196631019152955923e+04 5.225607086176457960e+04 1.491280141350072199e+03 5.039216947808514147e-02 1.034833266964430365e+01 2.633370431833854663e+00 7.615977016108171904e-01 1.147376817237041768e+00 4.139963574467888652e-01 
2.967302408188872681e+11 9.989356210531367105e+04 2.624311137973267023e+02 1.398102092011871642e+19 6.218606461360272988e+03 2.767267283966077829e+38 4.841338898633271159e-02 1.159671864656719222e-08 3.117315362233731139e+04 4.847952500162192155e+04 1.471588631654268738e+03 4.912407360067623519e-02 1.047851925506312476e+01 2.404112529333373605e+00 7.876312040634252387e-01 1.150503101390420779e+00 4.082590793172022892e-01 
3.072112998861759033e+11 1.034219868522429897e+05 2.567245763530469276e+02 1.398102092011871642e+19 6.058942553212723396e+03 2.815982632757475609e+38 4.624157909038905528e-02 1.106493953311801288e-08 3.042099955584619966e+04 4.514036020551568799e+04 1.463364610500460913e+03 4.784743587188635544e-02 1.062268672422561444e+01 2.173450810076933859e+00 8.166172752526670298e-01 1.155515428837466940e+00 4.023152697285909962e-01 
3.180625692794119263e+11 1.070750420651638997e+05 2.515116792724358277e+02 1.398102092011871642e+19 5.903375625893404504e+03 2.865550873435266835e+38 4.394810335532381429e-02 1.059715224618521036e-08 2.970929736495620455e+04 4.222056589970416826e+04 1.522072279903610024e+03 4.653452048969553001e-02 1.078839255467914526e+01 1.944083867023309597e+00 8.489581608204629370e-01 1.163090388244684359e+00 3.965685984054652113e-01 
3.292971255097147827e+11 1.108571299218659842e+05 2.469445351310040451e+02 1.398102092011871642e+19 5.751800653944265832e+03 2.915986938142767300e+38 4.154420661825849320e-02 1.019654208295267102e-08 2.903646840489582610e+04 3.970445190239246585e+04 1.469674241252762840e+03 4.515083015070756045e-02 1.098595658863027680e+01 1.719109180706917650e+00 8.851524969415150990e-01 1.174099374219355063e+00 3.916054284794809881e-01 
3.409285069746807251e+11 1.147728080931729201e+05 2.432192482035698902e+02 1.398102092011871642e+19 5.604115299810597207e+03 2.967306020450221322e+38 3.904696861766689814e-02 9.866802116744464664e-09 2.839963325249599438e+04 3.757782551794026222e+04 1.489995672509937549e+03 4.365651374139573743e-02 1.122894610221116629e+01 1.501876542779965407e+00 9.258505476016190006e-01 1.189665658244579260e+00 3.882268216151177342e-01 
3.529707302730657349e+11 1.188267952352435095e+05 2.405863554769715336e+02 1.398102092011871642e+19 5.460219845238621929e+03 3.019523579931777140e+38 3.647969904914704492e-02 9.611952714691798170e-09 2.779438378006129642e+04 3.582706000531171594e+04 1.631284849355135293e+03 4.200943095236391034e-02 1.153464329969540891e+01 1.295771204048718817e+00 9.719399460283028036e-01 1.211242281574369528e+00 3.874884441661824441e-01 
3.654383070957261963e+11 1.230239766758684564e+05 2.393663895694065218e+02 1.398102092011871642e+19 5.320017124415942817e+03 3.072655346822571783e+38 3.387156117333027516e-02 9.436195559843215583e-09 2.721459055302563502e+04 3.443826258089522889e+04 1.573659852165602615e+03 4.016943802987740786e-02 1.192467035027035571e+01 1.103935470180061218e+00 1.024676924882855111e+00 1.240725542719978369e+00 3.907740625725955042e-01 
3.783462617131932983e+11 1.273694103016225999e+05 2.399708317998423297e+02 1.398102092011871642e+19 5.183412458810706994e+03 3.126717326757410115e+38 3.125651802654783040e-02 9.343827951548539752e-09 2.665220716228665697e+04 3.339646574065955792e+04 1.555943699541616297e+03 3.810324668965452133e-02 1.242601534944126307e+01 9.289904274461704414e-01 1.085859373872467559e+00 1.280603925997960246e+00 3.999373557621481723e-01 
3.917101490809260864e+11 1.318683326529573533e+05 2.429359485568452897e+02 1.398102092011871642e+19 5.050313593666985980e+03 3.181725805592343327e+38 2.867126575413127959e-02 9.339417069806836340e-09 2.609694304835139337e+04 3.268525695070483198e+04 1.599090302619076056e+03 3.578791671998806517e-02 1.307318164837428220e+01 7.727902853192197830e-01 1.158058046129913254e+00 1.334171099287390971e+00 4.175987492994354122e-01 
4.055460735840827637e+11 1.365261652345852635e+05 2.489738978349047898e+02 1.398102092011871642e+19 4.920630636114342451e+03 3.237697354310693920e+38 2.615265788346503306e-02 9.428360125989578850e-09 2.553558567945686809e+04 3.228676117692907064e+04 1.660349883383057431e+03 3.321150694990957636e-02 1.391259416887038647e+01 6.362819896939551079e-01 1.244891858581955058e+00 1.405806010779733439e+00 4.477473085281692411e-01 
4.198707084443905640e+11 1.413485210487588774e+05 2.590566025470870954e+02 1.398102092011871642e+19 4.794275994850972893e+03 3.294648834014966934e+38 2.373491230350344844e-02 9.618189715084607680e-09 2.495054810809659830e+04 3.218221450508229464e+04 1.734246506896122810e+03 3.036925983093544459e-02 1.501183288975054353e+01 5.194932688727486036e-01 1.351350857326617749e+00 1.501350324690604587e+00 4.970172108014554446e-01 
4.347013158125017700e+11 1.463412113593166869e+05 2.745597580027401250e+02 1.398102092011871642e+19 4.671164321360666690e+03 3.352597401006161977e+38 2.144722244732566799e-02 9.921307218568775668e-09 2.431669710127525468e+04 3.235310585053837349e+04 1.832807334929963645e+03 2.725411800280150634e-02 1.647982027709331376e+01 4.216595155821969421e-01 1.484143788174418832e+00 1.628591760209914252e+00 5.776208628953406476e-01 
4.500557675700488281e+11 1.515102526946477592e+05 2.975337899303598306e+02 1.398102092011871642e+19 4.551212452624899015e+03 3.411560511952005528e+38 1.931221595793537055e-02 1.036097942421866645e-08 2.359417287004492391e+04 3.278295245807991159e+04 1.861577047348926499e+03 2.383969719227331877e-02 1.851524097309206240e+01 3.414714424758208411e-01 1.651988601549492675e+00 1.797814870701056833e+00 7.150334304917547179e-01 
4.659525668664667969e+11 1.568618740980141738e+05 3.312861632778933085e+02 1.398102092011871642e+19 4.434339355292266191e+03 3.471555929145672477e+38 1.734556360101934328e-02 1.098681666540832307e-08 2.270968712974948721e+04 3.345996822267430980e+04 2.036265314231604179e+03 2.004697506437308485e-02 2.154485265938892979e+01 2.774578543012063414e-01 1.865397110429566796e+00 2.022023689835604987e+00 9.727230396353369057e-01 
4.824108704165373535e+11 1.624025246339686855e+05 3.819388574975203028e+02 1.398102092011871642e+19 4.320466071268452652e+03 3.532601725856577174e+38 1.555682269272013613e-02 1.192809599039991899e-08 2.149413788763021148e+04 3.438219915386180946e+04 2.078381067010049264e+03 1.565583520188837743e-02 2.675571120621456700e+01 2.287448597382603921e-01 2.133313768058169746e+00 2.314154261167280513e+00 1.563953708120775499e+00 
4.994505115855139771e+11 1.681388811599095643e+05 4.647831113736069142e+02 1.398102092011871642e+19 4.209515664690893573e+03 3.594716291774816202e+38 1.395226322774122986e-02 1.372774482821271065e-08 1.932419663527652301e+04 3.557485523706489766e+04 2.345912358617004429e+03 9.885358432442996682e-03 4.000768326380521245e+01 1.988000823978293974e-01 2.429316063117876290e+00 2.651774167670628568e+00 3.925434601582030059e+00 
5.170920242896755371e+11 1.740778563721477403e+05 6.242865771229136271e+02 1.398102092011871642e+19 4.101413170252951204e+03 3.657918338550995380e+38 1.254790499080004479e-02 4.048668064403261528e-08 6.790621861379784605e+03 3.686924249743259134e+04 4.490975655566150948e+01 1.454466572853015203e-04 7.159228050813277733e-01 4.462673547286814535e-01 1.188236171260148799e+00 1.305722077670503412e+00 5.575930704808852667e+00 
5.353566677410718994e+11 1.802266071361694485e+05 6.688736244834981335e+02 1.398102092011871642e+19 3.996085542843740768e+03 3.722226905432976358e+38 1.129949124355913992e-02 5.385771186507560478e-08 5.139910235124491010e+03 3.712324474131901661e+04 7.804475411758187597e+00 4.741393275850592663e-05 4.860019110836057143e-02 4.618401249722927648e-01 1.026512094483262416e+00 1.115311429558473844e+00 1.113448904755145463e+00 
5.542664520663095703e+11 1.865925431111419748e+05 6.821580184796354160e+02 1.398102092011871642e+19 3.893461608470119700e+03 3.787661365001347876e+38 1.014921169044350965e-02 6.097807900907057195e-08 4.573624767374926705e+03 3.740044462926636334e+04 3.818706937061470796e+00 2.950496672374295471e-05 1.576388373834675463e-02 4.044509950102826434e-01 9.943295589465835915e-01 1.066146150736841491e+00 5.294451212053046252e-01 
5.738441648302404785e+11 1.931833356790535036e+05 6.834956840453212408e+02 1.398102092011871642e+19 3.793472016428475399e+03 3.854241429005311145e+38 9.088730356964325879e-03 6.653936492902526805e-08 4.238643456492442965e+03 3.782230857185703644e+04 2.453078239044084619e+00 2.152232981755430494e-05 7.585107632990732533e-03 3.380410629486307883e-01 9.847589588144753936e-01 1.042829726564026949e+00 3.118234656628230406e-01 
5.941133984965040283e+11 2.000069271892422403e+05 6.785141729897050027e+02 1.398102092011871642e+19 3.696049192694752492e+03 3.921987154300693780e+38 8.115544733089268686e-03 7.159524651707239344e-08 4.001282183703627197e+03 3.841721381293626473e+04 1.799385509196294919e+00 1.682676490413681969e-05 4.368039259139548137e-03 2.757736332232641474e-01 9.827831835335941735e-01 1.029414560110540888e+00 2.022884017947155777e-01 
6.150985788580504150e+11 2.070715405294674274e+05 6.698017428695148965e+02 1.398102092011871642e+19 3.601127294501680353e+03 3.990918948892011444e+38 7.227695099156270127e-03 7.657533355332685300e-08 3.816147658037063593e+03 3.918831256200533244e+04 1.430994999295676084e+00 1.364815320719671601e-05 2.781514558286893833e-03 2.215220947042272903e-01 9.837456687122433374e-01 1.020907228182076576e+00 1.385007414230439160e-01 
6.368249944718586426e+11 2.143856890350405010e+05 6.587822196843119400e+02 1.398102092011871642e+19 3.508642166073385397e+03 4.061057578080228137e+38 6.422453997561940013e-03 8.169774373771363319e-08 3.662753263334537678e+03 4.012917415859446191e+04 1.202628527792755975e+00 1.131097920461212630e-05 1.885732099562228894e-03 1.760202167479983093e-01 9.857816011262551248e-01 1.015191254181395220e+00 9.806607578086311283e-02 
6.593188271333541260e+11 2.219581867479686334e+05 6.463183025371098438e+02 1.398102092011871642e+19 3.418531295487906846e+03 4.132424170718190224e+38 5.696069661427148080e-03 8.708812194357352168e-08 3.530285449838878321e+03 4.122980145192982309e+04 1.052151412460743840e+00 9.500748415417962814e-06 1.332757706630085994e-03 1.387504439747619944e-01 9.880678410477415907e-01 1.011204126749285503e+00 7.100482848575911943e-02 
# Non-converged_fits = 12