# r 	r/rg 	Sigma0 	Mdot 	Teff 	F 	z0r 	rho_c 	T_c 	P_c 	tau 	PradPgas_c 	varkappa_c 	Pi1 	Pi2 	Pi3 	Pi4
# All values are in CGS units.
# M = 2.011658e+00 Msun, alpha = 0.5, structure = BellLin, mu = 0.62
1.000000000000000000e+09 1.683238651875136384e+03 1.559134706366040518e+03 2.796204184023742976e+18 1.969667142622084357e+05 1.383785721104906527e+36 7.845210702247160106e-02 1.643909246674246701e-05 1.068387024553329218e+06 2.355314679225030899e+09 2.007016426668459189e+03 1.395067595967527163e+00 2.430006250998949735e+00 4.788351945713982261e+00 6.044650469996476483e-01 1.214656678334498086e+00 4.103167511542802903e-01 
1.035321843295661569e+09 1.742693743765870749e+03 1.544675695178711294e+03 2.796204184023742976e+18 1.919413835677254829e+05 1.409080442792705637e+36 7.828825778437806249e-02 1.580369297401710849e-05 1.042919311648041243e+06 2.210302875758158684e+09 2.022848092793511341e+03 1.349835416722276582e+00 2.474140804707761543e+00 4.808979712118809147e+00 6.029436536751796583e-01 1.213201119872334921e+00 4.110594607507163101e-01 
1.071891319205126405e+09 1.804248899095498473e+03 1.529968235123261366e+03 2.796204184023742976e+18 1.870436310146067117e+05 1.434818015931461214e+36 7.813188086989589221e-02 1.518702516823544324e-05 1.017972861747580464e+06 2.073248732207601309e+09 2.038117857714892125e+03 1.306240553828713180e+00 2.518830625703312176e+00 4.829344859940141177e+00 6.014515838263060354e-01 1.211770215858106070e+00 4.117935629380468643e-01 
1.109752496412069798e+09 1.867978295975719675e+03 1.515025647716564890e+03 2.796204184023742976e+18 1.822702456654217967e+05 1.461006193814923565e+36 7.798284240359468211e-02 1.458887312268211045e-05 9.935400007761341985e+05 1.943791146739465714e+09 2.052815629219663151e+03 1.264216918593280781e+00 2.564075951551564980e+00 4.849442589492594990e+00 5.999886717203030129e-01 1.210363854024163910e+00 4.125188848896678695e-01 
1.148951000187310934e+09 1.933958732625878838e+03 1.499861284298742476e+03 2.796204184023742976e+18 1.776180961563446617e+05 1.487652865478900164e+36 7.784101188262385063e-02 1.400900385054768074e-05 9.696130923374842387e+05 1.821579882145988226e+09 2.066932236673716034e+03 1.223701332792603624e+00 2.609877062477452547e+00 4.869268581315550293e+00 5.985547259742495241e-01 1.208981909705713731e+00 4.132352686955308441e-01 
1.189534067370320797e+09 2.002269719919966519e+03 1.484488500283704070e+03 2.796204184023742976e+18 1.730841287815277756e+05 1.514766058077761204e+36 7.770625805641634409e-02 1.344716841158520453e-05 9.461845374893529806e+05 1.706275622622429609e+09 2.080459406608823429e+03 1.184633392541357466e+00 2.656234289837251961e+00 4.888818485367797173e+00 5.971495612553882060e-01 1.207624245498635895e+00 4.139425704984525667e-01 
1.231550603292826176e+09 2.072993577202627876e+03 1.468920632103439630e+03 2.796204184023742976e+18 1.686653656209420878e+05 1.542353939302600257e+36 7.757845216421568879e-02 1.290310302352592003e-05 9.232467746021230705e+05 1.597549999909046888e+09 2.093389718284583978e+03 1.146955338578764083e+00 2.703148024761660384e+00 4.908088323698830635e+00 5.957729742853410393e-01 1.206290712368638829e+00 4.146406604442736676e-01 
1.275051240713012934e+09 2.146215531489492150e+03 1.453170978070369983e+03 2.796204184023742976e+18 1.643589027108373703e+05 1.570424819841684016e+36 7.745746944127572531e-02 1.237652937254871920e-05 9.007922902497939067e+05 1.495085511556787491e+09 2.105716685280665843e+03 1.110612045068021692e+00 2.750618497708380517e+00 4.927074364920806637e+00 5.944247731580636351e-01 1.204981232083785159e+00 4.153293690321996356e-01 
1.320088400831416845e+09 2.222023820171478746e+03 1.437252773100973400e+03 2.796204184023742976e+18 1.601619082559693197e+05 1.598987155884005742e+36 7.734318404685734671e-02 1.186715619890257565e-05 8.788136153120150557e+05 1.398575548149637938e+09 2.117434732701856319e+03 1.075550846218060075e+00 2.798645847704010148e+00 4.945772604705588549e+00 5.931047999704799345e-01 1.203695764248752020e+00 4.160085030393138594e-01 
1.366716356462004423e+09 2.300509797346802770e+03 1.421179151999089981e+03 2.796204184023742976e+18 1.560716208827595983e+05 1.628049551666662261e+36 7.723547266281456658e-02 1.137468342505971331e-05 8.573032820504613919e+05 1.307724620712620497e+09 2.128539172265662728e+03 1.041720990990042228e+00 2.847231073300164006e+00 4.964180504290705009e+00 5.918127444313276975e-01 1.202433981787779382e+00 4.166780631043071614e-01 
1.414991297434578896e+09 2.381768043908830805e+03 1.404963148446296145e+03 2.796204184023742976e+18 1.520853479325635126e+05 1.657620762066832836e+36 7.713421535983912281e-02 1.089879902900153432e-05 8.362538809822681360e+05 1.222247861987976789e+09 2.139026192419451945e+03 1.009074123341982654e+00 2.896374858432928967e+00 4.982295435746046053e+00 5.905483468266990998e-01 1.201195696480615860e+00 4.173379667800525827e-01 
1.464971398307287931e+09 2.465896481522393060e+03 1.388617666867333810e+03 2.796204184023742976e+18 1.482004637942326663e+05 1.687709695239120790e+36 7.703929245528445824e-02 1.043918165637924406e-05 8.156580418059099466e+05 1.141871077746786833e+09 2.148892855154220342e+03 9.775639710507929570e-01 2.946077988459590458e+00 5.000114863652301622e+00 5.893113484741725472e-01 1.199980708866328127e+00 4.179881441539263776e-01 
1.516716888470924139e+09 2.552996490626050218e+03 1.372155463420172737e+03 2.796204184023742976e+18 1.444144082751619280e+05 1.718325415299105259e+36 7.695058580975520923e-02 9.995501674902906828e-06 7.955084342595426133e+05 1.066330620255239964e+09 2.158137103128688068e+03 9.471462500290885878e-01 2.996341357169518993e+00 5.017636506405330543e+00 5.881014825619580444e-01 1.198788809125622246e+00 4.186285375293222755e-01 
1.570290124729377508e+09 2.643173032602317107e+03 1.355589128016295490e+03 2.796204184023742976e+18 1.407246850100374140e+05 1.749477145053838288e+36 7.686798047341561468e-02 9.567422207404139599e-06 7.757977690996942110e+05 9.953732418530353308e+08 2.166757737813086806e+03 9.177785732172939470e-01 3.047165973497525382e+00 5.034858547805454165e+00 5.869184623983940696e-01 1.197619778021353998e+00 4.192591011441782478e-01 
1.625755666443793535e+09 2.736534776263215008e+03 1.338931066374062311e+03 2.796204184023742976e+18 1.371288599064972077e+05 1.781174268780165914e+36 7.679136265947592022e-02 9.154600140810666080e-06 7.565187992346840911e+05 9.287559303242542744e+08 2.174754377450302854e+03 8.894203639423716723e-01 3.098552967649912393e+00 5.051779370050333284e+00 5.857619973037314631e-01 1.196473387128424326e+00 4.198798004673061635e-01 
1.683180353330955029e+09 2.833194228803512488e+03 1.322193483584233036e+03 2.796204184023742976e+18 1.336245596269381058e+05 1.813426335051683731e+36 7.672061945043782971e-02 8.756687107529282385e-06 7.376643209352880949e+05 8.662457274874827862e+08 2.182127454660372678e+03 8.620327733428856387e-01 3.150503597011303114e+00 5.068397508415242392e+00 5.846317954037139053e-01 1.195349399389579181e+00 4.204906116918253889e-01 
1.742633386009647131e+09 2.933267871379482585e+03 1.305388369341338830e+03 2.796204184023742976e+18 1.302094701057087950e+05 1.846243059615195540e+36 7.665564095686198953e-02 8.373330436566630972e-06 7.192271751050977036e+05 8.076195325901135206e+08 2.188878209054051240e+03 8.355786016431683283e-01 3.203019251913977516e+00 5.084711930520948719e+00 5.835275480081015820e-01 1.194247570122047186e+00 4.210915215150571878e-01 
1.804186409392075539e+09 3.036876299476560234e+03 1.288527483368964340e+03 2.796204184023742976e+18 1.268813351009433536e+05 1.879634328317522462e+36 7.659631907632473424e-02 8.004174072600382379e-06 7.012002486659399001e+05 7.526638922135057449e+08 2.195008641959873785e+03 8.100222232636242747e-01 3.256101460831883898e+00 5.100721868910598644e+00 5.824489395259964120e-01 1.193167647364840711e+00 4.216825265309054882e-01 
1.867913599020784616e+09 3.144144368234979538e+03 1.271622341917120593e+03 2.796204184023742976e+18 1.236379547803019232e+05 1.913610200083543241e+36 7.654254611331520741e-02 7.648859460571530878e-06 6.835764760079637635e+05 7.011747781404318810e+08 2.200521502573625639e+03 7.853295154781522180e-01 3.309751895216496376e+00 5.116426630653689855e+00 5.813956583473156581e-01 1.192109372193116856e+00 4.222636326065629664e-01 
1.933891750455232143e+09 3.255201342908712832e+03 1.254684206284381844e+03 2.796204184023742976e+18 1.204771843398899364e+05 1.948180909946412845e+36 7.649421726755828432e-02 7.307026393719043737e-06 6.663488404497911688e+05 6.529573546291892529e+08 2.205420266217050084e+03 7.614677903281872329e-01 3.363972374338414895e+00 5.131825922365697679e+00 5.803673787313837762e-01 1.191072479741323464e+00 4.228348547184324069e-01 
2.002200371815584421e+09 3.370181054638761452e+03 1.237724073723365564e+03 2.796204184023742976e+18 1.173969326556522719e+05 1.983356872130786696e+36 7.645122993972758296e-02 6.978313542646958637e-06 6.495103824711443158e+05 6.078257184567117691e+08 2.209709091609127427e+03 7.384057824644316703e-01 3.418764666021368193e+00 5.146919544514780398e+00 5.793637909045472600e-01 1.190056749919241152e+00 4.233961744799132343e-01 
2.072921779595369816e+09 3.489222061728718927e+03 1.220752664440260787e+03 2.796204184023742976e+18 1.143951609665368742e+05 2.019148683190052234e+36 7.641348161955577312e-02 6.662359630872204474e-06 6.330541927831049543e+05 5.656026779808933735e+08 2.213392815550454088e+03 7.161135169470027595e-01 3.474130727008449604e+00 5.161707361922802662e+00 5.783845864374059786e-01 1.189061944060072262e+00 4.239475897466479792e-01 
2.146141197858401537e+09 3.612467816616866457e+03 1.203780409354393896e+03 2.796204184023742976e+18 1.114698815887430828e+05 2.055567125198476587e+36 7.638087257882339443e-02 6.358804621796590160e-06 6.169734014884504722e+05 5.261195236530944109e+08 2.216476915939871105e+03 6.945621580405779705e-01 3.530073112508349098e+00 5.176190051010578053e+00 5.774293934354226554e-01 1.188087712278044217e+00 4.244891961289335991e-01 
2.221946860939519405e+09 3.740066838746028225e+03 1.186817449495727715e+03 2.796204184023742976e+18 1.086191566603774263e+05 2.092623168999245219e+36 7.635330554618804944e-02 6.067289425134400823e-06 6.012612031126952497e+05 4.892157038743982315e+08 2.218967477891888848e+03 6.737241372939561934e-01 3.586594268492008020e+00 5.190368320740979868e+00 5.764978646618981184e-01 1.187133769898347957e+00 4.250210398804167844e-01 
2.300430119772921562e+09 3.872172893539531287e+03 1.169873625736938266e+03 2.796204184023742976e+18 1.058410969158537628e+05 2.130327977509367912e+36 7.633068312063867600e-02 5.787456954393494647e-06 5.859108489636682207e+05 4.547385881636627913e+08 2.220871170939331932e+03 6.535730259735177405e-01 3.643696808432375978e+00 5.204242842005903924e+00 5.755896635195707489e-01 1.186199827992046929e+00 4.255431741466352280e-01 
2.381685551976160526e+09 4.008945177698842599e+03 1.152958473619504502e+03 2.796204184023742976e+18 1.031338604893864685e+05 2.168692909082424580e+36 7.631291059927239329e-02 5.518952735208140750e-06 5.709156487025443930e+05 4.225432004237804413e+08 2.222195211791693964e+03 6.340834841288263135e-01 3.701383516303217380e+00 5.217814624288118708e+00 5.747044434208197217e-01 1.185285594426905398e+00 4.260556588626340790e-01 
2.465811075822603703e+09 4.150548511046419662e+03 1.136081218470029626e+03 2.796204184023742976e+18 1.004956517469313403e+05 2.207729520930229983e+36 7.629989587055369116e-02 5.261425472965721960e-06 5.562689719290109351e+05 3.924919508978835940e+08 2.222947330983560278e+03 6.152312121003657985e-01 3.759657349073597832e+00 5.231084996291873068e+00 5.738418490247146897e-01 1.184390774344801223e+00 4.265585603219327893e-01 
2.552908068239516735e+09 4.297153535144642774e+03 1.119250770881337758e+03 2.796204184023742976e+18 9.792472014595216024e+04 2.247449572604359169e+36 7.629154654538000679e-02 5.014527579894592368e-06 5.419642497676151106e+05 3.644543678375394940e+08 2.223135751870590866e+03 5.969929043393870094e-01 3.818521438698507353e+00 5.244055206031145389e+00 5.730015378698288808e-01 1.183515070101672784e+00 4.270519504324982729e-01 
2.643081486974102974e+09 4.448936918930419779e+03 1.102475724298514706e+03 2.796204184023742976e+18 9.541935912238997116e+04 2.287865029538646620e+36 7.628777286205376540e-02 4.777915661060389619e-06 5.279949763685712824e+05 3.383068297240107059e+08 2.222769157823853220e+03 5.793462052829554398e-01 3.877979094181313258e+00 5.256726811494842444e+00 5.721831591784336535e-01 1.182658182232981581e+00 4.275359066300835065e-01 
2.736439997074666500e+09 4.606081571613163760e+03 1.085764353119287989e+03 2.796204184023742976e+18 9.297790500423123012e+04 2.328988066653704847e+36 7.628848769624127502e-02 4.551250962498256692e-06 5.143547104108688072e+05 3.139322991999669671e+08 2.221856660808672132e+03 5.622696671835422100e-01 3.938033804167841101e+00 5.269101677603527101e+00 5.713863541147244929e-01 1.181819810069983490e+00 4.280105116516795261e-01 
2.833096101839318275e+09 4.768776863092718486e+03 1.069124610277261127e+03 2.796204184023742976e+18 9.059873595108017616e+04 2.370831072024547653e+36 7.629360354728155491e-02 4.334199776356976080e-06 5.010370765573329409e+05 2.912200590806535482e+08 2.220407766310323495e+03 5.457427103580315686e-01 3.998689236402730884e+00 5.281181552966276449e+00 5.706107784036936748e-01 1.180999651208891610e+00 4.284758524813223057e-01 
2.933166278390048504e+09 4.937218852162876829e+03 1.052564127994518003e+03 2.796204184023742976e+18 8.828027091915125493e+04 2.413406650612430511e+36 7.630303549170354416e-02 4.126433813894668115e-06 4.880357668552215328e+05 2.700654518957831860e+08 2.218432344582121914e+03 5.297455845519436490e-01 4.059949241555302457e+00 5.292968471697175659e+00 5.698560806793651068e-01 1.180197402940824425e+00 4.289320207524499051e-01 
3.036771118035460472e+09 5.111610522775359641e+03 1.036090217480557612e+03 2.796204184023742976e+18 8.602096865111128136e+04 2.456727628062001856e+36 7.631670120791790579e-02 3.927630535139092770e-06 4.753445420621390222e+05 2.503696227819544077e+08 2.215940599401413238e+03 5.142593327803125502e-01 4.121817852333635734e+00 5.304464751509439857e+00 5.691219026875316001e-01 1.179412762203492226e+00 4.293791120470528688e-01 
3.144035471591500282e+09 5.292162028649286185e+03 1.019709869679923372e+03 2.796204184023742976e+18 8.381932669020630419e+04 2.500807054564983371e+36 7.633451794723064565e-02 3.737473447743930117e-06 4.629572329746088944e+05 2.320392671617258489e+08 2.212943039674704778e+03 4.992657564161402384e-01 4.184299285439407434e+00 5.315672567353471933e+00 5.684079017106818954e-01 1.178645425656733803e+00 4.298172254425919325e-01 
3.255088599835056305e+09 5.479090946520485886e+03 1.003429757353526952e+03 2.796204184023742976e+18 8.167388041812811571e+04 2.545658208791442978e+36 7.635640549726180337e-02 3.555652368017094514e-06 4.508677416247667861e+05 2.149863831163914204e+08 2.209450450416739841e+03 4.847473820549696999e-01 4.247397942000413984e+00 5.326594356804081443e+00 5.677137289909955919e-01 1.177895090447517390e+00 4.302464634430550050e-01 
3.370064329271924973e+09 5.672622538336160687e+03 9.872562373757592695e+02 2.796204184023742976e+18 7.958320211607695092e+04 2.591294601889925250e+36 7.638228615335829197e-02 3.381863649802934643e-06 4.390700424447414116e+05 1.991280292795852423e+08 2.205473865065818700e+03 4.706874298670047918e-01 4.311118408264136725e+00 5.337232811910412877e+00 5.670390301652113996e-01 1.177161454546787001e+00 4.306669316943699810e-01 
3.489101213406766415e+09 5.872990022710708217e+03 9.711953530613437806e+02 2.796204184023742976e+18 7.754590004849358229e+04 2.637729981557601822e+36 7.641208176233689475e-02 3.215810381396104000e-06 4.275581833837794838e+05 1.843860885688898861e+08 2.201024535168127841e+03 4.570697834722651787e-01 4.375465455706977203e+00 5.347590460748705254e+00 5.663834670451128872e-01 1.176444216498949702e+00 4.310787383357921887e-01 
3.612342699709437847e+09 6.080434855969905584e+03 9.552528381520545508e+02 2.796204184023742976e+18 7.556061756894197606e+04 2.684978336181692940e+36 7.644571668611502280e-02 3.057202551558869554e-06 4.163262869083355181e+05 1.706870380555865169e+08 2.196113905435331162e+03 4.438789611060000584e-01 4.440444041605212888e+00 5.357670076113016933e+00 5.657466960495816100e-01 1.175743076255298725e+00 4.314819940786000507e-01 
3.739937302478801727e+09 6.295207023121953171e+03 9.394341207115598991e+02 2.796204184023742976e+18 7.362603224763611797e+04 2.733053899053365827e+36 7.648311763913524797e-02 2.905757186690325609e-06 4.053685509548378177e+05 1.579617253364478350e+08 2.190753587499823425e+03 4.311000881633215154e-01 4.506059309168318983e+00 5.367474648955223415e+00 5.651283695594796486e-01 1.175057735407770476e+00 4.318768119230899094e-01 
3.872038781812557220e+09 6.517565339106414285e+03 9.237443270387833536e+02 2.796204184023742976e+18 7.174085502011053904e+04 2.781971152655461928e+36 7.652421089924785202e-02 2.761198460577697912e-06 3.946792498271301156e+05 1.461451516351517439e+08 2.184955332363715570e+03 4.187188710455527207e-01 4.572316587245932595e+00 5.377006992166401211e+00 5.645281563163808691e-01 1.174387896918318575e+00 4.322633065635158034e-01 
4.008806328898464680e+09 6.747777760683567067e+03 9.081882870342813021e+02 2.796204184023742976e+18 6.990382935655125766e+04 2.831744833025238661e+36 7.656892525451552967e-02 2.623257777808714853e-06 3.842527349759801291e+05 1.351762617747091949e+08 2.178731007515728379e+03 4.067215721181235977e-01 4.639221390556860669e+00 5.386270149634009741e+00 5.639457200248001456e-01 1.173733265897901390e+00 4.326415945070237745e-01 
4.150404757850472450e+09 6.986121709340381130e+03 8.927705393532329481e+02 2.796204184023742976e+18 6.811373045130723040e+04 2.882389934193521710e+36 7.661719163426254642e-02 2.491673832877388227e-06 3.740834357278713724e+05 1.249977412199823409e+08 2.172092571143138684e+03 3.950949858682175631e-01 4.706779419466171177e+00 5.395267341039210685e+00 5.633807221447134639e-01 1.173093549753319698e+00 4.330117938017210011e-01 
4.297004704320835114e+09 7.232884405602121660e+03 8.774953365623584887e+02 2.796204184023742976e+18 6.636936443211558799e+04 2.933921712701568282e+36 7.666894057534809348e-02 2.366192646407671985e-06 3.641658599519711570e+05 1.155558202753016502e+08 2.165052050647228498e+03 3.838264161846239308e-01 4.774996559395870754e+00 5.404001600883353795e+00 5.628328402835288680e-01 1.172468457917080098e+00 4.333740235040302591e-01 
4.448782831127575874e+09 7.488363215152433440e+03 8.623666515380234614e+02 2.796204184023742976e+18 6.466956758858333342e+04 2.986355692197010531e+36 7.672410513744182259e-02 2.246567579653986130e-06 3.544945946121673915e+05 1.068000854602527171e+08 2.157621520166794653e+03 3.729036545964117821e-01 4.843878880806061105e+00 5.412476185459150990e+00 5.623017470863258538e-01 1.171857702574498283e+00 4.337284038341966408e-01 
4.605922041145112991e+09 7.752866007179077315e+03 8.473881844482571069e+02 2.796204184023742976e+18 6.301320561947698297e+04 3.039707668110271051e+36 7.678262025667002832e-02 2.132559276739381201e-06 3.450643097835683729e+05 9.868329670754975080e+07 2.149813078451097226e+03 3.623149795440965271e-01 4.913432409692767067e+00 5.420694344099578288e+00 5.617871294011352878e-01 1.171261029097269590e+00 4.340750184548101132e-01 
4.768611697714474678e+09 8.026711525376917962e+03 8.325633660676035106e+02 2.796204184023742976e+18 6.139917289838271972e+04 3.093993712412819344e+36 7.684442055053419818e-02 2.023935803908212627e-06 3.358697484615103458e+05 9.116121772651432455e+07 2.141638833429914030e+03 3.520490758271591636e-01 4.983663803635441703e+00 5.428659410063241708e+00 5.612886607143152684e-01 1.170678124541107312e+00 4.344140254396532952e-01 
4.937047852839003563e+09 8.310229772055761714e+03 8.178953676661504915e+02 2.796204184023742976e+18 5.982639175730492570e+04 3.149230178458795768e+36 7.690944319249876093e-02 1.920472439931882935e-06 3.269057375641815597e+05 8.419244418952685595e+07 2.133110877800415437e+03 3.420950771789159073e-01 5.054579686817668005e+00 5.436374800571379673e+00 5.608060237302231466e-01 1.170108709417408299e+00 4.347455472859680925e-01 
5.111433483440165520e+09 8.603762405815257807e+03 8.033871067502988126e+02 2.796204184023742976e+18 5.829381178778649337e+04 3.205433705911340568e+36 7.697762690526314955e-02 1.821951677496279173e-06 3.181671846540676779e+05 7.773824553861153126e+07 2.124241273002116031e+03 3.324425276137937812e-01 5.126186866088210614e+00 5.443844005525176222e+00 5.603389032676329151e-01 1.169552507463808899e+00 4.350697067777682947e-01 
5.291978735958436966e+09 8.907663153266568770e+03 7.890412537865402101e+02 2.796204184023742976e+18 5.680040915913728531e+04 3.262621225755198181e+36 7.704891021315742050e-02 1.728163152442041915e-06 3.096490781440734863e+05 7.176241210184927285e+07 2.115042032386563278e+03 3.230813642156048493e-01 5.198492330355692026e+00 5.451070337712404346e+00 5.598869987109386104e-01 1.169009245401555264e+00 4.353866266525735496e-01 
5.478901179593934059e+09 9.222298235296788334e+03 7.748602397466835328e+02 2.796204184023742976e+18 5.534518595336878207e+04 3.320809965397084961e+36 7.712323424507047664e-02 1.638903559735267781e-06 3.013464874093733961e+05 6.623110908376269042e+07 2.105525104396168445e+03 3.140019006761596287e-01 5.271503250222880688e+00 5.458057327336349296e+00 5.594500038639330652e-01 1.168478653576534576e+00 4.356964298013833448e-01 
5.672426068491989136e+09 9.548046808389835860e+03 7.608462630990351272e+02 2.796204184023742976e+18 5.392716951644176152e+04 3.380017453855342672e+36 7.720054129338206617e-02 1.553976557854762388e-06 2.932545628554723226e+05 6.111273732605460286e+07 2.095702357663828479e+03 3.051948116242998998e-01 5.345226977108947786e+00 5.464808516121690829e+00 5.590276172374861741e-01 1.167960465787575286e+00 4.359992389509896316e-01 
5.872786613189489365e+09 9.885301421535425106e+03 7.470012969294222103e+02 2.796204184023742976e+18 5.254541182544199546e+04 3.440261527040432026e+36 7.728077360992609279e-02 1.473192662599884397e-06 2.853685359162020613e+05 5.637780067115104944e+07 2.085585566805897543e+03 2.966511176566769548e-01 5.419671042369987646e+00 5.471327284814745617e+00 5.586195505320377119e-01 1.167454419146732425e+00 4.362951763816016459e-01 
6.080224261649427414e+09 1.023446848927727842e+04 7.333270966772677184e+02 2.796204184023742976e+18 5.119898887130524963e+04 3.501560333127935011e+36 7.736387612224170096e-02 1.396369131350116649e-06 2.776837189640289289e+05 5.199877975634033233e+07 2.075186399054962294e+03 2.883621710014528938e-01 5.494843156891774605e+00 5.477617236552838165e+00 5.582255091985663942e-01 1.166960254673989450e+00 4.365843641473768355e-01 
6.294988990221887589e+09 1.059596878146991730e+04 7.198252072198805536e+02 2.796204184023742976e+18 4.988700005672621774e+04 3.563932338025560059e+36 7.744979447054997634e-02 1.323329839184572956e-06 2.701955051830566372e+05 4.795001208490626514e+07 2.064516401897415108e+03 2.803196418730526940e-01 5.570751210109571971e+00 5.483681917334573441e+00 5.578452063485979107e-01 1.166477716994390068e+00 4.368669237169679476e-01 
6.517339604882420540e+09 1.097023793033472066e+04 7.064969701834100988e+02 2.796204184023742976e+18 4.860856760888853023e+04 3.627396330935897330e+36 7.753847445952834205e-02 1.253905147669126708e-06 2.628993683718022658e+05 4.420757817152931541e+07 2.053586991610573023e+03 2.725155054223223905e-01 5.647403269191655362e+00 5.489524737114218844e+00 5.574783665008066214e-01 1.166006554292851494e+00 4.371429757975439090e-01 
6.747544053110686302e+09 1.135772695542612564e+04 6.933435316676723232e+02 2.796204184023742976e+18 4.736283600666418351e+04 3.691971430016552135e+36 7.762986466195939683e-02 1.187931767257285438e-06 2.557908626703268383e+05 4.074919356750120968e+07 2.042409442427133172e+03 2.649420292402078214e-01 5.724807578640183969e+00 5.495149337920709698e+00 5.571247070367498777e-01 1.165546518862782488e+00 4.374126405694216402e-01 
6.985879746785234451e+09 1.175890280714059736e+04 6.803658492309010626e+02 2.796204184023742976e+18 4.614897142193774198e+04 3.757677088139384904e+36 7.772391384268079184e-02 1.125252614494127788e-06 2.488656222575522261e+05 3.755410658390060067e+07 2.030994877084317068e+03 2.575917614669121503e-01 5.802972559239227834e+00 5.500559227904793680e+00 5.567839563394131330e-01 1.165097366658211397e+00 4.376760372683555222e-01 
7.232633896483548164e+09 1.217424892942338374e+04 6.675646992231152126e+02 2.796204184023742976e+18 4.496616117471808684e+04 3.824533098750577805e+36 7.782057118876882507e-02 1.065716664633412203e-06 2.421193609786176239e+05 3.460300149252806604e+07 2.019354258054361935e+03 2.504575194027507945e-01 5.881906807370604007e+00 5.505757813454791538e+00 5.564558519943155757e-01 1.164658857372317780e+00 4.379332841302560619e-01 
7.488103857590030670e+09 1.260426584235085284e+04 6.549406843359162167e+02 2.796204184023742976e+18 4.381361320170915133e+04 3.892559601833263486e+36 7.791978876954826216e-02 1.009178800522799723e-06 2.355478719094600237e+05 3.187790700247567892e+07 2.007498378384901116e+03 2.435323786053743278e-01 5.961619094662264473e+00 5.510748747279641258e+00 5.561401233596410254e-01 1.164230754938730739e+00 4.381844986328647940e-01 
7.752597488629464149e+09 1.304947174529122822e+04 6.424942403333901666e+02 2.796204184023742976e+18 4.269055553801505448e+04 3.961777089974629691e+36 7.802151825102167371e-02 9.554996587333662375e-07 2.291470268996416999e+05 2.936210981782092154e+07 1.995437854573131290e+03 2.368096625188474968e-01 6.042118366882757385e+00 5.515535462643951448e+00 5.558365145651003036e-01 1.163812826922791643e+00 4.384297970022223989e-01 
8.026433522257173538e+09 1.351040314136956840e+04 6.302256432766541820e+02 2.796204184023742976e+18 4.159623581166817166e+04 4.032206414539153152e+36 7.812571203771484507e-02 9.045454733551227714e-07 2.229127760455751850e+05 2.704007305234638229e+07 1.983183120197447352e+03 2.302829325216678158e-01 6.123413743454462654e+00 5.520121335207980096e+00 5.555447762983500848e-01 1.163404844755230982e+00 4.386692942946724960e-01 
8.309941949353386879e+09 1.398761548399023923e+04 6.181350167703058105e+02 2.796204184023742976e+18 4.052992075066955294e+04 4.103868791949967413e+36 7.823232555245031306e-02 8.561879182237817211e-07 2.168411471142786322e+05 2.489735930227496848e+07 1.970744420240074760e+03 2.239459784046280433e-01 6.205514517179151923e+00 5.524510005549503333e+00 5.552646497434637896e-01 1.163006584183180259e+00 4.389031046378590872e-01 
8.603464416684492111e+09 1.448168384619571225e+04 6.062223383204839138e+02 2.796204184023742976e+18 3.949089570224233466e+04 4.176785810080179741e+36 7.834131313986548995e-02 8.103039483556747703e-07 2.109282449536556087e+05 2.292055818149259314e+07 1.958131804753976894e+03 2.177928093172400714e-01 6.288430153085114327e+00 5.528704799714209805e+00 5.549958950928405299e-01 1.162617824482780504e+00 4.391313406427765909e-01 
8.907354638610458374e+09 1.499320361366841098e+04 5.944874463543907268e+02 2.796204184023742976e+18 3.847846416400327143e+04 4.250979434756102809e+36 7.845263028374668823e-02 7.667756408396623322e-07 2.051702508332548023e+05 2.109721810110067576e+07 1.945355124721983202e+03 2.118176450596622462e-01 6.372170288203675703e+00 5.532709043516021552e+00 5.547382758536439917e-01 1.162238348885596517e+00 4.393541136447705608e-01 
9.221978823334341049e+09 1.552279120221035373e+04 5.829300470552760771e+02 2.796204184023742976e+18 3.749194732676629064e+04 4.326472016374296594e+36 7.856623556271362385e-02 7.254900358713925970e-07 1.995634217495468329e+05 1.941578210503768921e+07 1.932424028180204687e+03 2.060149077581239774e-01 6.456744731376585555e+00 5.536526338895249033e+00 5.544915451485344926e-01 1.161867944954851239e+00 4.395715339218985718e-01 
9.547716114208065033e+09 1.607108480056609915e+04 5.715497202836799033e+02 2.796204184023742976e+18 3.653068362869507837e+04 4.403286296634550275e+36 7.868208584049461718e-02 6.863389785170821040e-07 1.941040897245763044e+05 1.786552757298052311e+07 1.919347956720037018e+03 2.003792139521473337e-01 6.542163462082385195e+00 5.540159885267570417e+00 5.542554789963699546e-01 1.161506403639298579e+00 4.397837100200453486e-01 
9.884959046625585556e+09 1.663874513948298409e+04 5.603459263132469914e+02 2.796204184023742976e+18 3.559402832053307793e+04 4.481445415390647032e+36 7.880013964513553348e-02 6.492189613158301333e-07 1.887886610360533232e+05 1.643650958565374278e+07 1.906136142676547252e+03 1.949053669642724085e-01 6.628436630528687701e+00 5.543612957684679543e+00 5.540298526369182852e-01 1.161153519915475218e+00 4.399907491657525371e-01 
1.023411402105452728e+10 1.722645628793625292e+04 5.493180121236907780e+02 2.796204184023742976e+18 3.468135304164073750e+04 4.560972917621122405e+36 7.892035817076713256e-02 6.140309683371303005e-07 1.836136154277569440e+05 1.511950777975420095e+07 1.892797607915297931e+03 1.895883496181898220e-01 6.715574557458965366e+00 5.546889048204311834e+00 5.538144335214733038e-01 1.160809092968171807e+00 4.401927573741024058e-01 
1.059560179277614784e+10 1.783492647747830415e+04 5.384652169706910172e+02 2.796204184023742976e+18 3.379204540657905454e+04 4.641892760522049206e+36 7.904270099303693786e-02 5.806803210710962221e-07 1.785755053122692334e+05 1.390597651409245841e+07 1.879341160759465993e+03 1.844233173064368236e-01 6.803587733160024520e+00 5.549991263264183239e+00 5.536090107511100200e-01 1.160472925328901450e+00 4.403898388481783388e-01 
1.096985797892381859e+10 1.846488895570543900e+04 5.277866786448172434e+02 2.796204184023742976e+18 3.292550860198320152e+04 4.724229320724004709e+36 7.916712942386368301e-02 5.490765262239959984e-07 1.736709549163631164e+05 1.278799816300333850e+07 1.865775394265081786e+03 1.794055913033684724e-01 6.892486817717966119e+00 5.552922797527738652e+00 5.534133717145695019e-01 1.160144823507639922e+00 4.405820964063717482e-01 
1.135733358343102837e+10 1.911710286987065774e+04 5.172814392500972644e+02 2.796204184023742976e+18 3.208116099347660565e+04 4.808007401635387139e+36 7.929360708867154439e-02 5.191331258917283586e-07 1.688966594140959787e+05 1.175823937841883674e+07 1.852108685127661829e+03 1.745306523841800572e-01 6.982282640909273752e+00 5.555687015360114778e+00 5.532272980346720770e-01 1.159824598081399039e+00 4.407696315455258418e-01 
1.175849554052158165e+10 1.979235418170735284e+04 5.069484503748297470e+02 2.796204184023742976e+18 3.125843574238074871e+04 4.893252240914310380e+36 7.942209612278720854e-02 4.907675503595141875e-07 1.642493840539139928e+05 1.080991015867262892e+07 1.838349194023121981e+03 1.697941347436451587e-01 7.072986201402211570e+00 5.558286917873572541e+00 5.530505915163309583e-01 1.159512062912276376e+00 4.409525439083816223e-01 
1.217382727739661980e+10 2.049145661456585003e+04 4.967865788444364625e+02 2.796204184023742976e+18 3.045678043198329033e+04 4.979989518071256297e+36 7.955256048644705757e-02 4.639009735567952557e-07 1.597259632386194717e+05 9.936725561179649085e+06 1.824504866883174373e+03 1.651918201279986842e-01 7.164608667187554403e+00 5.560725609981404638e+00 5.528830512056525093e-01 1.159207035768370586e+00 4.411309317215467152e-01 
1.260382929679727364e+10 2.121525263400539188e+04 4.867946119617785712e+02 2.796204184023742976e+18 2.967565670312968723e+04 5.068245362204943235e+36 7.968496605634506347e-02 4.384581715196608601e-07 1.553232995999245031e+05 9.132869916673202068e+06 1.810583432898981755e+03 1.607196322364889962e-01 7.257161375547302562e+00 5.563006313708299011e+00 5.527244726766143978e-01 1.158909338309293435e+00 4.413048918021416633e-01 
1.304901978014401627e+10 2.196461446302160402e+04 4.769712622638293738e+02 2.796204184023742976e+18 2.891453989891300080e+04 5.158046359873519845e+36 7.981927738307210973e-02 4.143673840014496016e-07 1.510383630681533250e+05 8.392963400841737166e+06 1.796592405627685594e+03 1.563736313786021070e-01 7.350655832478902418e+00 5.565131915918079208e+00 5.525746699828658626e-01 1.158618795403001833e+00 4.414745191039012862e-01 
1.350993521198025131e+10 2.274044513313407515e+04 4.673151727562156452e+02 2.796204184023742976e+18 2.817291871823811380e+04 5.249419563103623082e+36 7.995546094670943904e-02 3.915601792283666019e-07 1.468681899044509919e+05 7.712030821496134624e+06 1.782539084770430463e+03 1.521500093175163770e-01 7.445103713306769677e+00 5.567105425532852259e+00 5.524334532733972125e-01 1.158335235734168966e+00 4.416399071615493277e-01 
1.398713102647235870e+10 2.354367957260022740e+04 4.578249216079791495e+02 2.796204184023742976e+18 2.745029487804397286e+04 5.342392497539642666e+36 8.009348470021374067e-02 3.699713220522297999e-07 1.428098817338823283e+05 7.085472495835766196e+06 1.768430557689618126e+03 1.480450843519734716e-01 7.540516862715699098e+00 5.568929910410643558e+00 5.523006318044260121e-01 1.158058491674573975e+00 4.418011480288140391e-01 
1.448118227674535942e+10 2.437528573306697945e+04 4.484990264934370430e+02 2.796204184023742976e+18 2.674618278397183167e+04 5.436993170735673630e+36 8.023331547289511145e-02 3.495386455532502104e-07 1.388606045742297429e+05 6.509037091521691531e+06 1.754273699633915157e+03 1.440552966148116176e-01 7.636907294426983128e+00 5.570608137218082234e+00 5.521760313657765318e-01 1.157788398718951672e+00 4.419583319153125855e-01 
1.499268432786047173e+10 2.523626575601734658e+04 4.393359493097843256e+02 2.796204184023742976e+18 2.606010920927295228e+04 5.533250080592580100e+36 8.037492214287850212e-02 3.302029260681272885e-07 1.350175878363514203e+05 5.978796309692511335e+06 1.740075176329860824e+03 1.401772035353222867e-01 7.734287191992141430e+00 5.572143015266011190e+00 5.520594726128946750e-01 1.157524796077969986e+00 4.421115476326081262e-01 
1.552225357427047920e+10 2.612765718041906075e+04 4.303341003321260132e+02 2.796204184023742976e+18 2.539161298175267802e+04 5.631192223942893343e+36 8.051827457028999657e-02 3.119077618133247643e-07 1.312781233310743119e+05 5.491121301008453593e+06 1.725841446855118193e+03 1.364074755131265693e-01 7.832668908872959967e+00 5.573537448952533779e+00 5.519507781773150823e-01 1.157267526420689530e+00 4.422608824512926362e-01 
1.607052818261638451e+10 2.705053419302859038e+04 4.214918421508463098e+02 2.796204184023742976e+18 2.474024467855505281e+04 5.730849105285889345e+36 8.066334173434169807e-02 2.945994550871020781e-07 1.276395642717970331e+05 5.042660705587004311e+06 1.711578765582504275e+03 1.327428917741347580e-01 7.932064968399058280e+00 5.574794081339922158e+00 5.518497850318959674e-01 1.157016435450534786e+00 4.424064218419359595e-01 
1.663816886076127434e+10 2.800600892285868395e+04 4.128074938841243693e+02 2.796204184023742976e+18 2.410556632859427555e+04 5.832250745675665740e+36 8.081009479547505980e-02 2.782268980126797600e-07 1.240993242570629518e+05 4.630320213416611776e+06 1.697293184038991967e+03 1.291803363717538566e-01 8.032488064741704292e+00 5.575915720649359031e+00 5.517563237187504965e-01 1.156771372478829996e+00 4.425482499176744966e-01 
1.722585965398783875e+10 2.899523278136879526e+04 4.042793348093684926e+02 2.796204184023742976e+18 2.348715112244544434e+04 5.935427691764794747e+36 8.095850535879176024e-02 2.627414619263394126e-07 1.206548762646502000e+05 4.251243551871617325e+06 1.682990553137759434e+03 1.257167943764508355e-01 8.133951063017574867e+00 5.576905100823993600e+00 5.516702299066322812e-01 1.156532190026364981e+00 4.426864491981454819e-01 
1.783430876931905746e+10 3.001939784999353651e+04 3.959056079142815179e+02 2.796204184023742976e+18 2.288458312951084008e+04 6.040411025006339486e+36 8.110854443200807284e-02 2.480968903407760183e-07 1.173037516408753290e+05 3.902794807114036754e+06 1.668676526590211779e+03 1.223493482167072183e-01 8.236466999558656354e+00 5.577764740045496161e+00 5.515913511725093477e-01 1.156298743560843834e+00 4.428211004685442820e-01 
1.846424942895546341e+10 3.107973831668125422e+04 3.876845236240570785e+02 2.796204184023742976e+18 2.229745702228258597e+04 6.147232371016965558e+36 8.126018534746203004e-02 2.342491954402734469e-07 1.140435390776295972e+05 3.582541992566399276e+06 1.654356563922437999e+03 1.190751741499070648e-01 8.340049083060884882e+00 5.578497345653526729e+00 5.515195273185921065e-01 1.156070892045982790e+00 4.429522832132512522e-01 
1.911644075385703659e+10 3.217753196317323454e+04 3.796142629330922205e+02 2.796204184023742976e+18 2.172537780752706021e+04 6.255923909103924654e+36 8.141340130102325823e-02 2.211565581593274378e-07 1.108718836052339757e+05 3.288241785268286243e+06 1.640035935155216976e+03 1.158915389015874736e-01 8.444710694684532726e+00 5.579105476258793495e+00 5.514546066851069295e-01 1.155848497389531104e+00 4.430800752747463545e-01 
1.979166867853557205e+10 3.331410170481757814e+04 3.716929805932186923e+02 2.796204184023742976e+18 2.116796056421930552e+04 6.366518381958957279e+36 8.156816521447879387e-02 2.087792317358518894e-07 1.077864855795904587e+05 3.017825351311775390e+06 1.625719723405313289e+03 1.127957964288348464e-01 8.550465388669358902e+00 5.579591525630795523e+00 5.513964468614229730e-01 1.155631424363167348e+00 4.432045528451736272e-01 
2.049074689815846252e+10 3.449081718477088725e+04 3.639188083810364560e+02 2.796204184023742976e+18 2.062483018806213659e+04 6.479049105521788653e+36 8.172445248602840107e-02 1.970794486949463266e-07 1.047850996641665261e+05 2.769385188164195046e+06 1.611412826060422731e+03 1.097853848010546807e-01 8.657326893649612387e+00 5.579958101692742645e+00 5.513448962913969353e-01 1.155419541121458060e+00 4.433257908852009099e-01 
2.121451784910627747e+10 3.570909642451067339e+04 3.562898577594275480e+02 2.796204184023742976e+18 2.009562114242616735e+04 6.593549979016374678e+36 8.188223775728822873e-02 1.860213312745860105e-07 1.018655338314289402e+05 2.541162917359281797e+06 1.597119959203831513e+03 1.068578232317825560e-01 8.765309112721419993e+00 5.580207584835189749e+00 5.512998155939129452e-01 1.155212718484567747e+00 4.434438626668426586e-01 
2.196385372416542435e+10 3.697040753264690284e+04 3.488042227295094335e+02 2.796204184023742976e+18 1.957997721555237149e+04 6.710055495162837642e+36 8.204149575606384248e-02 1.755708051571192235e-07 9.902564835733649670e+04 2.331537961531351320e+06 1.582845663578834092e+03 1.040107092105035658e-01 8.874426124437082564e+00 5.580342246267995243e+00 5.512610717777313152e-01 1.155010830060429150e+00 4.435588399116147107e-01 
2.273965752357932281e+10 3.827627047409196530e+04 3.414599826674240148e+02 2.796204184023742976e+18 1.907755128386215074e+04 6.828600750568230865e+36 8.220220384369687772e-02 1.656955164655518020e-07 9.626335481708811130e+04 2.139017046266715042e+06 1.568594304584454221e+03 1.012417157415584357e-01 8.984692184275969495e+00 5.580364596815512890e+00 5.512285213315311072e-01 1.154813752727397613e+00 4.436707931887022283e-01 
2.354286414322420120e+10 3.962825890172019717e+04 3.342552045490976980e+02 2.796204184023742976e+18 1.858800508122388055e+04 6.949221456299100284e+36 8.236433797304276716e-02 1.563647520057754789e-07 9.357661510331142927e+04 1.962224471360966330e+06 1.554370076352193564e+03 9.854858871903314499e-02 9.096121724647389328e+00 5.580276837673531887e+00 5.512020367309568014e-01 1.154621365741478778e+00 4.437797913318740073e-01 
2.437444150122221756e+10 4.102800205272666062e+04 3.271879454937397327e+02 2.796204184023742976e+18 1.811100897402744158e+04 7.071953948639351703e+36 8.252787457555989248e-02 1.475493626012257953e-07 9.096344043584832980e+04 1.799893096603208920e+06 1.540177006602253641e+03 9.592914438033434132e-02 9.208729356298830382e+00 5.580081120394290828e+00 5.511814938200157998e-01 1.154433551078517084e+00 4.438859017372683846e-01 
2.523539170434766006e+10 4.247718671196715877e+04 3.202562552018094948e+02 2.796204184023742976e+18 1.764624174192397186e+04 7.196835200036259473e+36 8.269279287510701570e-02 1.392216894842569525e-07 8.842189037854329217e+04 1.650855993374561192e+06 1.526018960424776196e+03 9.338126685842453034e-02 9.322529869930447077e+00 5.579779861492013104e+00 5.511667565694842175e-01 1.154250193874212460e+00 4.439891907350334566e-01 
2.612675225563326645e+10 4.397755924464781856e+04 3.134581777789592820e+02 2.796204184023742976e+18 1.719339036408919856e+04 7.323902830238237506e+36 8.285907001326411891e-02 1.313554937034370025e-07 8.595007188084682275e+04 1.514038716242066119e+06 1.511899645416241810e+03 9.090290585688087788e-02 9.437538236101413958e+00 5.579375083879265063e+00 5.511577088563804905e-01 1.154071181348101716e+00 4.440897228722690548e-01 
2.704959730463131714e+10 4.553092770081294293e+04 3.067917540028040548e+02 2.796204184023742976e+18 1.675214981087362685e+04 7.453195117627556646e+36 8.302668408908117637e-02 1.239258883836826960e-07 8.354613830931612756e+04 1.388452149254457559e+06 1.497822612978852703e+03 8.849207438468317810e-02 9.553769607102681860e+00 5.578868831355914715e+00 5.511542343946235212e-01 1.153896403393391390e+00 4.441875613911136500e-01 
2.800503894183625412e+10 4.713916399416715285e+04 3.002550234385913086e+02 2.796204184023742976e+18 1.632222284070563546e+04 7.584751010751479359e+36 8.319561590576050880e-02 1.169092732832797823e-07 8.120828877070121234e+04 1.273185885992740514e+06 1.483791262175668862e+03 8.614684786058160459e-02 9.671239196364808777e+00 5.578263378663194771e+00 5.511562079203826681e-01 1.153725758463516993e+00 4.442827568997238519e-01 
2.899422853882881165e+10 4.880420615785781411e+04 2.938460258090780144e+02 2.796204184023742976e+18 1.590331980211670270e+04 7.718610140055313367e+36 8.336584386891036924e-02 1.102832737753704063e-07 7.893476661308070470e+04 1.167402111554187723e+06 1.469808844953303378e+03 8.386535944713038870e-02 9.789962513077290041e+00 5.577560597328957037e+00 5.511635230950271414e-01 1.153559141465058113e+00 4.443753693114293468e-01 
3.001835813575592041e+10 5.052806067993483157e+04 2.875628029709758380e+02 2.796204184023742976e+18 1.549515844076179928e+04 7.854812829820780790e+36 8.353734765248380101e-02 1.040266812430672909e-07 7.672385846345168829e+04 1.070329941288773902e+06 1.455878467954181588e+03 8.164579793490256421e-02 9.909955399152529765e+00 5.576762456701219506e+00 5.511760679968209509e-01 1.153396443423025941e+00 4.444654710632259809e-01 
3.107866187782014084e+10 5.231280492130517086e+04 2.814034007614949360e+02 2.796204184023742976e+18 1.509746371130960324e+04 7.993400110313564511e+36 8.371010934632740208e-02 9.811939493835922555e-08 7.457389393907284830e+04 9.812601854295785306e+05 1.442003097822987229e+03 7.948640871882585446e-02 1.003123374724311923e+01 5.575871118519587277e+00 5.511937236691645259e-01 1.153237564483921673e+00 4.445531204809270442e-01 
3.217641750250735474e+10 5.416058961909202480e+04 2.753658701705601288e+02 2.796204184023742976e+18 1.470996759408237449e+04 8.134413730143376383e+36 8.388410871687351777e-02 9.254236815827093245e-08 7.248324442352188635e+04 8.995405158895013155e+05 1.428185565308896003e+03 7.738549047917563095e-02 1.015381363724039510e+01 5.574888334247180666e+00 5.512163916485096626e-01 1.153082406536061200e+00 4.446383741703703318e-01 
3.331294787934670258e+10 5.607364147841822705e+04 2.694482690213280307e+02 2.796204184023742976e+18 1.433240891632626517e+04 8.277896168840496351e+36 8.405932685735041654e-02 8.727755614961269985e-08 7.045032215987017844e+04 8.245709988910066895e+05 1.414428569456360492e+03 7.534139338421486087e-02 1.027771133876926868e+01 5.573815935716236680e+00 5.512439702339909653e-01 1.152930873942679790e+00 4.447212876132897175e-01 
3.448962260405752563e+10 5.805426585573602642e+04 2.636486633776254962e+02 2.796204184023742976e+18 1.396453317799685101e+04 8.423890649652490733e+36 8.423574705433339860e-02 8.230786634247536741e-08 6.847357936190694454e+04 7.557999691225789720e+05 1.400734679967192051e+03 7.335251737080852874e-02 1.040294331296566099e+01 5.572655950392997326e+00 5.512763488873110296e-01 1.152782873687776544e+00 4.448019153313790275e-01 
3.570785964900469971e+10 6.010484953693725402e+04 2.579651285600171491e+02 2.796204184023742976e+18 1.360609238194717182e+04 8.572441152564967828e+36 8.441335034688920991e-02 7.761711083490384717e-08 6.655150734752263816e+04 6.927202203789026244e+05 1.387106338177628913e+03 7.141731050650973467e-02 1.052952621268115685e+01 5.571410013460982746e+00 5.513134366098433325e-01 1.152638314370070471e+00 4.448803101986540387e-01 
3.696912707195031738e+10 6.222786361359026341e+04 2.523957505581856253e+02 2.796204184023742976e+18 1.325684486840852151e+04 8.723592427550234935e+36 8.459211915269988780e-02 7.318996100280753014e-08 6.468263566842072760e+04 6.348654886369588785e+05 1.373545862206209449e+03 6.953426738608639579e-02 1.065747688516140634e+01 5.570079851827662409e+00 5.513551385333052002e-01 1.152497106941195781e+00 4.449565240413808631e-01 
3.827494478516314697e+10 6.442586646077330079e+04 2.469386271770981978e+02 2.796204184023742976e+18 1.291655515365613974e+04 8.877390008048062044e+36 8.477203787527501366e-02 6.901190419542417787e-08 6.286553125863785681e+04 5.818072065278015798e+05 1.360055452393095266e+03 6.770192759786482217e-02 1.078681237390220815e+01 5.568667364251918883e+00 5.514013520169949167e-01 1.152359164798643976e+00 4.450306077623968348e-01 
3.962688638701478577e+10 6.670150682008796139e+04 2.415918688483251628e+02 2.796204184023742976e+18 1.258499377275608458e+04 9.033880224682298215e+36 8.495308874258548915e-02 6.506920243954089776e-08 6.109879760423415428e+04 5.331515090050467988e+05 1.346637196137955925e+03 6.591887426096143532e-02 1.091754991903064820e+01 5.567174074427867936e+00 5.514519930585757290e-01 1.152224402832249250e+00 4.451026106891479706e-01 
4.102658105827190399e+10 6.905752699157160532e+04 2.363535998036704200e+02 2.796204184023742976e+18 1.226193712629043330e+04 9.193110219217719466e+36 8.513525540277780412e-02 6.134885303946377961e-08 5.938107391152398486e+04 4.885364709268877632e+05 1.333293066762208355e+03 6.418373259252542484e-02 1.104970696016462028e+01 5.565601607472420831e+00 5.515069732428086180e-01 1.152092738166117236e+00 4.451725811765492868e-01 
4.247571552536894226e+10 7.149676613835382159e+04 2.312219590090076906e+02 2.796204184023742976e+18 1.194716733096169264e+04 9.355127958761214265e+36 8.531852330978344223e-02 5.783855103611735759e-08 5.771103429478930775e+04 4.476295596773530124e+05 1.320024932293915981e+03 6.249516853355369106e-02 1.118330113906875489e+01 5.563951740324057482e+00 5.515661972722802897e-01 1.151964090291413445e+00 4.452405667492527197e-01 
4.397603609302712250e+10 7.402216370803931204e+04 2.261951007256703576e+02 2.796204184023742976e+18 1.164047207397910279e+04 9.519982250211585082e+36 8.550287579849011332e-02 5.452665342412078636e-08 5.608738698286973522e+04 4.101252863852016744e+05 1.306834555542879571e+03 6.085188745665976590e-02 1.131835029733143472e+01 5.562225889777126397e+00 5.516295877189579810e-01 1.151838379815371072e+00 4.453066132675299604e-01 
4.552935074866938019e+10 7.663676297494048777e+04 2.212711955762059972e+02 2.796204184023742976e+18 1.134164447113220194e+04 9.687722754962351917e+36 8.568829765290349176e-02 5.140214509499035357e-08 5.450887352878940874e+04 3.757430409072276088e+05 1.293723594421025609e+03 5.925263285952749731e-02 1.145487248369575894e+01 5.560425581784671500e+00 5.516970622926388179e-01 1.151715529720637843e+00 4.453707658507360390e-01 
4.713753134116728973e+10 7.934371470742842939e+04 2.164469986726431898e+02 2.796204184023742976e+18 1.105048292845917604e+04 9.858400003861973195e+36 8.584568499407663200e-02 4.845466760903283813e-08 5.297431395681525464e+04 3.442258296881452552e+05 1.280694544416297958e+03 5.769626228159721593e-02 1.159287578803040653e+01 5.554781945566878321e+00 5.519511584397348569e-01 1.151588925661476859e+00 4.454281856582729127e-01 
4.880251583654433441e+10 8.214628096481988905e+04 2.117098095045188870e+02 2.796204184023742976e+18 1.076679100742005903e+04 1.003206541243588293e+37 8.575794313548179559e-02 4.567481904533396657e-08 5.148286401430231490e+04 3.153421540573406382e+05 1.267756078478445943e+03 5.618217342461385294e-02 1.173229827609778830e+01 5.517320193705201881e+00 5.537549011695512835e-01 1.151407220129191167e+00 4.454404890028793029e-01 
5.052631065335679626e+10 8.504783902838063659e+04 2.070548692991752375e+02 2.796204184023742976e+18 1.049037729348635366e+04 1.020877129637524713e+37 8.540288263612254294e-02 4.305337479231444207e-08 5.003347824302276422e+04 2.888752875269893557e+05 1.254910019645500370e+03 5.470942634035552005e-02 1.187311760211445666e+01 5.445743331401024179e+00 5.572603391889668911e-01 1.151152976144877105e+00 4.453927520110119165e-01 
5.231099308056258392e+10 8.805188547117575945e+04 2.024789572116896181e+02 2.796204184023742976e+18 1.022105526806207490e+04 1.038857088729668139e+37 8.481880797928949278e-02 4.058162362974386451e-08 4.862513941897947370e+04 2.646261594313748647e+05 1.242142024032854579e+03 5.327708252712009401e-02 1.201531290951657382e+01 5.345780096154097549e+00 5.622576221251869288e-01 1.150815970441873670e+00 4.452723889835948912e-01 
5.415871378079464722e+10 9.116204037167616480e+04 1.979865916657890068e+02 2.796204184023742976e+18 9.958643183651978688e+03 1.057151834877797298e+37 8.413788871685135007e-02 3.825114268074056887e-08 4.725670213366709504e+04 2.424098816677512368e+05 1.229456116610069103e+03 5.188395728316749778e-02 1.215890239249219107e+01 5.234881505049726158e+00 5.679386418389339442e-01 1.150426044728567243e+00 4.450906522166963031e-01 
5.607169938205469513e+10 9.438205167619766144e+04 1.935768568687316815e+02 2.796204184023742976e+18 9.702963942195654454e+03 1.075766879267457961e+37 8.338590715313760893e-02 3.605415027194966325e-08 4.592721203718135075e+04 2.220587255258304649e+05 1.216967465314875881e+03 5.052918096223064925e-02 1.230385983974387720e+01 5.116660634768433802e+00 5.741584982669371007e-01 1.149987907309108159e+00 4.448395820650544175e-01 
5.805225516094907379e+10 9.771579971542734711e+04 1.892466111260808361e+02 2.796204184023742976e+18 9.453844976488058819e+03 1.094707829572165423e+37 8.255995597608960235e-02 3.398339562109975053e-08 4.463582641169267299e+04 2.034196238550820854e+05 1.204759503477744602e+03 4.921202581853646729e-02 1.245013767832449858e+01 4.991099061561810935e+00 5.809554042222663250e-01 1.149495527606466672e+00 4.445013946075390687e-01 
6.010276782070388031e+10 1.011673018804859312e+05 1.849926900399225076e+02 2.796204184023742976e+18 9.211118134608432229e+03 1.113980391642697470e+37 8.165487389093470383e-02 3.203210321699701149e-08 4.338179243228948326e+04 1.863525941756732936e+05 1.193019192205968920e+03 4.793186149633883730e-02 1.259767166512313352e+01 4.857943225261484699e+00 5.883862728213488102e-01 1.148944025619316189e+00 4.440537785697147299e-01 
6.222570836730231476e+10 1.047407174641533493e+05 1.808118385306487141e+02 2.796204184023742976e+18 8.974619567282561547e+03 1.133590371225938847e+37 8.066540744955376374e-02 3.019394202180673778e-08 4.216445889165426343e+04 1.707296081763756520e+05 1.180398820787304885e+03 4.668819152609889750e-02 1.274637052834959938e+01 4.716981554175869285e+00 5.965129393781691824e-01 1.148329803323451470e+00 4.434684667437979733e-01 
6.442363508721369934e+10 1.084403526730973244e+05 1.767008588677524870e+02 2.796204184023742976e+18 8.744189618104157489e+03 1.153543675713831533e+37 7.958548772539567051e-02 2.846304814363873571e-08 4.098327708602180792e+04 1.564337964674250979e+05 1.167948457646858287e+03 4.548057160394401721e-02 1.289613454313548857e+01 4.567968585776801760e+00 6.054079910982033130e-01 1.147651655208150823e+00 4.427117308511190341e-01 
6.669919663030114746e+10 1.122706658171427553e+05 1.726567445211655638e+02 2.796204184023742976e+18 8.519672716543498609e+03 1.173846315922943531e+37 7.840837055482346996e-02 2.683401198277426926e-08 3.983783945269940159e+04 1.433586431961314229e+05 1.155868494454518441e+03 4.430869881381708369e-02 1.304683602971014800e+01 4.410652078503234819e+00 6.151554998908309591e-01 1.146913206497269133e+00 4.417418717047721932e-01 
6.905513520162316895e+10 1.162362726818354713e+05 1.686767709443767274e+02 2.796204184023742976e+18 8.300917273673225282e+03 1.194504407905188278e+37 7.712710956785509553e-02 2.530189104566412738e-08 3.872788318266558781e+04 1.314072226737596502e+05 1.144334367174329145e+03 4.317233838798800738e-02 1.319833810552101916e+01 4.244841996341699897e+00 6.258485721672898405e-01 1.146124171926416579e+00 4.405093276519238543e-01 
7.149428986597561646e+10 1.203419520907750266e+05 1.647589139478633911e+02 2.796204184023742976e+18 8.087775580542767784e+03 1.215524174790254517e+37 7.573394020607275567e-02 2.386224237889114490e-08 3.765332101756749034e+04 1.204916731953915732e+05 1.133681684013485210e+03 4.207129525041228973e-02 1.335050920844324196e+01 4.070354617773983996e+00 6.375962629713022300e-01 1.145304907605157796e+00 4.389562607368319713e-01 
7.401959996915652466e+10 1.245926516644199291e+05 1.609021395899792424e+02 2.796204184023742976e+18 7.880103709134698875e+03 1.236911948660286377e+37 7.422096322398709367e-02 2.251113792126617645e-08 3.661425737286933145e+04 1.105325461871444277e+05 1.124664507879547955e+03 4.100534931898595914e-02 1.350325009863569115e+01 3.887106744473970643e+00 6.505206013103079776e-01 1.144490154706549356e+00 4.370168878151582392e-01 
7.663410868007463074e+10 1.289934937823015207e+05 1.571069758854223721e+02 2.796204184023742976e+18 7.677761415838026551e+03 1.258674172457378250e+37 7.258004417393271179e-02 2.124522307453178984e-08 3.561098616187656444e+04 1.014583491862131341e+05 1.118757175389799613e+03 3.997403432123425998e-02 1.365657541973706124e+01 3.695124438983404591e+00 6.647599387396213588e-01 1.143734534056103147e+00 4.346212937501791607e-01 
7.934096665797491455e+10 1.335497817558398528e+05 1.533761585588290473e+02 2.796204184023742976e+18 7.480612047374656868e+03 1.280817401924487715e+37 7.080314037823320916e-02 2.006175449282002339e-08 3.464400388899686368e+04 9.320505898714356590e+04 1.101783231555362590e+03 3.897647859630627015e-02 1.381069409083541366e+01 3.494596028108770458e+00 6.804699341493481990e-01 1.143119871064796289e+00 4.316988115102113333e-01 
8.214343584919421387e+10 1.382670062191894394e+05 1.497157074947147066e+02 2.796204184023742976e+18 7.288522449117572251e+03 1.303348307580305354e+37 6.888228613657586263e-02 1.895868358811043637e-08 3.371399254984711297e+04 8.571579559621047520e+04 1.090064395607680581e+03 3.801103155896033009e-02 1.396617528194005153e+01 3.285892147637220262e+00 6.978286181358829277e-01 1.142765517011628207e+00 4.281868925531169823e-01 
8.504489341802668762e+10 1.431508517458239221e+05 1.461359863482085188e+02 2.796204184023742976e+18 7.101362875740065647e+03 1.326273676728711893e+37 6.681034119112698455e-02 1.793472014840282417e-08 3.282176676596439938e+04 7.894035133770346874e+04 1.082842705248430320e+03 3.707477597286443910e-02 1.412418127533497625e+01 3.069660396251235213e+00 7.170354776225896787e-01 1.142838604530972635e+00 4.240438178831003602e-01 
8.804883581643446350e+10 1.482072036988303880e+05 1.426531792024460685e+02 2.796204184023742976e+18 6.919006904137292622e+03 1.349600415503413891e+37 6.458150342489120399e-02 1.698941311025165477e-08 3.196818778856503559e+04 7.283479294235492125e+04 1.083260504884931152e+03 3.616287508162386449e-02 1.428680059088079979e+01 2.846884564639096116e+00 7.383143567786168981e-01 1.143567756079591602e+00 4.192670178302175810e-01 
9.115888299750837708e+10 1.534421553231693106e+05 1.392912816859225131e+02 2.796204184023742976e+18 6.741331348562766834e+03 1.373335550948378521e+37 6.219185628136831429e-02 1.612323788876957024e-08 3.115403820579060630e+04 6.736108991551250801e+04 1.075844501698562226e+03 3.526777467724832166e-02 1.445749525477550357e+01 2.618931986273467682e+00 7.619196293399995712e-01 1.145261533378958640e+00 4.139172946085685756e-01 
9.437878277775390625e+10 1.588620150884428294e+05 1.360841239886628955e+02 2.796204184023742976e+18 6.568216177923926807e+03 1.397486233134679444e+37 5.964054986353607701e-02 1.533764220989952869e-08 3.037982290693545292e+04 6.248651962176876987e+04 1.062988408599700733e+03 3.437829911658338289e-02 1.464167046111222703e+01 2.387632526955478784e+00 7.881390627626760903e-01 1.148327258916190363e+00 4.081484649108910179e-01 
9.771241535346501160e+10 1.644733142910298484e+05 1.330780690381184286e+02 2.796204184023742976e+18 6.399544435181973313e+03 1.422059737314429549e+37 5.693069218190054126e-02 1.463507780580635627e-08 2.964553741207018174e+04 5.818310027599072782e+04 1.080486851873409933e+03 3.347882613249251321e-02 1.484734622035040452e+01 2.155288879351151543e+00 8.173070524857097841e-01 1.153297702308111683e+00 4.022402520489599120e-01 
1.011637979766206970e+11 1.702828149247356923e+05 1.303349555959246970e+02 2.796204184023742976e+18 6.235202158803150269e+03 1.447063466112398187e+37 5.407071274912569891e-02 1.401895618962922367e-08 2.895038211912314000e+04 5.442675909388552100e+04 1.061142802400998107e+03 3.254876370042553840e-02 1.508589667961467207e+01 1.924675026310430193e+00 8.498220866344230462e-01 1.160862601689424789e+00 3.966324726212257512e-01 
1.047370897959448700e+11 1.762975178294513607e+05 1.279357648980432742e+02 2.796204184023742976e+18 6.075078306209339644e+03 1.472504951756011082e+37 5.107548948661248117e-02 1.349354307470023912e-08 2.829247425786975509e+04 5.119640013818491570e+04 1.112554532658624112e+03 3.156269388144974236e-02 1.537280192956787950e+01 1.698952491592668590e+00 8.861820207993608145e-01 1.171912364624339009e+00 3.919584949016287623e-01 
1.084365968689608612e+11 1.825246711276373244e+05 1.259851047601012652e+02 2.796204184023742976e+18 5.919064679177527069e+03 1.498391858344388394e+37 4.796728435211923547e-02 1.306378203915074993e-08 2.766856654663527661e+04 4.847279710161159892e+04 1.089412162025527778e+03 3.049146761061259647e-02 1.572840243710645503e+01 1.481516673513151527e+00 9.270416975024872164e-01 1.187596704807793335e+00 3.890816904026876411e-01 
1.122667773510811310e+11 1.889717789587998996e+05 1.246171993499128803e+02 2.796204184023742976e+18 5.767055851138788057e+03 1.524731984157113949e+37 4.477611211432072635e-02 1.273508133422076534e-08 2.707380361759885636e+04 4.623740935720140988e+04 1.100865172054909181e+03 2.930443651819017448e-02 1.617870959615916249e+01 1.275767712537355436e+00 9.733042739165786994e-01 1.209406994635707555e+00 3.891460930392186546e-01 
1.162322468679849396e+11 1.956466105224850180e+05 1.240042134334801744e+02 2.796204184023742976e+18 5.618949096328781707e+03 1.551533264003415401e+37 4.153926168729867724e-02 1.251313806456062155e-08 2.650149372948459131e+04 4.447122423376340885e+04 1.152950782781246517e+03 2.797255251864275497e-02 1.675653936845698055e+01 1.084831433363289355e+00 1.026253859744790997e+00 1.239289749535932073e+00 3.936688283398592780e-01 
1.203377840777590485e+11 2.025572094406883989e+05 1.243685515009652960e+02 2.796204184023742976e+18 5.474644320742822856e+03 1.578803771612488724e+37 3.829973294166507530e-02 1.240392099012644570e-08 2.594285262088306263e+04 4.315381697159846954e+04 1.133105346905719443e+03 2.647167784698104334e-02 1.750350295406230927e+01 9.112719478920441318e-01 1.087736829673140893e+00 1.279804134185435149e+00 4.047245481174871484e-01 
1.245883364295008087e+11 2.097119034509588964e+05 1.260023257250695679e+02 2.796204184023742976e+18 5.334043994849987030e+03 1.606551722065644930e+37 3.510355634918704837e-02 1.241406270089451443e-08 2.538651458926948908e+04 4.226292092084825708e+04 1.165945790369710721e+03 2.478463784039334344e-02 1.847416220536526765e+01 7.568544719544149091e-01 1.160395743176679817e+00 1.334340527529070508e+00 4.253325772457104970e-01 
1.289890261253308105e+11 2.171193144418885931e+05 1.292973376992939620e+02 2.796204184023742976e+18 5.197053088021425538e+03 1.634785474271075904e+37 3.199652135302229194e-02 1.255189051782100113e-08 2.481757054057959976e+04 4.177446561678012222e+04 1.216995572901970945e+03 2.290107806451668546e-02 1.974449028089026470e+01 6.224193468284682229e-01 1.247943479000383604e+00 1.407406685333951968e+00 4.602548126353683822e-01 
1.335451562929897461e+11 2.247883688430664479e+05 1.347960385619247461e+02 2.796204184023742976e+18 5.063579004629810697e+03 1.663513533481914658e+37 2.902069417984994015e-02 1.282979644487429944e-08 2.421546776836586287e+04 4.166343990756290441e+04 1.269602171636845242e+03 2.081354694240639472e-02 2.143011113664261202e+01 5.078920143832337253e-01 1.355474744701778533e+00 1.505007720957748596e+00 5.177638678568523556e-01 
1.382622173764653625e+11 2.327283083820286265e+05 1.432827387300566500e+02 2.796204184023742976e+18 4.933531521777327725e+03 1.692744553858393759e+37 2.621155222059536397e-02 1.326931177060487767e-08 2.354941077790936106e+04 4.190549152770457295e+04 1.301702471432771517e+03 1.850883195107076024e-02 2.372780930575481761e+01 4.124395815842627488e-01 1.489769992995141568e+00 1.635108954504208567e+00 6.139517510696939073e-01 
1.431458937523481445e+11 2.409487012211640249e+05 1.559645183465584353e+02 2.796204184023742976e+18 4.806822728610999548e+03 1.722487341074869529e+37 2.359632752941702091e-02 1.391311648749744561e-08 2.276723317846788996e+04 4.247928247430890042e+04 1.452620314033768182e+03 1.595120954071423819e-02 2.702333087138777401e+01 3.347727109951996738e-01 1.659388519816209273e+00 1.808019182770635336e+00 7.851043170398903648e-01 
1.482020705798860168e+11 2.494594534879911516e+05 1.749007222285758871e+02 2.796204184023742976e+18 4.683366967185213070e+03 1.752750854972459605e+37 2.119378719173028655e-02 1.486031295049469046e-08 2.176319442934148174e+04 4.337036659456570487e+04 1.444097658177523499e+03 1.304449423653092702e-02 3.224161059858528233e+01 2.736748722212546947e-01 1.873573827752750498e+00 2.035745524779180471e+00 1.133761730264057022e+00 
1.534368408930013123e+11 2.582708212127153529e+05 2.043544302045543759e+02 2.796204184023742976e+18 4.563080774831961207e+03 1.783544212258168161e+37 1.901597552337060473e-02 1.641978112545871227e-08 2.024529956834705081e+04 4.457938436603658192e+04 1.530186434817964937e+03 9.503695941828187860e-03 4.257262773821693003e+01 2.295612970654156704e-01 2.132742581094270840e+00 2.322651027908520849e+00 2.104852114171866351e+00 
1.588565129428052673e+11 2.673934226874327287e+05 2.597725714796869170e+02 2.796204184023742976e+18 4.445882828000877453e+03 1.814876689251225127e+37 1.707505493493854942e-02 2.135672823464770401e-08 1.612006347040477340e+04 4.616830860478798422e+04 1.657820788300651202e+03 3.688525547425490145e-03 9.743773779179771566e+01 2.258274376527055483e-01 2.242133366883086953e+00 2.462148800771406520e+00 1.372956643559547096e+01 
1.644676177994662781e+11 2.768382512618888286e+05 3.131319564537452607e+02 2.796204184023742976e+18 4.331693887531542714e+03 1.846757724677526723e+37 1.538055637870786203e-02 5.797377520237794706e-08 6.039560542466559127e+03 4.695473748910429276e+04 1.398721827317305610e+01 7.146143122397390004e-05 2.499178361740239662e-01 4.740788013305485271e-01 1.067611800928666810e+00 1.167097161504750069e+00 1.941357851623254582e+00 
1.702769172225897827e+11 2.866166885912062135e+05 3.245577825586924519e+02 2.796204184023742976e+18 4.220436745321819217e+03 1.879196922512997343e+37 1.383352202553034087e-02 6.853375369612443320e-08 5.141707692533082081e+03 4.725572148746705352e+04 5.141385447815618015e+00 3.729966274867572610e-05 5.284963663038023951e-02 4.351203451928686849e-01 1.005238162505215582e+00 1.084793921490123880e+00 7.299705829622450404e-01 
1.762914118095944214e+11 2.967405183515462559e+05 3.274774271801615555e+02 2.796204184023742976e+18 4.112036172356759380e+03 1.912204054876729678e+37 1.240600451900031667e-02 7.577862790655373080e-08 4.693227818773407307e+03 4.769368392600325751e+04 2.977457727674417409e+00 2.565402101193227794e-05 2.193976349631890019e-02 3.703165793534888839e-01 9.879649691423406654e-01 1.052409094052786598e+00 3.969408069424992247e-01 
1.825183494319038696e+11 3.072219404402329237e+05 3.263525543188021061e+02 2.796204184023742976e+18 4.006418868063544323e+03 1.945789064974781885e+37 1.109269417095388316e-02 8.197387100457536619e-08 4.397323706450643840e+03 4.833997001784569147e+04 2.066574366779467820e+00 1.950640074096351422e-05 1.174292226598532170e-02 3.052065552700160556e-01 9.831912488796258343e-01 1.035126912310827096e+00 2.475746307875546226e-01 
1.889652339691211548e+11 3.180735856774532585e+05 3.229378489313588148e+02 2.796204184023742976e+18 3.903513410958793429e+03 1.979962070095509725e+37 9.891077329901637114e-03 8.787836844946788164e-08 4.175710248851859433e+03 4.921016670556084136e+04 1.586750212003757543e+00 1.558103689714788591e-05 7.165792310181202593e-03 2.468262710859066289e-01 9.830632485435782941e-01 1.024602443075993463e+00 1.656745204928589954e-01 
1.956398343517064819e+11 3.293085310272414354e+05 3.181316400786787995e+02 2.796204184023742976e+18 3.803250210555461763e+03 2.014733364657328285e+37 8.798201461643088625e-03 9.384499211754905033e-08 3.996869888467003420e+03 5.030065130964874697e+04 1.301192316878631239e+00 1.279487963825559487e-05 4.727923870303235923e-03 1.970734729380519690e-01 9.847241249150002762e-01 1.017704733382317928e+00 1.156080736287380950e-01 
2.025501939230666504e+11 3.409403153561101644e+05 3.124565266692969772e+02 2.796204184023742976e+18 3.705561460497175631e+03 2.050113423309868325e+37 7.809854048634163291e-03 1.000660383878288279e-07 3.845238063850802064e+03 5.160032472736497584e+04 1.117977535922573873e+00 1.068489519145543775e-05 3.280911854472686687e-03 1.559008627760817833e-01 9.869549226905099948e-01 1.012971623307426849e+00 8.288550588056355084e-02 
# Non-converged_fits = 0