# r 	r/rg 	Sigma0 	Mdot 	Teff 	F 	z0r 	rho_c 	T_c 	P_c 	tau 	PradPgas_c 	varkappa_c 	Pi1 	Pi2 	Pi3 	Pi4
# All values are in CGS units.
# M = 1.005829e+00 Msun, alpha = 1, structure = BellLin, mu = 0.62
1.000000000000000000e+09 3.366477303750272768e+03 6.188212807429076747e+02 1.398102092011871488e+18 1.397238580973638745e+05 4.955583040057713573e+35 7.505727433483432021e-02 6.988654783076222465e-06 6.500527606897429796e+05 6.092347834659206867e+08 1.104468648349553632e+03 7.391617883825976065e-01 3.416899631321337782e+00 4.960097463778090798e+00 5.898598923009292783e-01 1.189546540086140469e+00 4.231132118757712224e-01 
1.035321843295661569e+09 3.485387487531741499e+03 6.103403882140056567e+02 1.398102092011871488e+18 1.361512100385763042e+05 5.045013386226058613e+35 7.501628549590204365e-02 6.672300322320211225e-06 6.335843178867391543e+05 5.669209427744677067e+08 1.106320529391878381e+03 7.168444825366350193e-01 3.472245518843229739e+00 4.973860288289083442e+00 5.888919198149873413e-01 1.188552256191428569e+00 4.236645799130472345e-01 
1.071891319205126405e+09 3.608497798190996946e+03 6.018588245144311486e+02 1.398102092011871488e+18 1.326696011411550571e+05 5.136009448714552695e+35 7.498031122334906928e-02 6.368356048832904122e-06 6.174914951524662320e+05 5.273522609285693169e+08 1.107872507074007899e+03 6.952690215464678580e-01 3.528167605135705820e+00 4.987321222584433222e+00 5.879485288302755963e-01 1.187578417603693870e+00 4.242060807382201371e-01 
1.109752496412069798e+09 3.735956591951439350e+03 5.933816666900379460e+02 1.398102092011871488e+18 1.292767250316722348e+05 5.228598639556132689e+35 7.494925592329965136e-02 6.076462834298562849e-06 6.017674850661032833e+05 4.903679299496896267e+08 1.109127616019980678e+03 6.744077975814919412e-01 3.584668330094316069e+00 5.000481081221004764e+00 5.870293645197980359e-01 1.186624742473676442e+00 4.247377611497106242e-01 
1.148951000187310934e+09 3.867917465251757676e+03 5.849138415870023664e+02 1.398102092011871488e+18 1.259703331734084932e+05 5.322808850704377948e+35 7.492302337418625668e-02 5.796263533127479783e-06 5.864055369760113535e+05 4.558150713089190722e+08 1.110089178491071834e+03 6.542343444286978782e-01 3.641750300585095967e+00 5.013340576618644739e+00 5.861340866063606825e-01 1.185690944347500997e+00 4.252596745533906430e-01 
1.189534067370320797e+09 4.004539439839933038e+03 5.764601235477721275e+02 1.398102092011871488e+18 1.227482334423746215e+05 5.418668462435738078e+35 7.490152029021772406e-02 5.527403591912106055e-06 5.713989585296872538e+05 4.235484692181641459e+08 1.110760793149062692e+03 6.347232863603422537e-01 3.699416293812820555e+00 5.025900787147999260e+00 5.852623424990699430e-01 1.184776733654112402e+00 4.257718812258666774e-01 
1.231550603292826176e+09 4.145987154405255751e+03 5.680251319225912994e+02 1.398102092011871488e+18 1.196082887371872639e+05 5.516206351899000399e+35 7.488465610245238768e-02 5.269531618519872649e-06 5.567411172621928854e+05 3.934303026446561813e+08 1.111146321065597249e+03 6.158502895601672966e-01 3.757669259823654073e+00 5.038163123432079615e+00 5.844137694237169223e-01 1.183881818139062903e+00 4.262744478615332344e-01 
1.275051240713012934e+09 4.292431062978984301e+03 5.596133285335735081e+02 1.398102092011871488e+18 1.165484156220582518e+05 5.615451901814318449e+35 7.487233947524016275e-02 5.022299910879700531e-06 5.424254422171968035e+05 3.653298770405296087e+08 1.111249868083938736e+03 5.975920159382565044e-01 3.816512323183641531e+00 5.050128852648220423e+00 5.835880213637291147e-01 1.183005902391973896e+00 4.267674464942663448e-01 
1.320088400831416845e+09 4.444047640342957493e+03 5.512290167659192548e+02 1.398102092011871488e+18 1.135665830021569273e+05 5.716435009324591407e+35 7.486448194474383533e-02 4.785364944278051963e-06 5.284454254113147035e+05 3.391233565107246041e+08 1.111075767173973190e+03 5.799260788087119423e-01 3.875948785592051138e+00 5.061799580973901591e+00 5.827847416398499458e-01 1.182148689291374399e+00 4.272509548131873114e-01 
1.366716356462004423e+09 4.601019594693605541e+03 5.428763404409237410e+02 1.398102092011871488e+18 1.106608108306267823e+05 5.819186095001809449e+35 7.486099779209430538e-02 4.558387819314376510e-06 5.147946233297722647e+05 3.146934975879212618e+08 1.110628565622738279e+03 5.628310008025733113e-01 3.935982127528029118e+00 5.073177232040142037e+00 5.820035642644290075e-01 1.181309880378664801e+00 4.277250557420115840e-01 
1.414991297434578896e+09 4.763536087817661610e+03 5.345592826814364571e+02 1.398102092011871488e+18 1.078291688465478655e+05 5.923736112011082608e+35 7.486180045897708468e-02 4.341034672386472350e-06 5.014666584429136128e+05 2.919293854906530380e+08 1.109913010358363181e+03 5.462861737511334193e-01 3.996616009762853583e+00 5.084263554666584639e+00 5.812441414436707587e-01 1.180489175428123927e+00 4.281898364804384016e-01 
1.464971398307287931e+09 4.931792963044786120e+03 5.262816660541774354e+02 1.398102092011871488e+18 1.050697753431531455e+05 6.030116555435050793e+35 7.486680621579913653e-02 4.132977044153011650e-06 4.884552205315459869e+05 2.707261731142405868e+08 1.108934029476588648e+03 5.302718204424857751e-01 4.057854274027046237e+00 5.095060612972519110e+00 5.805061160181149704e-01 1.179686273561590504e+00 4.286453886343054576e-01 
1.516716888470924139e+09 5.105992981252100435e+03 5.180471528864853781e+02 1.398102092011871488e+18 1.023807959656125895e+05 6.138359471761671456e+35 7.487593401406636429e-02 3.933892215918614819e-06 4.757540680581225897e+05 2.509848242082220912e+08 1.107696719806345754e+03 5.147689578600285198e-01 4.119700945837660555e+00 5.105570762709424670e+00 5.797891228184346435e-01 1.178900873949291883e+00 4.290918081582772992e-01 
1.570290124729377508e+09 5.286346065204634215e+03 5.098592449983244137e+02 1.398102092011871488e+18 9.976044253772433149e+04 6.248497468537984420e+35 7.488910194104790585e-02 3.743463505710863395e-06 4.633570294961571344e+05 2.326118606468095779e+08 1.106206331254145653e+03 4.997593627046579279e-01 4.182160233144903927e+00 5.115796160898139711e+00 5.790928157836474632e-01 1.178132674858447304e+00 4.295291940376957940e-01 
1.625755666443793535e+09 5.473069552526430016e+03 5.017212852258201679e+02 1.398102092011871488e+18 9.720697191685246071e+04 6.360563724192958829e+35 7.490623089752952712e-02 3.561380532514607676e-06 4.512580045123182936e+05 2.155191147733054757e+08 1.104468252332885640e+03 4.852255378855234724e-01 4.245236528911963347e+00 5.125739262006621999e+00 5.784168402653955265e-01 1.177381375235367456e+00 4.299576489049318218e-01 
1.683180353330955029e+09 5.666388457607024975e+03 4.936364584323313807e+02 1.398102092011871488e+18 9.471868487647271832e+04 6.474591998032303588e+35 7.492724431255802509e-02 3.387339445413347414e-06 4.394509651311222115e+05 1.996234870680033565e+08 1.102487996533186788e+03 4.711506809197665291e-01 4.308934411149200727e+00 5.135402774782930280e+00 5.777608354463543705e-01 1.176646674837918072e+00 4.303772785944418033e-01 
1.742633386009647131e+09 5.866535742758965171e+03 4.856077924752301556e+02 1.398102092011871488e+18 9.229392501569545129e+04 6.590616640408254041e+35 7.495206477745104678e-02 3.221043121871772015e-06 4.279299568819601554e+05 1.848467097283494473e+08 1.100271186744516399e+03 4.575186538016400295e-01 4.373258642787400952e+00 5.144789195100250900e+00 5.771244598487256239e-01 1.175928273648292333e+00 4.307881912003225788e-01 
1.804186409392075539e+09 6.073752598953120469e+03 4.776381604370513401e+02 1.398102092011871488e+18 8.993107769514984102e+04 6.708672603067441286e+35 7.498061770012839911e-02 3.062201334468208956e-06 4.166890997694351245e+05 1.711151163110021055e+08 1.097823542091183299e+03 4.443139540534595255e-01 4.438214172669996849e+00 5.153901302011839825e+00 5.765073639195571475e-01 1.175225873148247890e+00 4.311904975294730269e-01 
1.867913599020784616e+09 6.288288736469959076e+03 4.697302825036219929e+02 1.398102092011871488e+18 8.762856899862657883e+04 6.828795449679831051e+35 7.501283078875237154e-02 2.910530889043068289e-06 4.057225892353644595e+05 1.583594179056740701e+08 1.095150865190857985e+03 4.315216872421935856e-01 4.503806135621618800e+00 5.162742083148597061e+00 5.759091940925481490e-01 1.174539176447235711e+00 4.315843107390812672e-01 
1.933891750455232143e+09 6.510402685817425663e+03 4.618867277480749749e+02 1.398102092011871488e+18 8.538486471988289850e+04 6.951021366552168377e+35 7.504863098261357890e-02 2.765755735491300178e-06 3.950246970807825564e+05 1.465144860413078666e+08 1.092259029377890556e+03 4.191275408303565819e-01 4.570039851838221701e+00 5.171314307049331482e+00 5.753296158956879847e-01 1.173867887702265467e+00 4.319697454651352797e-01 
2.002200371815584421e+09 6.740362109277522904e+03 4.541099170373107654e+02 1.398102092011871488e+18 8.319846937403590709e+04 7.075387173528830152e+35 7.508794806527363530e-02 2.627607051770680026e-06 3.845897722183793667e+05 1.355191424149047732e+08 1.089153966304534151e+03 4.071177590333214247e-01 4.636920827546273216e+00 5.179621016599575078e+00 5.747682869152149765e-01 1.173211713332181771e+00 4.323469183125726589e-01 
2.072921779595369816e+09 6.978444123457437854e+03 4.464021255183077415e+02 1.398102092011871488e+18 8.106792523297184380e+04 7.201930335083601446e+35 7.513071381539743188e-02 2.495823303855687329e-06 3.744122414133651764e+05 1.253159557197461426e+08 1.085841653751826243e+03 3.954791189604137669e-01 4.704454754658651261e+00 5.187665408618353347e+00 5.742248632729715085e-01 1.172570362007605338e+00 4.327159474599759359e-01 
2.146141197858401537e+09 7.224935633233732915e+03 4.387654853277746838e+02 1.398102092011871488e+18 7.899181138421721698e+04 7.330688971605631131e+35 7.517685935869268532e-02 2.370150250557856255e-06 3.644866119511725265e+05 1.158510446821440160e+08 1.082328104013649408e+03 3.841989193867321184e-01 4.772647389356971637e+00 5.195450392248373461e+00 5.736990275708642173e-01 1.171943560934497031e+00 4.330769318028326875e-01 
2.221946860939519405e+09 7.480133677492056449e+03 4.312019884134147674e+02 1.398102092011871488e+18 7.696874281272631197e+04 7.461701870882978693e+35 7.522631871623919331e-02 2.250341034828942717e-06 3.548074677060159156e+05 1.070738915263306051e+08 1.078619353664116716e+03 3.732649327176032483e-01 4.841504812602931196e+00 5.202979234519717444e+00 5.731904442724735649e-01 1.171331019633331749e+00 4.334299953926855076e-01 
2.300430119772921562e+09 7.744345787079062575e+03 4.237134896281363581e+02 1.398102092011871488e+18 7.499736950505238201e+04 7.595008499787217265e+35 7.527902751928168545e-02 2.136156150102871247e-06 3.453694710209043114e+05 9.893715933536097407e+07 1.074721452923898141e+03 3.626653927624704510e-01 4.911033365689180918e+00 5.210255334217986700e+00 5.726987746344305297e-01 1.170732440590919854e+00 4.337752754230171370e-01 
2.381685551976160526e+09 8.017890355397685198e+03 4.163017100457157085e+02 1.398102092011871488e+18 7.307637557538133115e+04 7.730649016162549087e+35 7.533492091030541404e-02 2.027363375279885180e-06 3.361673658553169807e+05 9.139651650076287985e+07 1.070640455025646816e+03 3.523889904610888468e-01 4.981239480455022850e+00 5.217281829435920670e+00 5.722237034441403081e-01 1.170147541903612920e+00 4.341128936815029093e-01 
2.465811075822603703e+09 8.301097022092839325e+03 4.089682405005019632e+02 1.398102092011871488e+18 7.120447841291381337e+04 7.868664280923200919e+35 7.539393700706471801e-02 1.923737760949954300e-06 3.271959765093614114e+05 8.441047029205535352e+07 1.066382406662772382e+03 3.424248456166617549e-01 5.052129772569172950e+00 5.224062131363240269e+00 5.717649068231465126e-01 1.169576045087843630e+00 4.344429727561281984e-01 
2.552908068239516735e+09 8.594307070289285548e+03 4.017145447742394140e+02 1.398102092011871488e+18 6.938042785010035732e+04 8.009095870362483320e+35 7.545601507081443893e-02 1.825061573485330768e-06 3.184502079214142868e+05 7.794020675117203593e+07 1.061953339167786453e+03 3.327624888880465481e-01 5.123711040522239912e+00 5.230599667834234801e+00 5.713220658275381947e-01 1.169017674717773625e+00 4.347656354960079961e-01 
2.643081486974102974e+09 8.897873837860839558e+03 3.945419629301527493e+02 1.398102092011871488e+18 6.760300535123626469e+04 8.151986088677422985e+35 7.552109409351005775e-02 1.731124224701037107e-06 3.099250458857246558e+05 7.194943758886335790e+07 1.057359259975041141e+03 3.233918445841176825e-01 5.195990264643862488e+00 5.236897684504804751e+00 5.708948768130451823e-01 1.168472158162086716e+00 4.350810045617263255e-01 
2.736439997074666500e+09 9.212163143226327520e+03 3.874517152591020590e+02 1.398102092011871488e+18 6.587102322093960538e+04 8.297377980712641295e+35 7.558911614862173778e-02 1.641722188090072963e-06 3.016155571447184775e+05 6.640425394698072970e+07 1.052606144499767652e+03 3.143032141351586595e-01 5.268974607167906221e+00 5.242959708099645511e+00 5.704830266326990085e-01 1.167939226621219406e+00 4.353892029701174060e-01 
2.833096101839318275e+09 9.537553726185436972e+03 3.804449055954773371e+02 1.398102092011871488e+18 6.418332383204261714e+04 8.445315344927380899e+35 7.566002389563236674e-02 1.556658903716786552e-06 2.935168894790603081e+05 6.127298695779877901e+07 1.047699928560919716e+03 3.054872604351552834e-01 5.342671410964701550e+00 5.248789197879877300e+00 5.700862110202860045e-01 1.167418614544069699e+00 4.356903534428537839e-01 
2.933166278390048504e+09 9.874437704325753657e+03 3.735225249069561642e+02 1.398102092011871488e+18 6.253877887243874284e+04 8.595842746589543848e+35 7.573376000844482536e-02 1.475744672343796021e-06 2.856242717063023592e+05 5.652607489877858013e+07 1.042646501138504618e+03 2.969349928462145516e-01 5.417088198666798249e+00 5.254389464302099633e+00 5.697041386685499642e-01 1.166910059560834156e+00 4.359845781561986211e-01 
3.036771118035460472e+09 1.022322104555071928e+04 3.666854553169865767e+02 1.398102092011871488e+18 6.093628861043763754e+04 8.749005531200651959e+35 7.581027037771191635e-02 1.398796539866768706e-06 2.779330135741491104e+05 5.213593677612815797e+07 1.037451697703655782e+03 2.886377528045418472e-01 5.492232672688635020e+00 5.259764112687808968e+00 5.693365076319922835e-01 1.166413303451533823e+00 4.362719992904422472e-01 
3.144035471591500282e+09 1.058432405729857237e+04 3.599344734294139698e+02 1.398102092011871488e+18 5.937478117818709143e+04 8.904849838156012031e+35 7.588950082491875693e-02 1.325638173848143984e-06 2.704385056594375055e+05 4.807685221049012244e+07 1.032121294010324618e+03 2.805872001988278241e-01 5.568112713711978579e+00 5.264916585087118683e+00 5.689830293748553425e-01 1.165928091309635262e+00 4.365527382330651740e-01 
3.255088599835056305e+09 1.095818189304097177e+04 3.532702540754250435e+02 1.398102092011871488e+18 5.785321187273624673e+04 9.063422614643880028e+35 7.597139754155665670e-02 1.256099732476368377e-06 2.631362191644646809e+05 4.432484738759066910e+07 1.026661000624281996e+03 2.727753002845624830e-01 5.644736380034037992e+00 5.269850220199169932e+00 5.686434253893193347e-01 1.165454171724930710e+00 4.368269155639297185e-01 
3.370064329271924973e+09 1.134524507667232137e+04 3.466933743096982425e+02 1.398102092011871488e+18 5.637056247431831434e+04 9.224771629788039634e+35 7.605591010117515594e-02 1.190017727067568107e-06 2.560217056296060036e+05 4.085758689304053783e+07 1.021076457425362037e+03 2.651943111388085361e-01 5.722111907584110924e+00 5.274568671158130329e+00 5.683174051100914337e-01 1.164991297676949866e+00 4.370946515972929936e-01 
3.489101213406766415e+09 1.174598004542141643e+04 3.402043166439276547e+02 1.398102092011871488e+18 5.492584058144344453e+04 9.388945489037967113e+35 7.614298724676889230e-02 1.127234879607261617e-06 2.490905966608403833e+05 3.765427126846165955e+07 1.015373228295321269e+03 2.578367718031636668e-01 5.800247708158626558e+00 5.279075319131781185e+00 5.680046965614868881e-01 1.164539225409452650e+00 4.373560654034269191e-01 
3.612342699709437847e+09 1.216086971193981117e+04 3.338034728717040593e+02 1.398102092011871488e+18 5.351807896240036644e+04 9.555993648810977213e+35 7.623257852797010736e-02 1.067599975411842208e-06 2.423386035431516939e+05 3.469554003442516178e+07 1.009556796770947471e+03 2.506954908485388711e-01 5.879152369106349418e+00 5.283373500460302630e+00 5.677050342345875134e-01 1.164097714922970983e+00 4.376112750704870824e-01 
3.739937302478801727e+09 1.259041404624390634e+04 3.274911479546929627e+02 1.398102092011871488e+18 5.214633492277580808e+04 9.725966431390579591e+35 7.632463707258109464e-02 1.010967712055395443e-06 2.357615167932155891e+05 3.196337999787600711e+07 1.003632561969558537e+03 2.437635354317742031e-01 5.958834653372343304e+00 5.287466891130114810e+00 5.674181388758205991e-01 1.163666530783665554e+00 4.378603982251824678e-01 
3.872038781812557220e+09 1.303513067821282857e+04 3.212675630846870831e+02 1.398102092011871488e+18 5.080968968860569294e+04 9.898915040085897980e+35 7.641911430149284090e-02 9.571985457749117291e-07 2.293552057368691021e+05 2.944103866209523752e+07 9.976058349855833285e+02 2.370342209685164514e-01 6.039303497460432268e+00 5.291358772386999476e+00 5.671437557182988920e-01 1.163245440668588593e+00 4.381035508334700790e-01 
4.008806328898464680e+09 1.349555552136713413e+04 3.151328595328511142e+02 1.398102092011871488e+18 4.950724780478676257e+04 1.007489157465630190e+36 7.651596305209597271e-02 9.061585351980437564e-07 2.231156179598099843e+05 2.711294248126037419e+07 9.914818354601405872e+02 2.305011011230155560e-01 6.120568011597609548e+00 5.295052464694031791e+00 5.668816316314432280e-01 1.162834216256791509e+00 4.383408478041872502e-01 
4.150404757850472450e+09 1.397224341868076226e+04 3.090871023215378841e+02 1.398102092011871488e+18 4.823813654837992362e+04 1.025394904700616212e+36 7.661513963607823052e-02 8.577191835852290206e-07 2.170387787257887539e+05 2.496461978622723371e+07 9.852656885254450572e+02 2.241579582596806841e-01 6.202637479709334656e+00 5.298551612883731110e+00 5.666315001901477411e-01 1.162432633824185491e+00 4.385724033824399126e-01 
4.297004704320835114e+09 1.446576881120424332e+04 3.031302831292313158e+02 1.398102092011871488e+18 4.700150535644810589e+04 1.043614139715437415e+36 7.671659815502307467e-02 8.117572804537934984e-07 2.111207904189278197e+05 2.298262818916858360e+07 9.789624223118006512e+02 2.179987944303481417e-01 6.285521357295843714e+00 5.301859397952963349e+00 5.663931225485858700e-01 1.162040472648735445e+00 4.387983298664587251e-01 
4.448782831127575874e+09 1.497672643030486688e+04 2.972623240532304294e+02 1.398102092011871488e+18 4.579652526807871618e+04 1.062152350948349294e+36 7.682029463835809979e-02 7.681547423421501205e-07 2.053578318593933363e+05 2.115448622284308448e+07 9.725769654953089685e+02 2.120178226065223548e-01 6.369229272015978438e+00 5.304979111533944192e+00 5.661662573952613853e-01 1.161657516176478833e+00 4.390187384562401207e-01 
4.605922041145112991e+09 1.550573201435815463e+04 2.914830810007448463e+02 1.398102092011871488e+18 4.462238838024861616e+04 1.081015122927333413e+36 7.692618806807402509e-02 7.267984538468965449e-07 1.997461576105116110e+05 1.946860905033543706e+07 9.661141453258254614e+02 2.062094583439338102e-01 6.453771023510630478e+00 5.307914297594011011e+00 5.659506535306692010e-01 1.161283552312704526e+00 4.392337394428221242e-01 
4.768611697714474678e+09 1.605342305075383592e+04 2.857923464920613696e+02 1.398102092011871488e+18 4.347830731719813048e+04 1.100208137952395755e+36 7.703423537898777818e-02 6.875801094650044039e-07 1.942820972986005072e+05 1.791424805221171305e+07 9.595786863063782448e+02 2.005683118931043118e-01 6.539156581514721012e+00 5.310668061075118906e+00 5.657460855779298248e-01 1.160918371995846021e+00 4.394434410741198116e-01 
4.937047852839003563e+09 1.662045954411152343e+04 2.801898531969808914e+02 1.398102092011871488e+18 4.236351471298566321e+04 1.119737177807341190e+36 7.714439555283056360e-02 6.503960560686426376e-07 1.889620548248067207e+05 1.648143407264198549e+07 9.529752079557938487e+02 1.950891805241009580e-01 6.625396086609105062e+00 5.313243635438794854e+00 5.655523244248126247e-01 1.160561770345597710e+00 4.396479504196489918e-01 
5.111433483440165520e+09 1.720752481163051561e+04 2.746752770602314513e+02 1.398102092011871488e+18 4.127726270690662204e+04 1.139608125501490253e+36 7.725663004129558475e-02 6.151471369273717322e-07 1.837825075777567981e+05 1.516092416620280035e+07 9.463082239063515999e+02 1.897670412364306780e-01 6.712499850010040348e+00 5.315644441098135609e+00 5.653691341322379937e-01 1.160213546772060011e+00 4.398473734424545589e-01 
5.291978735958436966e+09 1.781532630653313754e+04 2.692482399668194830e+02 1.398102092011871488e+18 4.021882245146288187e+04 1.159826967041906410e+36 7.737089846010127003e-02 5.817385376135367812e-07 1.787400056527408597e+05 1.394415166398962960e+07 9.395821413183371078e+02 1.845970438434441641e-01 6.800478351953270106e+00 5.317873492060410712e+00 5.651963024762824972e-01 1.159873503725944666e+00 4.400418140170085368e-01 
5.478901179593934059e+09 1.844459647059357667e+04 2.639083130264194779e+02 1.398102092011871488e+18 3.918748363257904566e+04 1.180399793236644822e+36 7.748716261578240949e-02 5.500796336529745807e-07 1.738311709803727863e+05 1.282317936577687599e+07 9.328012603405406935e+02 1.795745042452449869e-01 6.889342242627108703e+00 5.319933952895963714e+00 5.650336120479236834e-01 1.159541447825379601e+00 4.402313748030216023e-01 
5.672426068491989136e+09 1.909609361677967172e+04 2.586550194095028132e+02 1.398102092011871488e+18 3.818255400176793046e+04 1.201332801529573986e+36 7.760538623031475181e-02 5.200838406480813611e-07 1.690526964651010057e+05 1.179065571075431257e+07 9.259697727569271137e+02 1.746948980466394852e-01 6.979102341896468609e+00 5.321829100980665750e+00 5.648808421323411322e-01 1.159217189755463728e+00 4.404161571727885360e-01 
5.872786613189489365e+09 1.977060284307085021e+04 2.534878368603110061e+02 1.398102092011871488e+18 3.720335891995517159e+04 1.222632297867311520e+36 7.772553145628223470e-02 4.916684670400758344e-07 1.644013451234114473e+05 1.083977376066117734e+07 9.190917623310384670e+02 1.699538544848184507e-01 7.069769638027917580e+00 5.323561848401606511e+00 5.647377932362005470e-01 1.158900543236153213e+00 4.405962604111374747e-01 
6.080224261649427414e+09 2.046893697855455684e+04 2.484062007136081434e+02 1.398102092011871488e+18 3.624924091267761833e+04 1.244304698598867806e+36 7.784756280545776508e-02 4.647545694102068132e-07 1.598739491486417828e+05 9.964232827275164425e+06 9.121712046938678213e+02 1.653471505258386209e-01 7.161355288809247988e+00 5.325135283730390690e+00 5.646042590653258531e-01 1.158591326121576115e+00 4.407717825897065067e-01 
6.294988990221887589e+09 2.119193756293983461e+04 2.434095064282784904e+02 1.398102092011871488e+18 3.531955923638044624e+04 1.266356532408523572e+36 7.797144607282674444e-02 4.392668108841555534e-07 1.554674089942040155e+05 9.158202610240312293e+06 9.052119676674450375e+02 1.608707052720797226e-01 7.253870621163957644e+00 5.326552524684350587e+00 5.644800340398368199e-01 1.158289360059729711e+00 4.409428203203976659e-01 
6.517339604882420540e+09 2.194047586066944132e+04 2.384971119423938717e+02 1.398102092011871488e+18 3.441368945554052334e+04 1.288794442282560659e+36 7.809714581233623276e-02 4.151333226640958195e-07 1.511786924489438825e+05 8.416289695978421718e+06 8.982178119999455248e+02 1.565205746204771931e-01 7.347327130293362707e+00 5.327816373880116529e+00 5.643649308908882389e-01 1.157994469723569564e+00 4.411094681717483423e-01 
6.747544053110686302e+09 2.271545391085225128e+04 2.336683404151622199e+02 1.398102092011871488e+18 3.353102303035227669e+04 1.311625187510423098e+36 7.822462912901649579e-02 3.922855686287579476e-07 1.470048336558610317e+05 7.733506273804397322e+06 8.911923908952645661e+02 1.522929460750752084e-01 7.441736480979888491e+00 5.328929839865388374e+00 5.642587537837073786e-01 1.157706483873988779e+00 4.412718195332909210e-01 
6.985879746785234451e+09 2.351780561428119472e+04 2.289224824533117726e+02 1.398102092011871488e+18 3.267096691471778468e+04 1.334855645720912857e+36 7.835386369683118579e-02 3.706582134261445931e-07 1.429429321571517212e+05 7.105240949826796539e+06 8.841392512938228947e+02 1.481841338415488818e-01 7.537110507036689278e+00 5.329895866650926628e+00 5.641613121435845590e-01 1.157425234747119891e+00 4.414299661641685191e-01 
7.232633896483548164e+09 2.434849785884676749e+04 2.242587983097013762e+02 1.398102092011871488e+18 3.183294316428866296e+04 1.358492814954039582e+36 7.848481634410894858e-02 3.501889939665998412e-07 1.389901519231860875e+05 6.527231526763632894e+06 8.770618349918515833e+02 1.441905741187206602e-01 7.633461210950573950e+00 5.330717142814261678e+00 5.640724303565319842e-01 1.157150557597827367e+00 4.415839978641803998e-01 
7.488103857590030670e+09 2.520853168470170567e+04 2.196765203500517600e+02 1.398102092011871488e+18 3.101638855431428237e+04 1.382543815769127501e+36 7.861745666414921008e-02 3.308185942988132413e-07 1.351437203411136870e+05 5.995539628166703507e+06 8.699634790526281449e+02 1.403088205343591133e-01 7.730800765359723492e+00 5.331396595416925344e+00 5.639919223474035848e-01 1.156882291714917077e+00 4.417340033162060475e-01 
7.752597488629464149e+09 2.609894349058245643e+04 2.151748549744093566e+02 1.398102092011871488e+18 3.022075420705416764e+04 1.407015893389856689e+36 7.875175402033776639e-02 3.124905241752368323e-07 1.314009272369809623e+05 5.506527062334625050e+06 8.628474161098660034e+02 1.365355398382344099e-01 7.829141512271256431e+00 5.331936983059248014e+00 5.639196123845210407e-01 1.156620279501911819e+00 4.418800693976855376e-01 
8.026433522257173538e+09 2.702080628273913680e+04 2.107529846658518693e+02 1.398102092011871488e+18 2.944550522852199720e+04 1.431916419886838733e+36 7.888767739668495205e-02 2.951510011216194496e-07 1.277591238730281621e+05 5.056833811001171358e+06 8.557167761905068346e+02 1.328675077429795626e-01 7.928495963298693994e+00 5.332340878251456751e+00 5.638553358936309046e-01 1.156364366385049136e+00 4.420222811480363223e-01 
8.309941949353386879e+09 2.797523096798047845e+04 2.064100701868827343e+02 1.398102092011871488e+18 2.869012035433033452e+04 1.457252896398406678e+36 7.902519877595627629e-02 2.787488360354871244e-07 1.242157219203210989e+05 4.643357541454080492e+06 8.485745878565491012e+02 1.293016049029677428e-01 8.028876801297920807e+00 5.332611127167602660e+00 5.637989158356689900e-01 1.156114401766877187e+00 4.421607225754667359e-01 
8.603464416684492111e+09 2.896336769239142450e+04 2.021452522038543975e+02 1.398102092011871488e+18 2.795409160441298809e+04 1.483032955390294242e+36 7.916428902725776429e-02 2.632353225213929218e-07 1.207681924713054468e+05 4.263234551471489482e+06 8.414237796250023393e+02 1.258348131293288708e-01 8.130296879274553135e+00 5.332750293468638603e+00 5.637501911314319880e-01 1.155870237765655117e+00 4.422954756982956925e-01 
8.907354638610458374e+09 2.998640722733682196e+04 1.979576531957704049e+02 1.398102092011871488e+18 2.723692394640634302e+04 1.509264362954871649e+36 7.930491917942243674e-02 2.485641297060603469e-07 1.174140650183641992e+05 3.913822048108887393e+06 8.342671815373270192e+02 1.224642117077301140e-01 8.232769221321062147e+00 5.332760833685733282e+00 5.637090076019539708e-01 1.155631729541860331e+00 4.424266208530980293e-01 
9.221978823334341049e+09 3.104558240442070746e+04 1.938463793892507852e+02 1.398102092011871488e+18 2.653813496747679164e+04 1.535955021150623398e+36 7.944706351106578524e-02 2.346911985989292386e-07 1.141509264227883104e+05 3.592681676761383656e+06 8.271075268245740517e+02 1.191869738510919902e-01 8.336307024386192310e+00 5.332645515285334703e+00 5.636751965155826216e-01 1.155398736174032770e+00 4.425542374506035159e-01 
9.547716114208065033e+09 3.214216960113219830e+04 1.898105220981950367e+02 1.398102092011871488e+18 2.585725455438496283e+04 1.563112970382617940e+36 7.959069422069268984e-02 2.215746421247613313e-07 1.109764199292469275e+05 3.297564222974467091e+06 8.199474535417258494e+02 1.160003633702250403e-01 8.440923656786740281e+00 5.332406699523488669e+00 5.636486112269450954e-01 1.155171119022446957e+00 4.426784027139977762e-01 
9.884959046625585556e+09 3.327749027896596817e+04 1.858491595071241136e+02 1.398102092011871488e+18 2.519382458158501322e+04 1.590746391824618604e+36 7.973578432032156493e-02 2.091746485181570387e-07 1.078882441366493586e+05 3.026395402617637534e+06 8.127895057045772091e+02 1.129017314057703392e-01 8.546632659975145430e+00 5.332046734382696052e+00 5.636291070052842356e-01 1.154948742541028972e+00 4.427991923837498178e-01 
1.023411402105452728e+10 3.445291257587250584e+04 1.819613583444186986e+02 1.398102092011871488e+18 2.454739860715949180e+04 1.618863609883617296e+36 7.988231016881715274e-02 1.974533881873515045e-07 1.048841519750365114e+05 2.777262672313672956e+06 8.056361344322561990e+02 1.098885132965793515e-01 8.653447750326780152e+00 5.331568295039398109e+00 5.636165235731809275e-01 1.154731474994809437e+00 4.429166813552029014e-01 
1.059560179277614784e+10 3.566985295495660830e+04 1.781461749773453391e+02 1.398102092011871488e+18 2.391754157639657933e+04 1.647473094707515295e+36 8.003024525282073642e-02 1.863749240958106911e-07 1.019619497295427427e+05 2.548402994127790909e+06 7.984897004961760558e+02 1.069582256450095914e-01 8.761382817334331108e+00 5.330973551774063068e+00 5.636107276059079130e-01 1.154519186540951869e+00 4.430309421838118933e-01 
1.096985797892381859e+10 3.692977791141087800e+04 1.744026570673657375e+02 1.398102092011871488e+18 2.330382953282056405e+04 1.676583464736703750e+36 8.017956459781074019e-02 1.759051253332906723e-07 9.911949601455614902e+04 2.338191483661850914e+06 7.913524763607507566e+02 1.041084634114308738e-01 8.870451926232405526e+00 5.330264764039432279e+00 5.636115822970985123e-01 1.154311750504700695e+00 4.431420461727632043e-01 
1.135733358343102837e+10 3.823420573974131548e+04 1.707298450266644920e+02 1.398102092011871488e+18 2.270584933649131199e+04 1.706203489300320716e+36 8.033024604923459655e-02 1.660115826724981129e-07 9.635470133513570181e+04 2.145130881637181155e+06 7.842266494049839594e+02 1.013368997524796561e-01 8.980669122991313813e+00 5.329444407558125540e+00 5.636189433422942319e-01 1.154109053651947381e+00 4.432500437890146694e-01 
1.175849554052158165e+10 3.958470836341470567e+04 1.671267727896021142e+02 1.398102092011871488e+18 2.212319838939227702e+04 1.736342091257962741e+36 8.048226473240303880e-02 1.566635327163031020e-07 9.366552549431657826e+04 1.967841816648038803e+06 7.771143201641085625e+02 9.864127592398794220e-02 9.092048982134450341e+00 5.328514562138257027e+00 5.636326830336746418e-01 1.153910966310111696e+00 4.433550195024291707e-01 
1.217382727739661980e+10 4.098291322913170006e+04 1.635924694252281881e+02 1.398102092011871488e+18 2.155548436773225330e+04 1.767008349687629302e+36 8.063559743954742953e-02 1.478317774844711962e-07 9.104997801566144335e+04 1.805053753959106514e+06 7.700175058829451018e+02 9.601940529555594295e-02 9.204606145158654940e+00 5.327477391892142755e+00 5.636526718197819585e-01 1.153717367895293444e+00 4.434570448527166420e-01 
1.260382929679727364e+10 4.243050526801078377e+04 1.601259602844761218e+02 1.398102092011871488e+18 2.100232496098785123e+04 1.798211502620765772e+36 8.079022336936281246e-02 1.394886113818631827e-07 8.850611692607658915e+04 1.655596629461356439e+06 7.629381418305694069e+02 9.346916981030006788e-02 9.318355389773834929e+00 5.326335259857201798e+00 5.636787714506610314e-01 1.153528143329881406e+00 4.435561859395334983e-01 
1.304901978014401627e+10 4.392922892604320805e+04 1.567262678107536260e+02 1.398102092011871488e+18 2.046334761752122358e+04 1.829960949825149552e+36 8.094611918962953123e-02 1.316077508584381559e-07 8.603204767680229270e+04 1.518393103674066020e+06 7.558780832838762080e+02 9.098851707151667245e-02 9.433311672417621807e+00 5.325090085990343169e+00 5.637108671846918773e-01 1.153343179233139004e+00 4.436525066869065892e-01 
1.350993521198025131e+10 4.548089026626815030e+04 1.533924127970409472e+02 1.398102092011871488e+18 1.993818929660843060e+04 1.862266255636520783e+36 8.110326337005425990e-02 1.241642665508800117e-07 8.362592216227795871e+04 1.392451389535402181e+06 7.488391079228388207e+02 8.857545805356939472e-02 9.549490131431317863e+00 5.323743923415140245e+00 5.637488382909311424e-01 1.153162365195096184e+00 4.437460699547853826e-01 
1.398713102647235870e+10 4.708735914520045480e+04 1.501234153607594237e+02 1.398102092011871488e+18 1.942649622671964607e+04 1.895137151839781953e+36 8.126163634259228608e-02 1.171345182890049631e-07 8.128593776774611615e+04 1.276858617383177392e+06 7.418229184203992190e+02 8.622806493277566930e-02 9.666906088373860229e+00 5.322298979423100818e+00 5.637925569344790500e-01 1.152985593785054386e+00 4.438369376095446239e-01 
1.448118227674535942e+10 4.875057146613395889e+04 1.469182956526902615e+02 1.398102092011871488e+18 1.892792366989559741e+04 1.928583540600644784e+36 8.142121622306956741e-02 1.104960928728422547e-07 7.901033644439654017e+04 1.170774698562564561e+06 7.348311431503918811e+02 8.394446903130903248e-02 9.785575047132956783e+00 5.320757054635133265e+00 5.638419168184306551e-01 1.152812759184354885e+00 4.439251694517694635e-01 
1.499268432786047173e+10 5.047253151203469315e+04 1.437760749389244381e+02 1.398102092011871488e+18 1.844213569206890315e+04 1.962615497448585331e+36 8.158198307059894017e-02 1.042277444258646042e-07 7.679740375899497303e+04 1.073426649942706805e+06 7.278653387138629114e+02 8.172285878132933001e-02 9.905512697317622184e+00 5.319120105598162063e+00 5.638968043833035848e-01 1.152643758452021494e+00 4.440108243258116261e-01 
1.552225357427047920e+10 5.225531436083812150e+04 1.406957763937055006e+02 1.398102092011871488e+18 1.796880493918140928e+04 1.997243274312060919e+36 8.174391843854313111e-02 9.830933736053230997e-08 7.464546797443556716e+04 9.841033483796933433e+05 7.209269906165527573e+02 7.956147779946062815e-02 1.002673491541986195e+01 5.317390185825611404e+00 5.639571017832827327e-01 1.152478491345581446e+00 4.440939600344404048e-01 
1.607052818261638451e+10 5.410106838605718076e+04 1.376764257058066789e+02 1.398102092011871488e+18 1.750761241895424246e+04 2.032477302606829511e+36 8.190700180321311419e-02 9.272179184850094561e-08 7.255289915276523971e+04 9.021506835207970580e+05 7.140175157819591050e+02 7.745862305339455689e-02 1.014925776434157001e+01 5.315568981349620081e+00 5.640227106163105963e-01 1.152316859162031637e+00 4.441746324344557628e-01 
1.663816886076127434e+10 5.601201784571736789e+04 1.347170520011831343e+02 1.398102092011871488e+18 1.705824728816891002e+04 2.068328196378353732e+36 8.207121472650871774e-02 8.744703163347214038e-08 7.051810823945199081e+04 8.269670786823952803e+05 7.071382656785915515e+02 7.541264304850642253e-02 1.027309749699276864e+01 5.313658356571179908e+00 5.640935239708618765e-01 1.152158765988072320e+00 4.442528965379404227e-01 
1.722585965398783875e+10 5.799046556273759052e+04 1.318166884719601342e+02 1.398102092011871488e+18 1.662040664532218580e+04 2.104806755499224611e+36 8.223653978259752584e-02 8.246793420384551292e-08 6.853954618020170892e+04 7.579993545780853601e+05 7.002905268633256810e+02 7.342193611627889638e-02 1.039827055726001248e+01 5.311660214501073618e+00 5.641694335407900773e-01 1.152004118325251181e+00 4.443288062623071411e-01 
1.783430876931905746e+10 6.003879569998707302e+04 1.289743728930053521e+02 1.398102092011871488e+18 1.619379532852074226e+04 2.141923968922556573e+36 8.240295772527307661e-02 7.776828321011714307e-08 6.661570305540694972e+04 6.947389101383863017e+05 6.934755219049592370e+02 7.148494877633626565e-02 1.052479357998842779e+01 5.309576131638018559e+00 5.642503482932650360e-01 1.151852824153338339e+00 4.444024137061706181e-01 
1.846424942895546341e+10 6.215947663336250844e+04 1.261891484007428232e+02 1.398102092011871488e+18 1.577812571848455445e+04 2.179691017992351288e+36 8.257045153227088319e-02 7.333272299388509709e-08 6.474510720190550637e+04 6.367181962541567627e+05 6.866944132294280507e+02 6.960017411880999039e-02 1.065268339477416504e+01 5.307407884305931134e+00 5.643361674976590248e-01 1.151704794158169509e+00 4.444737702362304144e-01 
1.911644075385703659e+10 6.435506392634646909e+04 1.234600639764000505e+02 1.398102092011871488e+18 1.537311754653177741e+04 2.218119279811793454e+36 8.273900471079899399e-02 6.914671523127688241e-08 6.292632436836528359e+04 5.835074619981475407e+05 6.799483035254893366e+02 6.776615028083689263e-02 1.078195702670440426e+01 5.305157229674253294e+00 5.644267919056557004e-01 1.151559941158604605e+00 4.445429260684362616e-01 
1.979166867853557205e+10 6.662820340963515628e+04 1.207861748838692790e+02 1.398102092011871488e+18 1.497849770741979592e+04 2.257220330670566117e+36 8.290859921280573086e-02 6.519649757336065175e-08 6.115795688384144159e+04 5.347117524400248658e+05 6.732382376578827916e+02 6.598145898048153601e-02 1.091263169682705048e+01 5.302825639862907892e+00 5.645221373582480773e-01 1.151418179399722241e+00 4.446099297312949838e-01 
2.049074689815846252e+10 6.898163436954177450e+04 1.181665433195941688e+02 1.398102092011871488e+18 1.459400007692202416e+04 2.297005949532119685e+36 8.307921934306909673e-02 6.146904417536936409e-08 5.943864281897847832e+04 4.899681388405529433e+05 6.665652037521448392e+02 6.424472407156632536e-02 1.104472482612646900e+01 5.300414806564978321e+00 5.646221089040973640e-01 1.151279425752101959e+00 4.446748291330699931e-01 
2.121451784910627747e+10 7.141819284902134677e+04 1.156002387679505148e+02 1.398102092011871488e+18 1.421936533402117493e+04 2.337488121582021506e+36 8.325084946862709723e-02 5.795202810705171381e-08 5.776705518139204651e+04 4.489431647278703749e+05 6.599301358947221843e+02 6.255461018562648301e-02 1.117825403600974887e+01 5.297926347261866731e+00 5.647266158283195114e-01 1.151143598945096658e+00 4.447376709755270219e-01 
2.196385372416542435e+10 7.394081506529380567e+04 1.130863383696674873e+02 1.398102092011871488e+18 1.385434078760369266e+04 2.378679041838423451e+36 8.342347266301998465e-02 5.463378552834607091e-08 5.614190112028666044e+04 4.113304910060885595e+05 6.533339154463620844e+02 6.090982141740385741e-02 1.131323714928468327e+01 5.295361634760438641e+00 5.648355803859153035e-01 1.151010619088250087e+00 4.447985004047519952e-01 
2.273965752357932281e+10 7.655254094818393060e+04 1.106239274570503710e+02 1.398102092011871488e+18 1.349868020754260760e+04 2.420591118825745166e+36 8.359707446580265378e-02 5.150328154317727626e-08 5.456192112828065729e+04 3.768487248751966981e+05 6.467773726152335030e+02 5.930910003182880696e-02 1.144969219430984175e+01 5.292722278697254090e+00 5.649489130776198520e-01 1.150880408837437585e+00 4.448573620545884233e-01 
2.354286414322420120e+10 7.925651780344039435e+04 1.082120997989985369e+02 1.398102092011871488e+18 1.315214366005897136e+04 2.463236978312647915e+36 8.377164004703722966e-02 4.855007771635070175e-08 5.302588827746682364e+04 3.452394193075508229e+05 6.402612903121454337e+02 5.775122525162077608e-02 1.158763740521557395e+01 5.290009764642232604e+00 5.650665311438575200e-01 1.150752892447433506e+00 4.449142993016573788e-01 
2.437444150122221756e+10 8.205600410545332124e+04 1.058499579073417323e+02 1.398102092011871488e+18 1.281449734725405870e+04 2.506629467115506165e+36 8.394715352713680301e-02 4.576430114250822313e-08 5.153260746142315475e+04 3.162652295506182709e+05 6.337864029832122696e+02 5.623501207682345127e-02 1.172709122339397503e+01 5.287225370897780330e+00 5.651883628342119215e-01 1.150627995508761714e+00 4.449693540945476311e-01 
2.523539170434766006e+10 8.495437342393431754e+04 1.035366134709490211e+02 1.398102092011871488e+18 1.248551345070850584e+04 2.550781656968414665e+36 8.412360158293727408e-02 4.313661499701373648e-08 5.008091463818715420e+04 2.897082146329265670e+05 6.273533973167511704e+02 5.475931012620071509e-02 1.186807230181570993e+01 5.284370626505764612e+00 5.653143238577154062e-01 1.150505646078239019e+00 4.450225679711344307e-01 
2.612675225563326645e+10 8.795511848929563712e+04 1.012711875074438126e+02 1.398102092011871488e+18 1.216496997904572345e+04 2.595706848460975944e+36 8.430097014910201136e-02 4.065819054897498380e-08 4.866967610703727405e+04 2.653682732658336172e+05 6.209629154877536621e+02 5.332300255306765546e-02 1.201059950499754159e+01 5.281446894676232517e+00 5.654443387662364540e-01 1.150385773574286397e+00 4.450739811726901474e-01 
2.704959730463131714e+10 9.106185540162588586e+04 9.905281061286092381e+01 1.398102092011871488e+18 1.185265061936029815e+04 2.641418575045029046e+36 8.447924431912778864e-02 3.832068053252416123e-08 4.729778778872549447e+04 2.430617033266139333e+05 6.146155578561896391e+02 5.192500498378112284e-02 1.215469191097882451e+01 5.278455363610270901e+00 5.655783414291555289e-01 1.150268308702530051e+00 4.451236326304467417e-01 
2.800503894183625412e+10 9.427832798833430570e+04 9.688062330745735551e+01 1.398102092011871488e+18 1.154834459241427248e+04 2.687930607111518102e+36 8.465841180254007892e-02 3.611619381959188151e-08 4.596417450957090477e+04 2.226198754452307767e+05 6.083118846023728565e+02 5.056426447800742296e-02 1.230036881580457830e+01 5.275397481873534744e+00 5.657162526125315560e-01 1.150153184551263585e+00 4.451715609570286447e-01 
2.899422853882881165e+10 9.760841231571562821e+04 9.475377611067902706e+01 1.398102092011871488e+18 1.125184651150656282e+04 2.735256956138753040e+36 8.483845928061406472e-02 3.403727137169317747e-08 4.466778931847600325e+04 2.038880122382993577e+05 6.020524131957805594e+02 4.923975855745897634e-02 1.244764973327824187e+01 5.272274501804958824e+00 5.658580034577233020e-01 1.150040335365241528e+00 4.452178034482450752e-01 
3.001835813575592041e+10 1.010561213598696631e+05 9.266526843174050043e+01 1.398102092011871488e+18 1.096295624492343995e+04 2.783411878913257804e+36 8.483286547067907246e-02 3.207740036166234108e-08 4.340809740160519141e+04 1.867292750522648566e+05 5.958439328642630244e+02 4.795129747035233037e-02 1.259641750472831490e+01 5.245932667321351772e+00 5.672006976746605256e-01 1.149866961088700901e+00 4.452080728816346644e-01 
3.107866187782014084e+10 1.046256098426103417e+05 9.060832417019680918e+01 1.398102092011871488e+18 1.068147878187943570e+04 2.832409881824582328e+36 8.448320449406757082e-02 3.023039607327296946e-08 4.218459563765679195e+04 1.710173700059283001e+05 5.896928517408380230e+02 4.669873421546982817e-02 1.274653114249563046e+01 5.177213557356639129e+00 5.707705740305712983e-01 1.149567755550720216e+00 4.450833542178969648e-01 
3.217641750250735474e+10 1.083211792381840496e+05 8.858037483171591475e+01 1.398102092011871488e+18 1.040722410186159868e+04 2.882265725235243239e+36 8.380903858134398920e-02 2.849011986245390392e-08 4.099653948369022692e+04 1.566332543980023765e+05 5.836078222134427733e+02 4.548148087174531257e-02 1.289791493000135425e+01 5.069600171326910321e+00 5.764805970050066453e-01 1.149118406015727123e+00 4.448146948575906201e-01 
3.331294787934670258e+10 1.121472829568364541e+05 8.658320782909714808e+01 1.398102092011871488e+18 1.014000704729090467e+04 2.932994427927202013e+36 8.293706491431269978e-02 2.685061143727260477e-08 3.984303543391324638e+04 1.434660340928887308e+05 5.775472663166791563e+02 4.429863537042003779e-02 1.305055150342354509e+01 4.939697499453630236e+00 5.835630282212054265e-01 1.148545109157564026e+00 4.444031923590763267e-01 
3.448962260405752563e+10 1.161085317114720528e+05 8.462036401536889230e+01 1.398102092011871488e+18 9.879647199417495358e+03 2.984611271626186628e+36 8.197481554045442376e-02 2.530620757770315312e-08 3.872317819293060893e+04 1.314136737180153432e+05 5.716373059400141301e+02 4.314924416940661006e-02 1.320443859808224829e+01 4.801182730776418772e+00 5.913559041120585169e-01 1.147899337333522229e+00 4.438619056611358138e-01 
3.570785964900469971e+10 1.202096990738745080e+05 8.269031871601121964e+01 1.398102092011871488e+18 9.625968757368280421e+03 3.037131805605229134e+36 8.091926869508303533e-02 2.385191162630774059e-08 3.763642426865641028e+04 1.203854617146432574e+05 5.659801830625099228e+02 4.203288020265326386e-02 1.335947768588972373e+01 4.654183740115031220e+00 5.999094598880579943e-01 1.147177991689589893e+00 4.431592204979052929e-01 
3.696912707195031738e+10 1.244557272271805268e+05 8.079150821943574101e+01 1.398102092011871488e+18 9.378800420267580193e+03 3.090571851368766214e+36 7.976572555337146930e-02 2.248310063568725420e-08 3.658234501253893541e+04 1.102986612657314690e+05 5.600180417283092993e+02 4.094922570709731702e-02 1.351554565403903396e+01 4.498684949094494456e+00 6.092899289562845322e-01 1.146380300606428593e+00 4.422558512770211059e-01 
3.827494478516314697e+10 1.288517329215466016e+05 7.892257481827417109e+01 1.398102092011871488e+18 9.137975272352965476e+03 3.144947507418815059e+36 7.850707231978759637e-02 2.119556226099840544e-08 3.556065353924542433e+04 1.010781236100875103e+05 5.542090591216220901e+02 3.989803755158884135e-02 1.367250840110804155e+01 4.334467214399208679e+00 6.195879363616795255e-01 1.145512537054697022e+00 4.411047141928151616e-01 
3.962688638701478577e+10 1.334030136401759228e+05 7.708220027684977538e+01 1.398102092011871488e+18 8.903330671011332015e+03 3.200275154104525574e+36 7.713722749396080547e-02 1.998545370525145603e-08 3.457119526615936775e+04 9.265543570802026079e+04 5.487446044690129838e+02 3.887912194429975210e-02 1.383022779561254012e+01 4.161519277548059392e+00 6.308935979004448580e-01 1.144586080549692131e+00 4.396500692847778446e-01 
4.102658105827190399e+10 1.381150539831432106e+05 7.526963705429710672e+01 1.398102092011871488e+18 8.674708137661114961e+03 3.256571458556672027e+36 7.564776489560888495e-02 1.884939065037459555e-08 3.361400406390898570e+04 8.496891233808948891e+04 5.438932789730311015e+02 3.789227707390969285e-02 1.398859521024653851e+01 3.979674662789164152e+00 6.433259701443906353e-01 1.143627935677850260e+00 4.378281647656038778e-01 
4.247571552536894226e+10 1.429935322767076432e+05 7.348461010620175671e+01 1.398102092011871488e+18 8.451953251409004224e+03 3.313853379708532709e+36 7.403106754218267971e-02 1.778442389721974018e-08 3.268927376181643194e+04 7.796282529815440648e+04 5.389232530335831370e+02 3.693714209094053208e-02 1.414758990929524884e+01 3.788984610428335564e+00 6.570098515805933292e-01 1.142679875753339847e+00 4.355694277464045028e-01 
4.397603609302712250e+10 1.480443274160786241e+05 7.172782986172286712e+01 1.398102092011871488e+18 8.234915545411107814e+03 3.372138173404663466e+36 7.227882554724002206e-02 1.678811742775501533e-08 3.179738599993233220e+04 7.158728846827062080e+04 5.329326127737275556e+02 3.601301926434107709e-02 1.430737231749280802e+01 3.589572137873858981e+00 6.720916965358100237e-01 1.141809065012090008e+00 4.328025082062306184e-01 
4.552935074866938019e+10 1.532735259498809755e+05 7.000129523673038534e+01 1.398102092011871488e+18 8.023448405870264651e+03 3.431443397599124064e+36 7.038299466939301752e-02 1.585858795591109894e-08 3.093888448159715335e+04 6.579784376171280746e+04 5.281961676019061542e+02 3.511856100767922484e-02 1.446843789800578151e+01 3.381757813364662191e+00 6.887353376031096763e-01 1.141114599721086309e+00 4.294619089144338653e-01 
4.713753134116728973e+10 1.586874294148568588e+05 6.830874985862308790e+01 1.398102092011871488e+18 7.817408973602912738e+03 3.491786917644716366e+36 6.833625612691363038e-02 1.499455860321205268e-08 3.011443667164803264e+04 6.055512779862558091e+04 5.255067884525549289e+02 3.425135992637440285e-02 1.463183804242789066e+01 3.166123921660038754e+00 7.071224728785151514e-01 1.140736873858659628e+00 4.254993066385651668e-01 
4.880251583654433441e+10 1.642925619296397781e+05 6.665649203501409659e+01 1.398102092011871488e+18 7.616658048110733944e+03 3.553186911674788565e+36 6.613203527084704492e-02 1.419544990840146027e-08 2.932477834257395079e+04 5.582469965758589387e+04 5.225538000022261258e+02 3.340737310829920009e-02 1.479950998028365206e+01 2.943530201758504550e+00 7.274601320964625417e-01 1.140873467929542029e+00 4.209009898320890120e-01 
5.052631065335679626e+10 1.700956780567612732e+05 6.505397023104819709e+01 1.398102092011871488e+18 7.421059994093413479e+03 3.615661876079332672e+36 6.376578675483855763e-02 1.346142204142277259e-08 2.857058048897904882e+04 5.157657516531606962e+04 5.167287888129469593e+02 3.258018359891797638e-02 1.497472407578184139e+01 2.715240045791700307e+00 7.499763356462820774e-01 1.141790399265256939e+00 4.157109122756641462e-01 
5.231099308056258392e+10 1.761037709423515189e+05 6.351482946006144203e+01 1.398102092011871488e+18 7.230482650341265980e+03 3.679230631076888799e+36 6.123555246391632761e-02 1.279344767783563386e-08 2.785229117431154737e+04 4.778493720327300252e+04 5.184977447532218093e+02 3.176014362185668183e-02 1.516267339849712137e+01 2.482949379999806805e+00 7.749272592853683195e-01 1.143842138493392335e+00 4.100602193078436986e-01 
5.415871378079464722e+10 1.823240807433523296e+05 6.205807620715651751e+01 1.398102092011871488e+18 7.044797240947209502e+03 3.743912326384033000e+36 5.854303070879421367e-02 1.219335008383170721e-08 2.716991861391247221e+04 4.442770465401825641e+04 5.137516190966424574e+02 3.093351302190371077e-02 1.537119324708685042e+01 2.248828259592993817e+00 8.026047512707331633e-01 1.147494680319831817e+00 4.042013962618556944e-01 
5.607169938205469513e+10 1.887641033523953229e+05 6.070936971425072670e+01 1.398102092011871488e+18 6.863878288779533250e+03 3.809726446984121000e+36 5.569488020454509136e-02 1.166379354036801674e-08 2.652276509363596051e+04 4.148595749580896518e+04 5.201593018014438030e+02 3.008180195117291997e-02 1.561158400885925168e+01 2.015531267514947267e+00 8.333489873105264234e-01 1.153352990298105896e+00 3.985447303875565006e-01 
5.805225516094907379e+10 1.954315994308546942e+05 5.950251246430102725e+01 1.398102092011871488e+18 6.687603531158333681e+03 3.876692818997001426e+36 5.270402517016609112e-02 1.120821750032855451e-08 2.590913522471365650e+04 3.894322943269095413e+04 5.160719533517251421e+02 2.918162537111595317e-02 1.589949562693901619e+01 1.786145182321986935e+00 8.675727006923505957e-01 1.162196091688052269e+00 3.936953913752065937e-01 
6.010276782070388031e+10 2.023346037609718624e+05 5.848149007377081432e+01 1.398102092011871488e+18 6.515853837679570461e+03 3.944831615651559753e+36 4.959061342858162719e-02 1.083073812230639303e-08 2.532604448510708608e+04 3.678475908399108448e+04 5.192269948781579387e+02 2.820533847379085371e-02 1.625588896614846490e+01 1.564049495744364915e+00 9.058085715613690692e-01 1.175028736706402288e+00 3.904957429693056703e-01 
6.222570836730231476e+10 2.094814349283066986e+05 5.770302271960989771e+01 1.398102092011871488e+18 6.348513130132750121e+03 4.014163363362758775e+36 4.638264174673607798e-02 1.053601000791717135e-08 2.476893446135366321e+04 3.499661131035046856e+04 5.254940371773569723e+02 2.712270949058598682e-02 1.670813218063659988e+01 1.352709935696625454e+00 9.487833702407861836e-01 1.193150531125125369e+00 3.900825609872598521e-01 
6.442363508721369934e+10 2.168807053461946489e+05 5.724008193577389392e+01 1.398102092011871488e+18 6.185468304458941020e+03 4.084708947915104688e+36 4.311581137005673220e-02 1.032911288064609850e-08 2.423138712262027548e+04 3.356477924157854432e+04 5.431390512167379256e+02 2.590353760876396016e-02 1.729151790483447471e+01 1.155410528663711967e+00 9.975287883445480563e-01 1.218250924372208832e+00 3.939869901939224150e-01 
6.669919663030114746e+10 2.245413316342855105e+05 5.718730972033176840e+01 1.398102092011871488e+18 6.026609154697521262e+03 4.156489620754371648e+36 3.983228278196804945e-02 1.021559345825733268e-08 2.370476565654872684e+04 3.247444691521266941e+04 5.469830625957453094e+02 2.452057625390180809e-02 1.805192215141516243e+01 9.749596951034832371e-01 1.053538157998295866e+00 1.252543701310590674e+00 4.043373286584654447e-01 
6.905513520162316895e+10 2.324725453636709426e+05 5.766934947727294514e+01 1.398102092011871488e+18 5.871828298871290826e+03 4.229527005389476129e+36 3.657833450314004059e-02 1.020183892847772338e-08 2.317760781881423463e+04 3.170951269925202359e+04 5.711809871767748064e+02 2.295168857376204269e-02 1.905105159781287583e+01 8.134322083485716615e-01 1.118965476408664284e+00 1.298946630101608379e+00 4.242816339858919705e-01 
7.149428986597561646e+10 2.406839041815500532e+05 5.885456911925156476e+01 1.398102092011871488e+18 5.721021106760797920e+03 4.303843103906428966e+36 3.340112878042351269e-02 1.029612996363768631e-08 2.263441189847974965e+04 3.125256925772238901e+04 5.882464777147173436e+02 2.117975360876726484e-02 2.037744013014016531e+01 6.720053710875281139e-01 1.196860880719778919e+00 1.361320052446411966e+00 4.589003906617190043e-01 
7.401959996915652466e+10 2.491853033288398583e+05 6.097833842226199152e+01 1.398102092011871488e+18 5.574085629519977374e+03 4.379460303596349080e+36 3.034520396931038311e-02 1.051101651373571383e-08 2.205306298668937598e+04 3.108537650144397048e+04 6.079293515320003962e+02 1.918886599521995792e-02 2.217049999873198374e+01 5.509383748384333312e-01 1.291409799221949095e+00 1.444755684324060763e+00 5.172985048068798886e-01 
7.663410868007463074e+10 2.579869875646030414e+05 6.438673540694335884e+01 1.398102092011871488e+18 5.430922531086516756e+03 4.456401383699464428e+36 2.744931402540851800e-02 1.086877226213809193e-08 2.139895198167143099e+04 3.119000818071947651e+04 6.357275731638886782e+02 1.695447313359501815e-02 2.467831386578773945e+01 4.497178123407379324e-01 1.408096162513293059e+00 1.555867845214171208e+00 6.180271871105630366e-01 
7.934096665797491455e+10 2.670995635116797057e+05 6.962808085968892158e+01 1.398102092011871488e+18 5.291435021341166248e+03 4.534689522267277777e+36 2.474441824087990696e-02 1.141542222071039287e-08 2.060981842742699155e+04 3.155067394649343623e+04 6.562833743711518082e+02 1.442174434120351185e-02 2.842004660213989098e+01 3.674155359209683169e-01 1.553415788486221416e+00 1.702734446022979631e+00 8.060791613549858070e-01 
8.214343584919421387e+10 2.765340124383788789e+05 7.768859745726548738e+01 1.398102092011871488e+18 5.155528790971979106e+03 4.614348303144793920e+36 2.225328273479342325e-02 1.226754478955498019e-08 1.954670917732062662e+04 3.215687217350961510e+04 6.915796052317266458e+02 1.144855241326127836e-02 3.478806109954538073e+01 3.035226340295235081e-01 1.732218541534949585e+00 1.892485013739297450e+00 1.226187944402256758e+00 
8.504489341802668762e+10 2.863017034916478442e+05 9.088048629052464378e+01 1.398102092011871488e+18 5.023111947999969743e+03 4.695401723075009560e+36 1.999268463628727649e-02 1.388072795127431854e-08 1.773420877106998887e+04 3.301159853654208564e+04 7.455497284121260009e+02 7.556322454720444323e-03 5.005345646216728994e+01 2.618219567070645959e-01 1.925347153856271865e+00 2.107647040050924403e+00 2.744859716864370913e+00 
8.804883581643446350e+10 2.964144073976607760e+05 1.168234953818628696e+02 1.398102092011871488e+18 4.894094955924082569e+03 4.777874198927803892e+36 1.798671811481424021e-02 3.037113972270168833e-08 8.354993946426022376e+03 3.402904216301518318e+04 5.494605599738452639e+01 3.611308612845631804e-04 5.171482890949039124e+00 4.375931492789268962e-01 1.214405049154846372e+00 1.334959327468633994e+00 6.668398912530062006e+00 
9.115888299750837708e+10 3.068843106463386212e+05 1.258549789806710493e+02 1.398102092011871488e+18 4.768390573444406982e+03 4.861790575055382714e+36 1.619830982398669239e-02 4.139205061926044123e-08 6.174993348951305961e+03 3.427645760439754667e+04 8.208466819094210720e+00 1.069743890281478401e-04 2.788285599161464123e-01 4.639281033866374249e-01 1.029567362543334363e+00 1.119379780719272244e+00 1.169823226698330609e+00 
9.437878277775390625e+10 3.177240301768856589e+05 1.285289232817989955e+02 1.398102092011871488e+18 4.645913795723568001e+03 4.947176130776454830e+36 1.455119089463945137e-02 4.702000787096726517e-08 5.475813146801797302e+03 3.452819002809201629e+04 3.927260788072685305e+00 6.566749317729161429e-05 8.748100568578967562e-02 4.077920830549889852e-01 9.952112258675281931e-01 1.067804490056284639e+00 5.462305944772183341e-01 
9.771241535346501160e+10 3.289466285820596968e+05 1.288625015111812218e+02 1.398102092011871488e+18 4.526581797147086945e+03 5.034056587991541494e+36 1.303245425670503457e-02 5.136673382914716852e-08 5.067949121500877482e+03 3.491055021388442401e+04 2.499496253845808980e+00 4.765429638894733567e-05 4.154796715519751965e-02 3.413838341776851970e-01 9.850054926071761807e-01 1.043718226690829365e+00 3.194479602646907446e-01 
1.011637979766206970e+11 3.405656298494713847e+05 1.279691264332197420e+02 1.398102092011871488e+18 4.410313875544866278e+03 5.122458118931506762e+36 1.163837371958739882e-02 5.529635071273841460e-08 4.780823003606629754e+03 3.545207276261509833e+04 1.823901371805806804e+00 3.716197614627202779e-05 2.376432473991307165e-02 2.787622050015226560e-01 9.827913250005818613e-01 1.029954901158954828e+00 2.064758643598242904e-01 
1.047370897959448700e+11 3.525950356589027215e+05 1.263540591601118308e+02 1.398102092011871488e+18 4.297031397836482938e+03 5.212407354041799796e+36 1.036617616677615143e-02 5.915537981643627856e-08 4.557736268586936603e+03 3.615646257889199478e+04 1.445570173578548667e+00 3.009820539240757548e-05 1.507150639533662989e-02 2.240617011275267412e-01 9.836619398150461269e-01 1.021260373698085200e+00 1.410569469650892471e-01 
1.084365968689608612e+11 3.650493422552746488e+05 1.242934085935472410e+02 1.398102092011871488e+18 4.186657747064213254e+03 5.303931390004723097e+36 9.212040599400292754e-03 6.311831651404812723e-08 4.373368179471855910e+03 3.701808456185715477e+04 1.211958407072733612e+00 2.492183348629656964e-05 1.019089224109332587e-02 1.781156856467134286e-01 9.856687163005368735e-01 1.015432799259364804e+00 9.973262702758083076e-02 
1.122667773510811310e+11 3.779435579175997991e+05 1.219538193993312802e+02 1.398102092011871488e+18 4.079118270778449642e+03 5.397057797902146269e+36 8.170685181465638103e-03 6.728512405265507174e-08 4.214438138260883534e+03 3.802780308886444254e+04 1.058424942878882113e+00 2.092123258148915818e-05 7.189574472222909005e-03 1.404462516507258840e-01 9.879537625164841463e-01 1.011374461731524343e+00 7.214003118871330222e-02 
# Non-converged_fits = 0