# r 	r/rg 	Sigma0 	Mdot 	Teff 	F 	z0r 	rho_c 	T_c 	P_c 	tau 	PradPgas_c 	varkappa_c 	Pi1 	Pi2 	Pi3 	Pi4
# All values are in CGS units.
# M = 1.005829e+00 Msun, alpha = 0.01, structure = BellLin, mu = 0.62
1.000000000000000000e+09 3.366477303750272768e+03 2.250748701134425573e+04 1.398102092011871488e+18 1.397238580973638745e+05 4.955583040057713573e+35 1.335061934575298703e-01 1.531879816890068002e-04 1.804992664548187517e+06 3.708024807896630859e+10 6.571749214721799945e+04 7.219197186760836216e-01 5.589613743878048879e+00 5.708312099106363391e+00 5.502637517382776844e-01 1.189441137814771343e+00 4.235070005316726727e-01 
1.035321843295661569e+09 3.485387487531741499e+03 2.219212072084650572e+04 1.398102092011871488e+18 1.361512100385763042e+05 5.045013386226058613e+35 1.334776718923268157e-01 1.461807384883219126e-04 1.759240394820799353e+06 3.448719206075598145e+10 6.582301931846899970e+04 7.004428214987782342e-01 5.681564037349660978e+00 5.725954220816423579e+00 5.492811040231310171e-01 1.188493532099126337e+00 4.240560429037642520e-01 
1.071891319205126405e+09 3.608497798190996946e+03 2.187714950503949149e+04 1.398102092011871488e+18 1.326696011411550571e+05 5.136009448714552695e+35 1.334577470147007283e-01 1.394544906207472726e-04 1.714534756674486212e+06 3.206426526274184036e+10 6.591111453371909738e+04 6.796630365176972166e-01 5.774480429039542173e+00 5.743301154498565708e+00 5.483195019632172151e-01 1.187564620113564340e+00 4.245955565730616388e-01 
1.109752496412069798e+09 3.735956591951439350e+03 2.156274074805197233e+04 1.398102092011871488e+18 1.292767250316722348e+05 5.228598639556132689e+35 1.334462678883925335e-01 1.330005737154677729e-04 1.670856530384252779e+06 2.980129731906649780e+10 6.598194710120659147e+04 6.595553410801699989e-01 5.868367082644924793e+00 5.760352465878215256e+00 5.473786931118921339e-01 1.186654200237802215e+00 4.251255774168262169e-01 
1.148951000187310934e+09 3.867917465251757676e+03 2.124905685129537596e+04 1.398102092011871488e+18 1.259703331734084932e+05 5.322808850704377948e+35 1.334430869638274786e-01 1.268104248715796372e-04 1.628186675009069266e+06 2.768864156940451813e+10 6.603570362647685397e+04 6.400956940055649858e-01 5.963228432766650933e+00 5.777108068811657837e+00 5.464584143529793714e-01 1.185762063470860106e+00 4.256461488099465007e-01 
1.189534067370320797e+09 4.004539439839933038e+03 2.093625512794509632e+04 1.398102092011871488e+18 1.227482334423746215e+05 5.418668462435738078e+35 1.334480574579947343e-01 1.208755924997868337e-04 1.586506331677238690e+06 2.571715492510585403e+10 6.607258656462958606e+04 6.212609950476436493e-01 6.059069189941459932e+00 5.793567989680001418e+00 5.455584032719772436e-01 1.184887994073800188e+00 4.261573211803349470e-01 
1.231550603292826176e+09 4.145987154405255751e+03 2.062448771389371905e+04 1.398102092011871488e+18 1.196082887371872639e+05 5.516206351899000399e+35 1.334610353539917860e-01 1.151877454162398624e-04 1.545796826867424650e+06 2.387817797622236633e+10 6.609281349230327760e+04 6.030290460749265780e-01 6.155894344777729899e+00 5.809732530086179736e+00 5.446783905793473046e-01 1.184031770204297063e+00 4.266591515519012612e-01 
1.275051240713012934e+09 4.292431062978984301e+03 2.031390149542915242e+04 1.398102092011871488e+18 1.165484156220582518e+05 5.615451901814318449e+35 1.334818800293564034e-01 1.097386812115390669e-04 1.506039675680273678e+06 2.216351538444608307e+10 6.609661632629728410e+04 5.853785138188831727e-01 6.253709171959961566e+00 5.825602312982215203e+00 5.438180981487489296e-01 1.183193164536707975e+00 4.271517031275723353e-01 
1.320088400831416845e+09 4.444047640342957493e+03 2.000463805216143373e+04 1.398102092011871488e+18 1.135665830021569273e+05 5.716435009324591407e+35 1.335104516153196030e-01 1.045203338946881116e-04 1.467216585077183554e+06 2.056541659721752930e+10 6.608424065498870914e+04 5.682888941495501944e-01 6.352519234021489325e+00 5.841178043661808594e+00 5.429772503159397967e-01 1.182371944829669230e+00 4.276350448851857222e-01 
1.366716356462004423e+09 4.601019594693605541e+03 1.969683361496397265e+04 1.398102092011871488e+18 1.106608108306267823e+05 5.819186095001809449e+35 1.335466130037275823e-01 9.952478080779262627e-05 1.429309457052116515e+06 1.907655691374621201e+10 6.605594469699636102e+04 5.517404778724266379e-01 6.452330384335325242e+00 5.856460675034226959e+00 5.421555662087583771e-01 1.181567874489321213e+00 4.281092511706518500e-01 
1.414991297434578896e+09 4.763536087817661610e+03 1.939061903861770406e+04 1.398102092011871488e+18 1.078291688465478655e+05 5.923736112011082608e+35 1.335902304425840570e-01 9.474424883927370325e-05 1.392300391732715303e+06 1.769001893680302048e+10 6.601199850206663541e+04 5.357143179254958421e-01 6.553148769970014165e+00 5.871451451666805710e+00 5.413527578331520651e-01 1.180780713111343694e+00 4.285744013235003314e-01 
1.464971398307287931e+09 4.931792963044786120e+03 1.908611978724842629e+04 1.398102092011871488e+18 1.050697753431531455e+05 6.030116555435050793e+35 1.336411709225848732e-01 9.017111994396091962e-05 1.356171690391254611e+06 1.639927443592933846e+10 6.595268299069991917e+04 5.201921979529837703e-01 6.654980834115206356e+00 5.886151671917893680e+00 5.405685411143011931e-01 1.180010216948000012e+00 4.290305792880307889e-01 
1.516716888470924139e+09 5.105992981252100435e+03 1.878345593403152088e+04 1.398102092011871488e+18 1.023807959656125895e+05 6.138359471761671456e+35 1.336993041849876829e-01 8.579793598918031869e-05 1.320905858345383545e+06 1.519816664621246147e+10 6.587828894779131224e+04 5.051566021904213555e-01 6.757833318200614947e+00 5.900562855298637999e+00 5.398026281657040126e-01 1.179256139416152704e+00 4.294778732695780366e-01 
1.570290124729377508e+09 5.286346065204634215e+03 1.848274217289623994e+04 1.398102092011871488e+18 9.976044253772433149e+04 6.248497468537984420e+35 1.337645032468287309e-01 8.161740294746224996e-05 1.286485607738567051e+06 1.408089302354898262e+10 6.578911627655297343e+04 4.905906866112774156e-01 6.861713263713512312e+00 5.914686781199033128e+00 5.390547255814243099e-01 1.178518231557663665e+00 4.299163753972328195e-01 
1.625755666443793535e+09 5.473069552526430016e+03 1.818408784121423014e+04 1.398102092011871488e+18 9.720697191685246071e+04 6.360563724192958829e+35 1.338366418600211438e-01 7.762239445769840787e-05 1.252893860191856977e+06 1.304198847407248306e+10 6.568547319664739189e+04 4.764782512921896807e-01 6.966628013643934914e+00 5.928525256621424155e+00 5.383245450380583774e-01 1.177796242438752472e+00 4.303461813733038821e-01 
1.683180353330955029e+09 5.666388457607024975e+03 1.788759695723795812e+04 1.398102092011871488e+18 9.471868487647271832e+04 6.474591998032303588e+35 1.339155965149513572e-01 7.380595452691389251e-05 1.220113750789602287e+06 1.207630904585189056e+10 6.556767543770313205e+04 4.628037172046127745e-01 7.072585170241671548e+00 5.942080264595954731e+00 5.376117974575006508e-01 1.177089923820213491e+00 4.307673854941909131e-01 
1.742633386009647131e+09 5.866535742758965171e+03 1.759336829444892282e+04 1.398102092011871488e+18 9.229392501569545129e+04 6.590616640408254041e+35 1.340012468637707954e-01 7.016129726133937177e-05 1.188128646963071078e+06 1.117901588449728584e+10 6.543604529511040892e+04 4.495521366971934607e-01 7.179592088221540713e+00 5.955353762868671019e+00 5.369162132284419631e-01 1.176399078302000190e+00 4.311800264844689035e-01 
1.804186409392075539e+09 6.073752598953120469e+03 1.730149533375589817e+04 1.398102092011871488e+18 8.993107769514984102e+04 6.708672603067441286e+35 1.340934732799431428e-01 6.668181822416234148e-05 1.156922093571814708e+06 1.034556095026958084e+10 6.529091114320528141e+04 4.367090438784382855e-01 7.287657572321576183e+00 5.968348253220865374e+00 5.362374781611418673e-01 1.175723396017620770e+00 4.315842690672282433e-01 
1.867913599020784616e+09 6.288288736469959076e+03 1.701206643054108645e+04 1.398102092011871488e+18 8.762856899862657883e+04 6.828795449679831051e+35 1.341921588673242183e-01 6.336108561654536645e-05 1.126477873437273782e+06 9.571671185925443649e+09 6.513260643525636988e+04 4.242605609615508477e-01 7.396790180709252205e+00 5.981066146130751271e+00 5.355753012557797899e-01 1.175062621705668331e+00 4.319802204551980163e-01 
1.933891750455232143e+09 6.510402685817425663e+03 1.672516485192359687e+04 1.398102092011871488e+18 8.538486471988289850e+04 6.951021366552168377e+35 1.342971897281906302e-01 6.019284452893252025e-05 1.096779989765004721e+06 8.853334662000085831e+09 6.496146894663112471e+04 4.121933325826820371e-01 7.506998777667477363e+00 5.993510044728498798e+00 5.349293888786471607e-01 1.174416499930026392e+00 4.323679900980766933e-01 
2.002200371815584421e+09 6.740362109277522904e+03 1.644086885526319384e+04 1.398102092011871488e+18 8.319846937403590709e+04 7.075387173528830152e+35 1.344084527017852526e-01 5.717101726130580699e-05 1.067812667824856937e+06 8.186786865254627228e+09 6.477784006089967443e+04 4.004945044802027398e-01 7.618292533637170294e+00 6.005682536802619431e+00 5.342994539809173826e-01 1.173784775363835742e+00 4.327476894078594594e-01 
2.072921779595369816e+09 6.978444123457437854e+03 1.615925177451497439e+04 1.398102092011871488e+18 8.106792523297184380e+04 7.201930335083601446e+35 1.345258373429719934e-01 5.428970320174375731e-05 1.039560356448541977e+06 7.568497509034770012e+09 6.458206414370585117e+04 3.891517030776814878e-01 7.730680925069609799e+00 6.017586365006337701e+00 5.336852083979062300e-01 1.173167193117693907e+00 4.331194315211686074e-01 
2.146141197858401537e+09 7.224935633233732915e+03 1.588038211241766294e+04 1.398102092011871488e+18 7.899181138421721698e+04 7.330688971605631131e+35 1.346492360092788332e-01 5.154317829248227705e-05 1.012007729343656334e+06 6.995157863275417328e+09 6.437448786562636087e+04 3.781530159317093576e-01 7.844173734133250697e+00 6.029224429224607995e+00 5.330863626969899460e-01 1.172563499019318778e+00 4.334833310635975434e-01 
2.221946860939519405e+09 7.480133677492056449e+03 1.560432363788998009e+04 1.398102092011871488e+18 7.696874281272631197e+04 7.461701870882978693e+35 1.347785418118752909e-01 4.892589411202609971e-05 9.851396862228960963e+05 6.463668599994285583e+09 6.415545956770537305e+04 3.674869730087511055e-01 7.958781048291254656e+00 6.040599597749013228e+00 5.325026344337634443e-01 1.171973439842145748e+00 4.338395039140112708e-01 
2.300430119772921562e+09 7.744345787079062575e+03 1.533113548930595061e+04 1.398102092011871488e+18 7.499736950505238201e+04 7.595008499787217265e+35 1.349136505723780299e-01 4.643247660121180298e-05 9.589413537466551643e+05 5.971128148431804657e+09 6.392532866337412997e+04 3.571425287574865881e-01 8.074513259738546722e+00 6.051714877129962034e+00 5.319337405254453977e-01 1.171396763576568301e+00 4.341880670038564816e-01 
2.381685551976160526e+09 8.017890355397685198e+03 1.506087228177216093e+04 1.398102092011871488e+18 7.307637557538133115e+04 7.730649016162549087e+35 1.350544606803306680e-01 4.405772446141048034e-05 9.333980862807329977e+05 5.514821552643733978e+09 6.368444498820226727e+04 3.471090449420866642e-01 8.191381064740960838e+00 6.062573394802240223e+00 5.313793979461270967e-01 1.170833219652015922e+00 4.345291381162239563e-01 
2.465811075822603703e+09 8.301097022092839325e+03 1.479358421798256131e+04 1.398102092011871488e+18 7.120447841291381337e+04 7.868664280923200919e+35 1.352008713115035454e-01 4.179660725199628430e-05 9.084954664701966103e+05 5.092209822955926895e+09 6.343315832683054759e+04 3.373762742047840546e-01 8.309395462883980343e+00 6.073178234618940685e+00 5.308393308222830731e-01 1.170282559117868937e+00 4.348628356862445643e-01 
2.552908068239516735e+09 8.594307070289285548e+03 1.452931720316824249e+04 1.398102092011871488e+18 6.938042785010035732e+04 8.009095870362483320e+35 1.353527843539063802e-01 3.964426321336905767e-05 8.842193056300061289e+05 4.700919771507352829e+09 6.317181780505055212e+04 3.279343443273617376e-01 8.428567756229124797e+00 6.083532605359855516e+00 5.303132629249927010e-01 1.169744534864488594e+00 4.351892786343637409e-01 
2.643081486974102974e+09 8.897873837860839558e+03 1.426811296241172931e+04 1.398102092011871488e+18 6.760300535123626469e+04 8.151986088677422985e+35 1.355101039880834690e-01 3.759599684154419367e-05 8.605556439562242012e+05 4.338734321172473907e+09 6.290077138283582462e+04 3.187737431612487904e-01 8.548909548411257830e+00 6.093639799217773323e+00 5.298009193962714969e-01 1.169218901793737331e+00 4.355085861964106408e-01 
2.736439997074666500e+09 9.212163143226327520e+03 1.401000916013195092e+04 1.398102092011871488e+18 6.587102322093960538e+04 8.297377980712641295e+35 1.356727352338848447e-01 3.564727623906996823e-05 8.374907505606366321e+05 4.003583276217401505e+09 6.262036541152826248e+04 3.098853041981881051e-01 8.670432743679576504e+00 6.103503057401207244e+00 5.293020324652706332e-01 1.168705416959820997e+00 4.358208777571703774e-01 
2.833096101839318275e+09 9.537553726185436972e+03 1.375503952208772716e+04 1.398102092011871488e+18 6.418332383204261714e+04 8.445315344927380899e+35 1.358405858340477057e-01 3.379373026604757700e-05 8.150111233311401447e+05 3.693534542295726776e+09 6.233094418805372698e+04 3.012601927540466407e-01 8.793149545889910712e+00 6.113125736047546610e+00 5.288163341132318118e-01 1.168203839746390749e+00 4.361262727142519169e-01 
2.933166278390048504e+09 9.874437704325753657e+03 1.350323395832816277e+04 1.398102092011871488e+18 6.253877887243874284e+04 8.595842746589543848e+35 1.360135655056055326e-01 3.203114551440183028e-05 7.931034886234579608e+05 3.406785782830156326e+09 6.203284949512792082e+04 2.928898927394371077e-01 8.917072457468885105e+00 6.122511235814947383e+00 5.283435590260323611e-01 1.167713931991209542e+00 4.364248903352965780e-01 
3.036771118035460472e+09 1.022322104555071928e+04 1.325461868714016055e+04 1.398102092011871488e+18 6.093628861043763754e+04 8.749005531200651959e+35 1.361915848832250531e-01 3.035546312719778549e-05 7.717548007880838122e+05 3.141656498278462410e+09 6.172642022775419173e+04 2.847661939922025987e-01 9.042214278351531576e+00 6.131662903834622647e+00 5.278834486896747391e-01 1.167235458094111999e+00 4.367168496218015727e-01 
3.144035471591500282e+09 1.058432405729857237e+04 1.300921636015741933e+04 1.398102092011871488e+18 5.937478117818709143e+04 8.904849838156012031e+35 1.363745573455314442e-01 2.876277548376974567e-05 7.509522415361758322e+05 2.896580514399678707e+09 6.141199203009150369e+04 2.768811801471333656e-01 9.168588104909446201e+00 6.140584195480299989e+00 5.274357442926128625e-01 1.166768185156025428e+00 4.370022692001797049e-01 
3.255088599835056305e+09 1.095818189304097177e+04 1.276704618722223131e+04 1.398102092011871488e+18 5.785321187273624673e+04 9.063422614643880028e+35 1.365623978818814865e-01 2.724932277058038734e-05 7.306832191512697609e+05 2.670098865387717247e+09 6.108989695151930209e+04 2.692272170202762993e-01 9.296207328872618803e+00 6.149278569975814790e+00 5.270001911103668890e-01 1.166311883062946864e+00 4.372812672021244573e-01 
3.370064329271924973e+09 1.134524507667232137e+04 1.252812406130423915e+04 1.398102092011871488e+18 5.637056247431831434e+04 9.224771629788039634e+35 1.367550225075972459e-01 2.581148945637167720e-05 7.109353675511243055e+05 2.460853057506874084e+09 6.076046313121067942e+04 2.617969414854031673e-01 9.425085636253228927e+00 6.157749435563018459e+00 5.265765407156820510e-01 1.165866324567773171e+00 4.375539611560126940e-01 
3.489101213406766415e+09 1.174598004542141643e+04 1.229246268343980773e+04 1.398102092011871488e+18 5.492584058144344453e+04 9.388945489037967113e+35 1.369523500146593575e-01 2.444580068916564245e-05 6.916965452046067221e+05 2.267578698772334099e+09 6.042401449919770675e+04 2.545832508208156764e-01 9.555237006292594870e+00 6.166000305257979264e+00 5.261645441946222190e-01 1.165431285396518746e+00 4.378204679017692058e-01 
3.612342699709437847e+09 1.216086971193981117e+04 1.206007168644699595e+04 1.398102092011871488e+18 5.351807896240036644e+04 9.555993648810977213e+35 1.371543003943550831e-01 2.314891863170571388e-05 6.729548339112469694e+05 2.089099480211905956e+09 6.008087050766615721e+04 2.475792925071119976e-01 9.686675710415592278e+00 6.174034653097494996e+00 5.257639581781332616e-01 1.165006544296205426e+00 4.380809034904700749e-01 
3.739937302478801727e+09 1.259041404624390634e+04 1.183095775798049181e+04 1.398102092011871488e+18 5.214633492277580808e+04 9.725966431390579591e+35 1.373607948068516216e-01 2.191763875065158451e-05 6.546985374477730365e+05 1.924321494256376982e+09 5.973134590870104876e+04 2.407784544555435780e-01 9.819416311215453774e+00 6.181855909947580940e+00 5.253745448802827900e-01 1.164591883096808056e+00 4.383353831009579316e-01 
3.872038781812557220e+09 1.303513067821282857e+04 1.160512476266964404e+04 1.398102092011871488e+18 5.080968968860569294e+04 9.898915040085897980e+35 1.375717572341221828e-01 2.074888607389294750e-05 6.369161800874371547e+05 1.772227875930566788e+09 5.937575049079719611e+04 2.341743556479018717e-01 9.953473661488121849e+00 6.189467611046346462e+00 5.249960657166602429e-01 1.164187086789420844e+00 4.385840209752608909e-01 
4.008806328898464680e+09 1.349555552136713413e+04 1.138257386225765185e+04 1.398102092011871488e+18 4.950724780478676257e+04 1.007489157465630190e+36 1.377871123958149535e-01 1.963971142935980947e-05 6.195965050002314383e+05 1.631873752690176964e+09 5.901438891163411608e+04 2.277608371715006963e-01 1.008886290327794200e+01 6.196873207296694552e+00 5.246282892042090085e-01 1.163791943541971685e+00 4.388269303336103100e-01 
4.150404757850472450e+09 1.397224341868076226e+04 1.116330363456945997e+04 1.398102092011871488e+18 4.823813654837992362e+04 1.025394904700616212e+36 1.380067863621706747e-01 1.858728767754572891e-05 6.027284725377593422e+05 1.502381488935650587e+09 5.864756045006839850e+04 2.215319536303788917e-01 1.022559946698715727e+01 6.204076119632199848e+00 5.242709885218441723e-01 1.163406244747116958e+00 4.390642233143455808e-01 
4.297004704320835114e+09 1.446576881120424332e+04 1.094731019080998703e+04 1.398102092011871488e+18 4.700150535644810589e+04 1.043614139715437415e+36 1.382307080832486379e-01 1.758890594909798873e-05 5.863012584094920894e+05 1.382936211511021376e+09 5.827555888969571242e+04 2.154819649165906903e-01 1.036369907055061290e+01 6.211079875822417939e+00 5.239239356316350849e-01 1.163029785076480138e+00 4.392960109267117774e-01 
4.448782831127575874e+09 1.497672643030486688e+04 1.073458729027314621e+04 1.398102092011871488e+18 4.579652526807871618e+04 1.062152350948349294e+36 1.384588067330305428e-01 1.664197189788438550e-05 5.703042517584959278e+05 1.272781602790955544e+09 5.789867236601864715e+04 2.096053283275317036e-01 1.050317771861981342e+01 6.217887871096565711e+00 5.235869112711597495e-01 1.162662362467512089e+00 4.395224029777630714e-01 
4.605922041145112991e+09 1.550573201435815463e+04 1.052512645355231143e+04 1.398102092011871488e+18 4.462238838024861616e+04 1.081015122927333413e+36 1.386910130689422982e-01 1.574400197892434559e-05 5.547270531396096339e+05 1.171215948262874842e+09 5.751718323741253698e+04 2.038966910116417619e-01 1.064405170184826233e+01 6.224503490145977480e+00 5.232596996835169323e-01 1.162303778162826040e+00 4.397435080339994196e-01 
4.768611697714474678e+09 1.605342305075383592e+04 1.031891707348490309e+04 1.398102092011871488e+18 4.347830731719813048e+04 1.100208137952395755e+36 1.389272607643960988e-01 1.489261975981217980e-05 5.395594724076357670e+05 1.077588425884660006e+09 5.713136797909359302e+04 1.983508827292591037e-01 1.078633759624755939e+01 6.230930226471927291e+00 5.229420835161541214e-01 1.161953836743439217e+00 4.399594333882736463e-01 
4.937047852839003563e+09 1.662045954411152343e+04 1.011594652309780577e+04 1.398102092011871488e+18 4.236351471298566321e+04 1.119737177807341190e+36 1.391674832016979169e-01 1.408555227339878254e-05 5.247915265232508536e+05 9.912956248682199717e+08 5.674149709408585477e+04 1.929629089164861255e-01 1.093005226254623885e+01 6.237171394407897473e+00 5.226338558018442937e-01 1.161612346090740377e+00 4.401702849959683861e-01 
5.111433483440165520e+09 1.720752481163051561e+04 9.916200262407051923e+03 1.398102092011871488e+18 4.127726270690662204e+04 1.139608125501490253e+36 1.394116156892674097e-01 1.332062641943404108e-05 5.104134372806400061e+05 9.117782819720638990e+08 5.634783504014094069e+04 1.877279440261714893e-01 1.107521284624176694e+01 6.243230328406143670e+00 5.223348114820345334e-01 1.161279117480233936e+00 4.403761674959923988e-01 
5.291978735958436966e+09 1.781532630653313754e+04 9.719661939758565495e+03 1.398102092011871488e+18 4.021882245146288187e+04 1.159826967041906410e+36 1.396595961131694708e-01 1.259576541651430112e-05 4.964156289535865653e+05 8.385182233957111835e+08 5.595064017922467610e+04 1.826413251915510738e-01 1.122183677496900422e+01 6.249110441334492450e+00 5.220447449033922549e-01 1.160953965359027285e+00 4.405771840301458409e-01 
5.478901179593934059e+09 1.844459647059357667e+04 9.526313495468986730e+03 1.398102092011871488e+18 3.918748363257904566e+04 1.180399793236644822e+36 1.399113620916605516e-01 1.190898532218558973e-05 4.827887258959154715e+05 7.710355020390950441e+08 5.555016478114719939e+04 1.776985460610679135e-01 1.136994176135772427e+01 6.254814970104222382e+00 5.217634603259273529e-01 1.160636707646050647e+00 4.407734364265763483e-01 
5.672426068491989136e+09 1.909609361677967172e+04 9.336135258074174999e+03 1.398102092011871488e+18 3.818255400176793046e+04 1.201332801529573986e+36 1.401668531759185099e-01 1.125839160931325144e-05 4.695235500589852454e+05 7.088857181660473347e+08 5.514665493346767471e+04 1.728952509776844615e-01 1.151954580058632871e+01 6.260347173301009427e+00 5.214907635797155772e-01 1.160327165523912463e+00 4.409650250382424197e-01 
5.872786613189489365e+09 1.977060284307085021e+04 9.149106040311291508e+03 1.398102092011871488e+18 3.720335891995517159e+04 1.222632297867311520e+36 1.404260112224252899e-01 1.064217581554892858e-05 4.566111184641342843e+05 6.516575141133887768e+08 5.474035043454238621e+04 1.682272293524209317e-01 1.167066717071794457e+01 6.265710364820681555e+00 5.212264605905889692e-01 1.160025163489516453e+00 4.411520487650237854e-01 
6.080224261649427414e+09 2.046893697855455684e+04 8.965203231434908957e+03 1.398102092011871488e+18 3.624924091267761833e+04 1.244304698598867806e+36 1.406887778590711902e-01 1.005861226437031110e-05 4.440426406236739131e+05 5.989702327894353867e+08 5.433148487172764726e+04 1.636904102789698556e-01 1.182332443251743648e+01 6.270907688224924392e+00 5.209703666690117529e-01 1.159730529301015167e+00 4.413346050160769640e-01 
6.294988990221887589e+09 2.119193756293983461e+04 8.784402887356534848e+03 1.398102092011871488e+18 3.531955923638044624e+04 1.266356532408523572e+36 1.409550966672341588e-01 9.506054861552014736e-06 4.318095159147049417e+05 5.504717305672204494e+08 5.392028564297806588e+04 1.592808573670371763e-01 1.197753642944020847e+01 6.275942312582915683e+00 5.207222982779166065e-01 1.159443093990561335e+00 4.415127897136549295e-01 
6.517339604882420540e+09 2.194047586066944132e+04 8.606679817702974105e+03 1.398102092011871488e+18 3.441368945554052334e+04 1.288794442282560659e+36 1.412249132315690769e-01 8.982933969600605527e-06 4.199033309132776922e+05 5.058363355442197919e+08 5.350697394506187266e+04 1.549947637872609862e-01 1.213332228766969756e+01 6.280817437490417099e+00 5.204820727578954864e-01 1.159162691843196757e+00 4.416866972825660986e-01 
6.747544053110686302e+09 2.271545391085225128e+04 8.432007669808699575e+03 1.398102092011871488e+18 3.353102303035227669e+04 1.311625187510423098e+36 1.414981729741296157e-01 8.487753362179119819e-06 4.083158566936386051e+05 4.647629425478256345e+08 5.309176476578529400e+04 1.508284475185097118e-01 1.229070141619285295e+01 6.285536101228825778e+00 5.202495161850387850e-01 1.158889160340378144e+00 4.418564206234846803e-01 
6.985879746785234451e+09 2.351780561428119472e+04 8.260359010427941030e+03 1.398102092011871488e+18 3.267096691471778468e+04 1.334855645720912857e+36 1.417748233001243363e-01 8.019087260087136784e-06 3.970390460948269465e+05 4.269732366694871783e+08 5.267486694464849279e+04 1.467783467864986480e-01 1.244969350705289912e+01 6.290101372983499139e+00 5.200244553319920415e-01 1.158622340164579656e+00 4.420220511247237027e-01 
7.232633896483548164e+09 2.434849785884676749e+04 8.091705404346427713e+03 1.398102092011871488e+18 3.183294316428866296e+04 1.358492814954039582e+36 1.420548132894395299e-01 7.575577449991722885e-06 3.860650309615237638e+05 3.922100375171895027e+08 5.225648319534670009e+04 1.428410156877328030e-01 1.261031853564113803e+01 6.294516326239829596e+00 5.198067187047548110e-01 1.158362075165717764e+00 4.421836786559311672e-01 
7.488103857590030670e+09 2.520853168470170567e+04 7.926017490058638032e+03 1.398102092011871488e+18 3.101638855431428237e+04 1.382543815769127501e+36 1.423380919502171549e-01 7.155930486706501934e-06 3.753861193629844347e+05 3.602357567595104575e+08 5.183681017408321350e+04 1.390131199902981396e-01 1.277259676104685937e+01 6.298783885132432481e+00 5.195961428021926842e-01 1.158108212304295837e+00 4.423413915516942740e-01 
7.752597488629464149e+09 2.609894349058245643e+04 7.763265053138165058e+03 1.398102092011871488e+18 3.022075420705416764e+04 1.407015893389856689e+36 1.426246103125690390e-01 6.758914979467667232e-06 3.649947927923885873e+05 3.308309619119142890e+08 5.141603850824366964e+04 1.352914331019994254e-01 1.293654872659909394e+01 6.302907011513492641e+00 5.193925643285108862e-01 1.157860601651415244e+00 4.424952766307524432e-01 
8.026433522257173538e+09 2.702080628273913680e+04 7.603417096491359189e+03 1.398102092011871488e+18 2.944550522852199720e+04 1.431916419886838733e+36 1.429143207271127980e-01 6.383358962297890211e-06 3.548837033525872976e+05 3.037930396852682829e+08 5.099435288344802393e+04 1.316728322018557440e-01 1.310219526034600079e+01 6.306888643853909571e+00 5.191958226510596797e-01 1.157619096337038522e+00 4.426454191877817190e-01 
8.309941949353386879e+09 2.797523096798047845e+04 7.446441907960933349e+03 1.398102092011871488e+18 2.869012035433033452e+04 1.457252896398406678e+36 1.432071755886695497e-01 6.028147348465707349e-06 3.450456709316743654e+05 2.789349525791451931e+08 5.057193210122787423e+04 1.281542945246256504e-01 1.326955747575777878e+01 6.310731586009032057e+00 5.190057643005322463e-01 1.157383552502055934e+00 4.427919029909971327e-01 
8.603464416684492111e+09 2.896336769239142450e+04 7.292307125555212224e+03 1.398102092011871488e+18 2.795409160441298809e+04 1.483032955390294242e+36 1.435031293605893987e-01 5.692219468458630438e-06 3.354736803702214966e+05 2.560840827283173501e+08 5.014894915252070496e+04 1.247328937932703774e-01 1.343865677249491064e+01 6.314438687497414548e+00 5.188222354975930983e-01 1.157153829288923186e+00 4.429348103033541872e-01 
8.907354638610458374e+09 2.998640722733682196e+04 7.140979799732166612e+03 1.398102092011871488e+18 2.723692394640634302e+04 1.509264362954871649e+36 1.438021374494071469e-01 5.374566690942294767e-06 3.261608786259021144e+05 2.350811573594797254e+08 4.972557129961630562e+04 1.214057967935285309e-01 1.360951483722052124e+01 6.318012745456262458e+00 5.186450861231862719e-01 1.156929788786368540e+00 4.430742218798408572e-01 
9.221978823334341049e+09 3.104558240442070746e+04 6.992426453158375807e+03 1.398102092011871488e+18 2.653813496747679164e+04 1.535955021150623398e+36 1.441041554459714102e-01 5.074230125837015472e-06 3.171005719375212211e+05 2.157792505230900645e+08 4.930196015881136555e+04 1.181702600836889022e-01 1.378215364451139457e+01 6.321456439652219927e+00 5.184741723152859194e-01 1.156711295978293697e+00 4.432102169692035409e-01 
9.547716114208065033e+09 3.214216960113219830e+04 6.846613138215018807e+03 1.398102092011871488e+18 2.585725455438496283e+04 1.563112970382617940e+36 1.444091410624987748e-01 4.790298408479753376e-06 3.082862229908925947e+05 1.980428560721540153e+08 4.887827178812487546e+04 1.150236268331993050e-01 1.395659545792222467e+01 6.324772504323531663e+00 5.183093493719360678e-01 1.156498218732922245e+00 4.433428733402404731e-01 
9.884959046625585556e+09 3.327749027896596817e+04 6.703505491668764080e+03 1.398102092011871488e+18 2.519382458158501322e+04 1.590746391824618604e+36 1.447170525570286304e-01 4.521905563697883808e-06 2.997114480912633007e+05 1.817470271543526947e+08 4.845465678296487749e+04 1.119633237862160818e-01 1.413286283105874297e+01 6.327963591212586003e+00 5.181504773074039338e-01 1.156290427737744375e+00 4.434722672789380149e-01 
1.023411402105452728e+10 3.445291257587250584e+04 6.563068787068255915e+03 1.398102092011871488e+18 2.454739860715949180e+04 1.618863609883617296e+36 1.450278485344160817e-01 4.268228948449615716e-06 2.913700143435671926e+05 1.667765777593802512e+08 4.803126040029322030e+04 1.089868583434398797e-01 1.431097860877322603e+01 6.331032254128921899e+00 5.179974214212944572e-01 1.156087796454515537e+00 4.435984735985442073e-01 
1.059560179277614784e+10 3.566985295495660830e+04 6.425267984965905271e+03 1.398102092011871488e+18 2.391754157639657933e+04 1.647473094707515295e+36 1.453414897781399040e-01 4.028487271572721900e-06 2.832558368430209230e+05 1.530253421314432919e+08 4.760822262049982237e+04 1.060918157571381082e-01 1.449096592849576304e+01 6.333981110738191589e+00 5.178500456392030049e-01 1.155890201105261417e+00 4.437215656682237941e-01 
1.096985797892381859e+10 3.692977791141087800e+04 6.290067780456867695e+03 1.398102092011871488e+18 2.330382953282056405e+04 1.676583464736703750e+36 1.456579372047982213e-01 3.801938689090699043e-06 2.753629758800017880e+05 1.403954881119897962e+08 4.718567821322913369e+04 1.032758564358638442e-01 1.467284822156631208e+01 6.336812665340026740e+00 5.177082197021156684e-01 1.155697520597939176e+00 4.438416154090321086e-01 
1.135733358343102837e+10 3.823420573974131548e+04 6.157432648708048873e+03 1.398102092011871488e+18 2.270584933649131199e+04 1.706203489300320716e+36 1.459771522596098603e-01 3.587878973405614694e-06 2.676856341598248691e+05 1.287968807161098719e+08 4.676375686332451005e+04 1.005367133527528961e-01 1.485664921471223110e+01 6.339529345514198333e+00 5.175718176148668137e-01 1.155509636489242542e+00 4.439586933118566670e-01 
1.175849554052158165e+10 3.958470836341470567e+04 6.027326888408907507e+03 1.398102092011871488e+18 2.212319838939227702e+04 1.736342091257962741e+36 1.462990986260313542e-01 3.385639754648312488e-06 2.602181540399469086e+05 1.181464924774773270e+08 4.634258332906247233e+04 9.787218955336798865e-02 1.504239293164212299e+01 6.342133652372943686e+00 5.174407114800302354e-01 1.155326432968085459e+00 4.440728684674870030e-01 
1.217382727739661980e+10 4.098291322913170006e+04 5.899714662707715433e+03 1.398102092011871488e+18 2.155548436773225330e+04 1.767008349687629302e+36 1.466237396985112518e-01 3.194586832403326560e-06 2.529550147878435964e+05 1.083678573148211241e+08 4.592227746593343181e+04 9.528015575993623032e-02 1.523010369463409219e+01 6.344627942506555485e+00 5.173147803381180632e-01 1.155147796772385327e+00 4.441842085606421686e-01 
1.260382929679727364e+10 4.243050526801078377e+04 5.774560038405391424e+03 1.398102092011871488e+18 2.100232496098785123e+04 1.798211502620765772e+36 1.469510395970005656e-01 3.014118555945527784e-06 2.458908298595858214e+05 9.939056487646847963e+07 4.550295434840453527e+04 9.275854806637418015e-02 1.541980612629093450e+01 6.347014518276951733e+00 5.171939064406831932e-01 1.154973617161094923e+00 4.442927798953218987e-01 
1.304901978014401627e+10 4.392922892604320805e+04 5.651827023179595926e+03 1.398102092011871488e+18 2.046334761752122358e+04 1.829960949825149552e+36 1.472809647393844568e-01 2.843664271112131991e-06 2.390203442016454355e+05 9.114979251690155268e+07 4.508472437729036756e+04 9.030536572097046244e-02 1.561152515139078112e+01 6.349295765262466418e+00 5.170779696245080270e-01 1.154803785895611723e+00 4.443986474254756902e-01 
1.350993521198025131e+10 4.548089026626815030e+04 5.531479600471212507e+03 1.398102092011871488e+18 1.993818929660843060e+04 1.862266255636520783e+36 1.476134808302372592e-01 2.682682831908327888e-06 2.323384315785138460e+05 8.358587224357564747e+07 4.466769340094424842e+04 8.791866899383446454e-02 1.580528599872904039e+01 6.351473893664056902e+00 5.169668577857898795e-01 1.154638197148059264e+00 4.445018747465247499e-01 
1.398713102647235870e+10 4.708735914520045480e+04 5.413481762891278777e+03 1.398102092011871488e+18 1.942649622671964607e+04 1.895137151839781953e+36 1.479485545061698659e-01 2.530661174896366000e-06 2.258400919257031055e+05 7.664389014421480894e+07 4.425196286657101155e+04 8.559657712403478946e-02 1.600111420314416222e+01 6.353551082644893988e+00 5.168604609693167040e-01 1.154476747483649257e+00 4.446025241276007622e-01 
1.448118227674535942e+10 4.875057146613395889e+04 5.297797543773373036e+03 1.398102092011871488e+18 1.892792366989559741e+04 1.928583540600644784e+36 1.482861547590219875e-01 2.387112954438356664e-06 2.195204487305798975e+05 7.027331597130493820e+07 4.383762983793268359e+04 8.333726634399538091e-02 1.619903560762022465e+01 6.355529603992372323e+00 5.167586663181955586e-01 1.154319335840348737e+00 4.447006565422030322e-01 
1.499268432786047173e+10 5.047253151203469315e+04 5.184391046568973252e+03 1.398102092011871488e+18 1.844213569206890315e+04 1.962615497448585331e+36 1.486262494494368924e-01 2.251577236858855173e-06 2.133747464430610416e+05 6.442766071477822959e+07 4.342478712672506663e+04 8.113896797851562204e-02 1.639907636537856916e+01 6.357411524259431346e+00 5.166613701265259095e-01 1.154165863429068795e+00 4.447963316567877246e-01 
1.552225357427047920e+10 5.225531436083812150e+04 5.073226473018391516e+03 1.398102092011871488e+18 1.796880493918140928e+04 1.997243274312060919e+36 1.489688076337135625e-01 2.123617251568021023e-06 2.073983479153301450e+05 5.906416013770333678e+07 4.301352341545270610e+04 7.899996661382227559e-02 1.660126294216843235e+01 6.359198906807092655e+00 5.165684696027055267e-01 1.154016233727998220e+00 4.448896078698592604e-01 
1.607052818261638451e+10 5.410106838605718076e+04 4.964268149561357859e+03 1.398102092011871488e+18 1.750761241895424246e+04 2.032477302606829511e+36 1.493138005593698525e-01 2.002819197233677103e-06 2.015867318730097613e+05 5.414348238902944326e+07 4.260392341266979201e+04 7.691859833483336018e-02 1.680562211861039401e+01 6.360893898008060710e+00 5.164798593499757562e-01 1.153870352456344062e+00 4.449805423397497073e-01 
1.663816886076127434e+10 5.601201784571736789e+04 4.857480551832509263e+03 1.398102092011871488e+18 1.705824728816891002e+04 2.068328196378353732e+36 1.496611982655173811e-01 1.888791101096972816e-06 1.959354904191105743e+05 4.962945793524581939e+07 4.219606790353250108e+04 7.489324902808110196e-02 1.701218099254459659e+01 6.362498438636541742e+00 5.163954430293375975e-01 1.153728127475818654e+00 4.450691909747339081e-01 
1.722585965398783875e+10 5.799046556273759052e+04 4.752828328088105991e+03 1.398102092011871488e+18 1.662040664532218580e+04 2.104806755499224611e+36 1.500109720378501321e-01 1.781161729525143243e-06 1.904403265699391777e+05 4.548883017244156450e+07 4.179003384016740893e+04 7.292235274641135911e-02 1.722096698156794048e+01 6.364014475611827315e+00 5.163151247470422200e-01 1.153589468788591921e+00 4.451556084737724461e-01 
1.783430876931905746e+10 6.003879569998707302e+04 4.650276321028872189e+03 1.398102092011871488e+18 1.619379532852074226e+04 2.141923968922556573e+36 1.503630952021756118e-01 1.679579547953516854e-06 1.850970518250000023e+05 4.169102519529087842e+07 4.138589452672856714e+04 7.100439013386987408e-02 1.743200782561848783e+01 6.365444030439212142e+00 5.162388062617869755e-01 1.153454288508903858e+00 4.452398483530284889e-01 
1.846424942895546341e+10 6.215947663336250844e+04 4.549789587924180523e+03 1.398102092011871488e+18 1.577812571848455445e+04 2.179691017992351288e+36 1.507175398760562113e-01 1.583711728387892127e-06 1.799015837718066177e+05 3.820793930491551757e+07 4.098371963474344375e+04 6.913788690846227325e-02 1.764533158957563330e+01 6.366788925243237252e+00 5.161663980431159260e-01 1.153322500767342440e+00 4.453219629376886646e-01 
1.911644075385703659e+10 6.435506392634646909e+04 4.451333419808522194e+03 1.398102092011871488e+18 1.537311754653177741e+04 2.218119279811793454e+36 1.510742795239152780e-01 1.493243202652303002e-06 1.748499437247661408e+05 3.501374293616067618e+07 4.058357535609639308e+04 6.732141239949078482e-02 1.786096666603714311e+01 6.368051001591465976e+00 5.160978103882672974e-01 1.153194021712283357e+00 4.454020034038069786e-01 
1.979166867853557205e+10 6.662820340963515628e+04 4.354873359201133098e+03 1.398102092011871488e+18 1.497849770741979592e+04 2.257220330670566117e+36 1.514332891782275148e-01 1.407875759633181215e-06 1.699382543998549518e+05 3.208469977925004438e+07 4.018552446183637221e+04 6.555357813808496137e-02 1.807894177813457759e+01 6.369232140169132528e+00 5.160329526062461536e-01 1.153068769473291511e+00 4.454800198000902767e-01 
2.049074689815846252e+10 6.898163436954177450e+04 4.260375216394288145e+03 1.398102092011871488e+18 1.459400007692202416e+04 2.297005949532119685e+36 1.517945428973321298e-01 1.327327184795615417e-06 1.651627376254974806e+05 2.939899995704910159e+07 3.978962640587169881e+04 6.383303649874051688e-02 1.829928598238777582e+01 6.370334048210037459e+00 5.159717415846812871e-01 1.152946664077825867e+00 4.455560610458689230e-01 
2.121451784910627747e+10 7.141819284902134677e+04 4.167805084914841245e+03 1.398102092011871488e+18 1.421936533402117493e+04 2.337488121582021506e+36 1.521580165538002904e-01 1.251330440275925089e-06 1.605197120889693615e+05 2.693660620003219321e+07 3.939593749659253808e+04 6.215847938917768573e-02 1.852202867171805423e+01 6.371358496176878994e+00 5.159140922005348573e-01 1.152827627458839377e+00 4.456301749749738694e-01 
2.196385372416542435e+10 7.394081506529380567e+04 4.077129355559546184e+03 1.398102092011871488e+18 1.385434078760369266e+04 2.378679041838423451e+36 1.525236865353394311e-01 1.179632883922946645e-06 1.560055911198445829e+05 2.467911203800619394e+07 3.900451090565063350e+04 6.052863698734926856e-02 1.874719957847764817e+01 6.372307209731259192e+00 5.158599216649524255e-01 1.152711583393639438e+00 4.457024083443660856e-01 
2.273965752357932281e+10 7.655254094818393060e+04 3.988314729370515579e+03 1.398102092011871488e+18 1.349868020754260760e+04 2.420591118825745166e+36 1.528915288414049445e-01 1.111995525682738702e-06 1.516168805101085454e+05 2.260961109761177003e+07 3.861539681824255968e+04 5.894227652333519640e-02 1.897482877756491959e+01 6.373181796120563902e+00 5.158091524721564181e-01 1.152598457449509173e+00 4.457728068460506399e-01 
2.354286414322420120e+10 7.925651780344039435e+04 3.901328229765098968e+03 1.398102092011871488e+18 1.315214366005897136e+04 2.463236978312647915e+36 1.532615213134636833e-01 1.048192319769759997e-06 1.473501763708341168e+05 2.071257666090566292e+07 3.822864249240023491e+04 5.739820110419525945e-02 1.920494668965785934e+01 6.373983932237089256e+00 5.157617047865229454e-01 1.152488176984054924e+00 4.458414151459962338e-01 
2.437444150122221756e+10 8.205600410545332124e+04 3.816137213406736919e+03 1.398102092011871488e+18 1.281449734725405870e+04 2.506629467115506165e+36 1.536336418530321879e-01 9.880094911249262664e-07 1.432021630263398401e+05 1.897375070232312754e+07 3.784429231190496648e+04 5.589524858054065182e-02 1.943758408447048325e+01 6.374715217116756705e+00 5.157175023783577839e-01 1.152380671076921770e+00 4.459082768882915437e-01 
2.523539170434766006e+10 8.495437342393431754e+04 3.732709380228010559e+03 1.398102092011871488e+18 1.248551345070850584e+04 2.550781656968414665e+36 1.540078682143303235e-01 9.312448946901083258e-07 1.391696109452490637e+05 1.738004167811220512e+07 3.746238791923988174e+04 5.443229045280801454e-02 1.967277208410776623e+01 6.375377156824254321e+00 5.156764732125559414e-01 1.152275870488901344e+00 4.459734347127422005e-01 
2.612675225563326645e+10 8.795511848929563712e+04 3.651012782679650627e+03 1.398102092011871488e+18 1.216496997904572345e+04 2.595706848460975944e+36 1.543841800931377850e-01 8.777074060815296239e-07 1.352493747084266797e+05 1.591943039602816850e+07 3.708296831088032923e+04 5.300823081567402478e-02 1.991054216652252506e+01 6.375971339231480073e+00 5.156385423802000156e-01 1.152173707662073054e+00 4.460369302922619905e-01 
2.704959730463131714e+10 9.106185540162588586e+04 3.571015833843493510e+03 1.398102092011871488e+18 1.185265061936029815e+04 2.641418575045029046e+36 1.547625567905425714e-01 8.272163422983857624e-07 1.314383910144384427e+05 1.458088334300872684e+07 3.670606997806314757e+04 5.162200533947264303e-02 2.015092616899480760e+01 6.376499241662729744e+00 5.156036398410748234e-01 1.152074116643007518e+00 4.460988043317517526e-01 
2.800503894183625412e+10 9.427832798833430570e+04 3.492687314894662904e+03 1.398102092011871488e+18 1.154834459241427248e+04 2.687930607111518102e+36 1.551429777107601327e-01 7.796009111328310074e-07 1.277336767217052547e+05 1.335427289429790340e+07 3.633172698585272155e+04 5.027258028677910467e-02 2.039395629172086188e+01 6.376962274231748218e+00 5.155716986572185245e-01 1.151977033055903155e+00 4.461590965913177498e-01 
2.899422853882881165e+10 9.760841231571562821e+04 3.415993599802668086e+03 1.398102092011871488e+18 1.125184651150656282e+04 2.735256956138753040e+36 1.554759144423807360e-01 7.346997350667157289e-07 1.241323311728366098e+05 1.223030507254577614e+07 3.595997273249318096e+04 4.895895345001285287e-02 2.063966466617651108e+01 6.373302027492081301e+00 5.157063652110022156e-01 1.151881497455082393e+00 4.462174120586366866e-01 
3.001835813575592041e+10 1.010561213598696631e+05 3.340896291577721513e+03 1.398102092011871488e+18 1.096295624492343995e+04 2.783411878913257804e+36 1.556269444049636907e-01 6.923603515583358391e-07 1.206315435624502861e+05 1.120045254389675334e+07 3.559082541440716159e+04 4.768016392352375510e-02 2.088807945853624659e+01 6.354571401413321219e+00 5.164509537270104422e-01 1.151784839117565129e+00 4.462723347770130577e-01 
3.107866187782014084e+10 1.046256098426103417e+05 3.267363087770046150e+03 1.398102092011871488e+18 1.068147878187943570e+04 2.832409881824582328e+36 1.555918814238186065e-01 6.524386812210004424e-07 1.172285578800662624e+05 1.025688814003199525e+07 3.522434276225016947e+04 4.643525564056999455e-02 2.113923702989814046e+01 6.320609962315297814e+00 5.178195674914715108e-01 1.151685953698847076e+00 4.463235698455078060e-01 
3.217641750250735474e+10 1.083211792381840496e+05 3.195363990401346200e+03 1.398102092011871488e+18 1.040722410186159868e+04 2.882265725235243239e+36 1.554196532018882471e-01 6.147984865864713587e-07 1.139207039335805603e+05 9.392429527610564604e+06 3.486037617718723050e+04 4.522332233109456479e-02 2.139316524001862874e+01 6.275605787739273467e+00 5.196535844143821414e-01 1.151584502567781776e+00 4.463706645460253086e-01 
3.331294787934670258e+10 1.121472829568364541e+05 3.124874150487596580e+03 1.398102092011871488e+18 1.014000704729090467e+04 2.932994427927202013e+36 1.551946449992632204e-01 5.793110706603776247e-07 1.107053700988373894e+05 8.600486365357223898e+06 3.449901133762848622e+04 4.404346831392643574e-02 2.164989778718605962e+01 6.226533846595953214e+00 5.216760642538434967e-01 1.151481744331087853e+00 4.464141303791082649e-01 
3.448962260405752563e+10 1.161085317114720528e+05 3.055863551960158020e+03 1.398102092011871488e+18 9.879647199417495358e+03 2.984611271626186628e+36 1.549236138671198360e-01 5.458549362875117212e-07 1.075800185155647341e+05 7.875014322736293077e+06 3.414033130399474612e+04 4.289482266848145681e-02 2.190946953095442140e+01 6.174018033032393937e+00 5.238665388799296219e-01 1.151377022660535543e+00 4.464536561787064151e-01 
3.570785964900469971e+10 1.202096990738745080e+05 2.988301693028754016e+03 1.398102092011871488e+18 9.625968757368280421e+03 3.037131805605229134e+36 1.546044970723408629e-01 5.143153097829006344e-07 1.045421881326862203e+05 7.210469327764894813e+06 3.378438717805780470e+04 4.177655077572185044e-02 2.217191071620992560e+01 6.117972009778930520e+00 5.262341781575259336e-01 1.151269413801833785e+00 4.464885085746361781e-01 
3.696912707195031738e+10 1.244557272271805268e+05 2.922157973675728044e+03 1.398102092011871488e+18 9.378800420267580193e+03 3.090571851368766214e+36 1.542346823650994070e-01 4.845838036661364552e-07 1.015894868237476039e+05 6.601766455064035021e+06 3.343116252729677944e+04 4.068784418803884223e-02 2.243725041623490313e+01 6.058273370009398029e+00 5.287903985217520253e-01 1.151157771746008418e+00 4.465177346705810901e-01 
3.827494478516314697e+10 1.288517329215466016e+05 2.857402163534902684e+03 1.398102092011871488e+18 9.137975272352965476e+03 3.144947507418815059e+36 1.538089144195400049e-01 4.565581538750428215e-07 9.871958598166376760e+04 6.044243113096170127e+06 3.308076601443750405e+04 3.962790810796137930e-02 2.270552253436645884e+01 5.994602771026310783e+00 5.315562027651768995e-01 1.151040838538593070e+00 4.465404024001778382e-01 
3.962688638701478577e+10 1.334030136401759228e+05 2.794003106595980626e+03 1.398102092011871488e+18 8.903330671011332015e+03 3.200275154104525574e+36 1.533257527396763298e-01 4.301417071986166899e-07 9.593023195955633128e+04 5.533622704845961183e+06 3.273313431862760626e+04 3.859599167807890169e-02 2.297675012964154106e+01 5.926951156136509802e+00 5.345400861329555608e-01 1.150916894070077801e+00 4.465548368427632031e-01 
4.102658105827190399e+10 1.381150539831432106e+05 2.731930246530657314e+03 1.398102092011871488e+18 8.674708137661114961e+03 3.256571458556672027e+36 1.527792367970084997e-01 4.052433467680636509e-07 9.321923474372278724e+04 5.065985266051306389e+06 3.238838216734058005e+04 3.759135510273536179e-02 2.325096168079999259e+01 5.854970233001089319e+00 5.377668839633306108e-01 1.150784197185616531e+00 4.465593189535759788e-01 
4.247571552536894226e+10 1.429935322767076432e+05 2.671152177828208551e+03 1.398102092011871488e+18 8.451953251409004224e+03 3.313853379708532709e+36 1.521655920638261827e-01 3.817770372673650695e-07 9.058447402059771412e+04 4.637736456658127718e+06 3.204653688982321910e+04 3.661329140926715409e-02 2.352817904438838426e+01 5.778497111897650029e+00 5.412546845402196327e-01 1.150640490278739714e+00 4.465514469608576342e-01 
4.397603609302712250e+10 1.480443274160786241e+05 2.611637241812773937e+03 1.398102092011871488e+18 8.234915545411107814e+03 3.372138173404663466e+36 1.514795976393576438e-01 3.596616107110057520e-07 8.802390499849640764e+04 4.245581788313425146e+06 3.170766243086909162e+04 3.566112859856716832e-02 2.380841535044275759e+01 5.697274198212011420e+00 5.450276675262022419e-01 1.150483312265169644e+00 4.465279960158257122e-01 
4.552935074866938019e+10 1.532735259498809755e+05 2.553353229570743224e+03 1.398102092011871488e+18 8.023448405870264651e+03 3.431443397599124064e+36 1.507157402653412359e-01 3.388205609432072178e-07 8.553554695684900798e+04 3.886501946166697890e+06 3.137184681326312057e+04 3.473421019376517205e-02 2.409168495699505996e+01 5.611042313169297913e+00 5.491121811940622433e-01 1.150309701952506147e+00 4.464851927922690589e-01 
4.713753134116728973e+10 1.586874294148568588e+05 2.496267303774820903e+03 1.398102092011871488e+18 7.817408973602912738e+03 3.491786917644716366e+36 1.498680728201146894e-01 3.191817477215285662e-07 8.311749971402826486e+04 3.557730234841381200e+06 3.103922098295456817e+04 3.383191944519795685e-02 2.437798894063606525e+01 5.519531643771637519e+00 5.535375502796885394e-01 1.150116395350444520e+00 4.464179924193460436e-01 
4.880251583654433441e+10 1.642925619296397781e+05 2.440345866454921634e+03 1.398102092011871488e+18 7.616658048110733944e+03 3.553186911674788565e+36 1.489300827566794883e-01 3.006772317920218934e-07 8.076793749282405770e+04 3.256732075788599439e+06 3.070996398991892420e+04 3.295366404728779924e-02 2.466732293847610080e+01 5.422456055262703245e+00 5.583367339827435272e-01 1.149899666998051018e+00 4.463201973426140223e-01 
5.052631065335679626e+10 1.700956780567612732e+05 2.385554544216387058e+03 1.398102092011871488e+18 7.421059994093413479e+03 3.615661876079332672e+36 1.478947382844402469e-01 2.832429955347825617e-07 7.848513426400643948e+04 2.981186046853568405e+06 3.038433301550049873e+04 3.209891203711499885e-02 2.495965279798635450e+01 5.319518901607716899e+00 5.635466407255534937e-01 1.149655725350116287e+00 4.461833040068801104e-01 
5.231099308056258392e+10 1.761037709423515189e+05 2.331858083902188355e+03 1.398102092011871488e+18 7.230482650341265980e+03 3.679230631076888799e+36 1.467544255566615719e-01 2.668189126984605363e-07 7.626743604005451198e+04 2.728966799812681507e+06 3.006270242977360249e+04 3.126713611362109957e-02 2.525494901767404698e+01 5.210415389488561644e+00 5.692084498627228983e-01 1.149380227500527818e+00 4.459975323092607580e-01 
5.415871378079464722e+10 1.823240807433523296e+05 2.279220448159254374e+03 1.398102092011871488e+18 7.044797240947209502e+03 3.743912326384033000e+36 1.455009183623645896e-01 2.513484175231714474e-07 7.411331408830599685e+04 2.498129136196343694e+06 2.974562143812496288e+04 3.045789049820760153e-02 2.555313387161462657e+01 5.094832002093977685e+00 5.753685314782092108e-01 1.149069223671813189e+00 4.457494704823604659e-01 
5.607169938205469513e+10 1.887641033523953229e+05 2.227604893505951623e+03 1.398102092011871488e+18 6.863878288779533250e+03 3.809726446984121000e+36 1.441253330966775492e-01 2.367785277259460507e-07 7.202133783097781998e+04 2.286893792870771606e+06 2.943390794534989982e+04 2.967074915653554468e-02 2.585412118800040204e+01 4.972451930057021130e+00 5.820788363259692400e-01 1.148718806899720724e+00 4.454231431772852634e-01 
5.805225516094907379e+10 1.954315994308546942e+05 2.176974325868623964e+03 1.398102092011871488e+18 6.687603531158333681e+03 3.876692818997001426e+36 1.426180823731047487e-01 2.230596208369170030e-07 6.999022129804069118e+04 2.093634286289271200e+06 2.912882552805490559e+04 2.890536216544413103e-02 2.615777442577371659e+01 4.842955922354688525e+00 5.893980080590861537e-01 1.148326189008207487e+00 4.449979198038606643e-01 
6.010276782070388031e+10 2.023346037609718624e+05 2.127291834761510927e+03 1.398102092011871488e+18 6.515853837679570461e+03 3.944831615651559753e+36 1.409688154321106501e-01 2.101454174529522291e-07 6.801882613310543820e+04 1.916865108056467725e+06 2.883240264627443685e+04 2.816143289902462571e-02 2.646392038173921080e+01 4.706026954842428722e+00 5.973923140844152879e-01 1.147890213760396572e+00 4.444483879167184237e-01 
6.222570836730231476e+10 2.094814349283066986e+05 2.078521511294743505e+03 1.398102092011871488e+18 6.348513130132750121e+03 4.014163363362758775e+36 1.391664846234682285e-01 1.979929306514722327e-07 6.610618435509855044e+04 1.755230957325957017e+06 2.854805112831405859e+04 2.743872089064874550e-02 2.677234638950325163e+01 4.561363354952933769e+00 6.061363613687325014e-01 1.147412461824501406e+00 4.437434567334822000e-01 
6.442363508721369934e+10 2.168807053461946489e+05 2.030629788627342123e+03 1.398102092011871488e+18 6.185468304458941020e+03 4.084708947915104688e+36 1.371992313398470720e-01 1.865624060406934384e-07 6.425154190737331373e+04 1.607497047659137752e+06 2.828212081615282295e+04 2.673706941832866557e-02 2.708277727375400801e+01 4.408679802684061677e+00 6.157149783910692564e-01 1.146899197181144192e+00 4.428446001393442355e-01 
6.669919663030114746e+10 2.245413316342855105e+05 1.983587140358955821e+03 1.398102092011871488e+18 6.026609154697521262e+03 4.156489620754371648e+36 1.350545247076082866e-01 1.758174172264195260e-07 6.245436847513997782e+04 1.472540379614230944e+06 2.804833777119682418e+04 2.605636579514376480e-02 2.739491052148968819e+01 4.247729553587575424e+00 6.262239173745547394e-01 1.146363089006771752e+00 4.417059705863911057e-01 
6.905513520162316895e+10 2.324725453636709426e+05 1.937370991908075212e+03 1.398102092011871488e+18 5.871828298871290826e+03 4.229527005389476129e+36 1.327191553786391254e-01 1.657249057094558008e-07 6.071440684701369901e+04 1.349341981741310796e+06 2.788664709498008961e+04 2.539655233251961880e-02 2.770841510990017298e+01 4.078315809035224504e+00 6.377719689929339797e-01 1.145826662303050636e+00 4.402730671688713793e-01 
7.149428986597561646e+10 2.406839041815500532e+05 1.891970004960834785e+03 1.398102092011871488e+18 5.721021106760797920e+03 4.303843103906428966e+36 1.301792745759961512e-01 1.562553445232838480e-07 5.903170529941776476e+04 1.236980079045181163e+06 2.804548578043963789e+04 2.475759086618860294e-02 2.802297858369356121e+01 3.900309653547967770e+00 6.504833228159719871e-01 1.145326651666760620e+00 4.384829403290132488e-01 
7.401959996915652466e+10 2.491853033288398583e+05 1.847389489956950001e+03 1.398102092011871488e+18 5.574085629519977374e+03 4.379460303596349080e+36 1.274206756233227655e-01 1.473829724731220793e-07 5.740663601094358455e+04 1.134623841724757804e+06 2.707578306660252565e+04 2.413938816144786323e-02 2.833840714886566658e+01 3.713685564697374542e+00 6.644992948328937166e-01 1.144919291703816899e+00 4.362659638394882911e-01 
7.663410868007463074e+10 2.579869875646030414e+05 1.803659082924580389e+03 1.398102092011871488e+18 5.430922531086516756e+03 4.456401383699464428e+36 1.244289749536154205e-01 1.390860932382965983e-07 5.583991323935112450e+04 1.041527973748355522e+06 2.664830025149653011e+04 2.354169727548077740e-02 2.865477601344730729e+01 3.518551284575532456e+00 6.799815279682346336e-01 1.144687689838262967e+00 4.335490508656567599e-01 
7.934096665797491455e+10 2.670995635116797057e+05 1.760842414451581362e+03 1.398102092011871488e+18 5.291435021341166248e+03 4.534689522267277777e+36 1.211901504258512258e-01 1.313474059723501002e-07 5.433259611592752481e+04 9.570275779279727722e+05 2.636081488532157528e+04 2.296397923305368988e-02 2.897265476453668853e+01 3.315198879192958081e+00 6.971146072352678580e-01 1.144751102866031323e+00 4.302611169246307599e-01 
8.214343584919421387e+10 2.765340124383788789e+05 1.719049985376333780e+03 1.398102092011871488e+18 5.155528790971979106e+03 4.614348303144793920e+36 1.176911425723409649e-01 1.241544557661420128e-07 5.288604336166622670e+04 8.805334988431333331e+05 2.612416576176558374e+04 2.240516747160781544e-02 2.929348716236692951e+01 3.104157903747314151e+00 7.161096982284372858e-01 1.145276467152646527e+00 4.263432726830704844e-01 
8.504489341802668762e+10 2.863017034916478442e+05 1.678455404494739923e+03 1.398102092011871488e+18 5.023111947999969743e+03 4.695401723075009560e+36 1.139207198190836934e-01 1.175000893311012006e-07 5.150183037703784794e+04 8.115277154233204201e+05 2.593872054750128518e+04 2.186336828388978082e-02 2.962011616843372508e+01 2.886256529364641388e+00 7.372090410453110421e-01 1.146492962273137461e+00 4.217631312446749048e-01 
8.804883581643446350e+10 2.964144073976607760e+05 1.639315555778460293e+03 1.398102092011871488e+18 4.894094955924082569e+03 4.777874198927803892e+36 1.098706409511776699e-01 1.113828982538879345e-07 5.018160027159884339e+04 7.495584708935597446e+05 2.582518872493703384e+04 2.133547324643927934e-02 2.995750747066496800e+01 2.662686270362545127e+00 7.606918685450435591e-01 1.148709922094685920e+00 4.165345701190309446e-01 
9.115888299750837708e+10 3.068843106463386212e+05 1.601995047076562059e+03 1.398102092011871488e+18 4.768390573444406982e+03 4.861790575055382714e+36 1.055371218661015492e-01 1.058075583908244048e-07 4.892684507958521863e+04 6.942348332609143108e+05 2.583083204202185880e+04 2.081671608244070257e-02 3.031366996275221126e+01 2.435060387513226843e+00 7.868831387911479069e-01 1.152339001190040957e+00 4.107422683227860971e-01 
9.437878277775390625e+10 3.177240301768856589e+05 1.566995109223501004e+03 1.398102092011871488e+18 4.645913795723568001e+03 4.947176130776454830e+36 1.009226508091405350e-01 1.007849688332322016e-07 4.773859842917215428e+04 6.452201557949128328e+05 2.610175996706479418e+04 2.030020865255336565e-02 3.070077575961852290e+01 2.205456571195178128e+00 8.161666759103775037e-01 1.157921228008434333e+00 4.045704875578871040e-01 
9.771241535346501160e+10 3.289466285820596968e+05 1.534987487566987966e+03 1.398102092011871488e+18 4.526581797147086945e+03 5.034056587991541494e+36 9.603803673989209921e-02 9.633195674488304144e-08 4.661709830105405854e+04 6.022240771136315307e+05 3.026955231708122665e+04 1.977664438739899430e-02 3.113630045504836019e+01 1.976422199764189536e+00 8.490073301805811656e-01 1.166162055779326634e+00 3.983305970977663590e-01 
1.011637979766206970e+11 3.405656298494713847e+05 1.506854287039870087e+03 1.398102092011871488e+18 4.410313875544866278e+03 5.122458118931506762e+36 9.090449470449379898e-02 9.247053098656079067e-08 4.556140482986776624e+04 5.649928522395172622e+05 2.536384107458646031e+04 1.923424939753116611e-02 3.164414482671104878e+01 1.750925617876706530e+00 8.859871603275336627e-01 1.177976352754298572e+00 3.924871715468786770e-01 
1.047370897959448700e+11 3.525950356589027215e+05 1.483735150467598260e+03 1.398102092011871488e+18 4.297031397836482938e+03 5.212407354041799796e+36 8.555548571648505241e-02 8.922648366772575976e-08 4.456906699457122158e+04 5.332978298892047023e+05 2.590400800077919121e+04 1.865924747188510077e-02 3.225546530390085564e+01 1.532237083058050287e+00 9.278638353755975787e-01 1.194548756037976833e+00 3.876777805177178404e-01 
1.084365968689608612e+11 3.650493422552746488e+05 1.467087001873490863e+03 1.398102092011871488e+18 4.186657747064213254e+03 5.303931390004723097e+36 8.003772008248877246e-02 8.662747593326377452e-08 4.363588065414696757e+04 5.069228890963080339e+05 2.932260742300956554e+04 1.803693956109782975e-02 3.300912904667615777e+01 1.323730210183434286e+00 9.756625262758311656e-01 1.217417040783760340e+00 3.847300136223378297e-01 
1.122667773510811310e+11 3.779435579175997991e+05 1.458755474492035091e+03 1.398102092011871488e+18 4.079118270778449642e+03 5.397057797902146269e+36 7.441116902960281942e-02 8.470061591791703668e-08 4.275576678055615776e+04 4.856504141558451811e+05 2.633259744877870253e+04 1.735340908045292230e-02 3.395174645115648815e+01 1.128630229573133414e+00 1.030805082012981710e+00 1.248581369951720088e+00 3.846823730559957855e-01 
1.162322468679849396e+11 3.912932210449700360e+05 1.461084576498810975e+03 1.398102092011871488e+18 3.974340230741188861e+03 5.491814631521138076e+36 6.874667586638717742e-02 8.347047858492723666e-08 4.192082120919129375e+04 4.692509719296771800e+05 2.635738636373791087e+04 1.659753970440114301e-02 3.513763339971011135e+01 9.497103290169608414e-01 1.095302604748592978e+00 1.290666247063356975e+00 3.888303758595615944e-01 
1.203377840777590485e+11 4.051144188813767978e+05 1.477056092149359984e+03 1.398102092011871488e+18 3.872252753914014647e+03 5.588230435805014920e+36 6.312233189071637940e-02 8.295754197763061460e-08 4.112140579797807732e+04 4.574739028970478103e+05 3.081156141103083428e+04 1.576286873742700420e-02 3.662918806376968917e+01 7.890363226768679628e-01 1.171995846770029992e+00 1.347129517689556355e+00 3.988214727050313768e-01 
1.245883364295008087e+11 4.194238069019177929e+05 1.510497891418963036e+03 1.398102092011871488e+18 3.772786784698012070e+03 5.686334255452287939e+36 5.761791925605175280e-02 8.317835127773076919e-08 4.034621561038221989e+04 4.500446552454758785e+05 3.385432529884808173e+04 1.484859569482710299e-02 3.849878641332934137e+01 6.477790793496883692e-01 1.264867000794947627e+00 1.422554574048209508e+00 4.168466040595767974e-01 
1.289890261253308105e+11 4.342386288837771863e+05 1.566381904767981496e+03 1.398102092011871488e+18 3.675875038393564864e+03 5.786155643666293724e+36 5.230883370922694703e-02 8.414777428167214529e-08 3.958216899051458313e+04 4.466678739815675654e+05 2.890302322453260058e+04 1.385936738772742226e-02 4.083346314931285548e+01 5.261544249930930617e-01 1.379422252386356407e+00 1.523045030829587976e+00 4.459947539931954363e-01 
1.335451562929897461e+11 4.495767376861328958e+05 1.651268613914699927e+03 1.398102092011871488e+18 3.581451955849259321e+03 5.887724671057856289e+36 4.726045617630810630e-02 8.588441941587214804e-08 3.881385321252698486e+04 4.470371738009920809e+05 2.954814031548221465e+04 1.280363154839428246e-02 4.374489854654439824e+01 4.234955903990159087e-01 1.523166208922343667e+00 1.656764910241102617e+00 4.909145433591319829e-01 
1.382622173764653625e+11 4.654566167640572530e+05 1.773986483019394655e+03 1.398102092011871488e+18 3.489453659269441687e+03 5.991071934703911081e+36 4.252412659530485639e-02 8.842010538354014888e-08 3.802229141128948686e+04 4.508497257175562554e+05 3.194676943999726063e+04 1.169098503841476712e-02 4.738858561604830300e+01 3.384342788379349765e-01 1.706201669442861890e+00 1.834684269886841079e+00 5.590773860628237557e-01 
1.431458937523481445e+11 4.818974024423280498e+05 1.946725817808680404e+03 1.398102092011871488e+18 3.399817909151011918e+03 6.096228567364702531e+36 3.813528460663085512e-02 9.181608547729971442e-08 3.718238154594769730e+04 4.578239115471638506e+05 3.472924741863222152e+04 1.052882993737196127e-02 5.200150149028366542e+01 2.691425741461000443e-01 1.942004060414064703e+00 2.071617690678685175e+00 6.633851805812767122e-01 
1.482020705798860168e+11 4.989189069759823033e+05 2.186927096655621426e+03 1.398102092011871488e+18 3.312484062320746489e+03 6.203226246862298807e+36 3.411377884112942738e-02 9.619261119879849862e-08 3.625771278631620225e+04 4.677185708747109747e+05 3.462837040723313839e+04 9.318516400826532334e-03 5.798106044408545046e+01 2.135846151598585485e-01 2.248425463112178946e+00 2.387680629298916113e+00 8.281429481784829960e-01 
1.534368408930013123e+11 5.165416424254307058e+05 2.520885178157311657e+03 1.398102092011871488e+18 3.227393031044998224e+03 6.312097205623422509e+36 3.046588816366195551e-02 1.017910751974897241e-07 3.518921827995462809e+04 4.803544479558532475e+05 3.848430433685527532e+04 8.050195559253727970e-03 6.607201002581535931e+01 1.697459750029881864e-01 2.648926302140907740e+00 2.810300911540686286e+00 1.104869057217471306e+00 
1.588565129428052673e+11 5.347868453748654574e+05 2.991650492160721114e+03 1.398102092011871488e+18 3.144487243184645649e+03 6.422874240389232348e+36 2.718753139030732902e-02 1.091349228731454634e-07 3.386583331363556499e+04 4.956418940089786192e+05 4.052835760306895099e+04 6.692815118715654890e-03 7.790228388566242756e+01 1.358529316065189008e-01 3.173527836914337374e+00 3.376545338099761651e+00 1.623994686670594767e+00 
1.644676177994662781e+11 5.536765025237776572e+05 3.680838400677955633e+03 1.398102092011871488e+18 3.063710603368540433e+03 6.535590722095164338e+36 2.426832592167141311e-02 1.195948002893634176e-07 3.202579146278795452e+04 5.136350653079513577e+05 3.965338016428967967e+04 5.165050725205500709e-03 9.807584643351079023e+01 1.107274269812459772e-01 3.855531330893320341e+00 4.132209413785417063e+00 2.834468046448351597e+00 
1.702769172225897827e+11 5.732333771824124269e+05 4.802959369570917261e+03 1.398102092011871488e+18 2.985008455159554615e+03 6.650280605923730836e+36 2.169812974485670759e-02 1.390766675432389211e-07 2.866955346567140441e+04 5.347092538621013518e+05 4.360363166771979013e+04 3.186366923609247614e-03 1.502370938565104552e+02 9.569285192944353147e-02 4.673546418844753525e+00 5.074642054624528775e+00 7.949794651867521544e+00 
1.762914118095944214e+11 5.934810367030925117e+05 7.013787691272903430e+03 1.398102092011871488e+18 2.908327544187948206e+03 6.766978441533316281e+36 1.949597390820397014e-02 8.608784946439628396e-07 4.798315141337923706e+03 5.539532599392511183e+05 4.387734018032836758e+01 2.413302260091826825e-06 6.154625507715705962e-02 4.472621239738975296e-01 1.185235552597760256e+00 1.302363793839196315e+00 5.461899670646560345e+00 
1.825183494319038696e+11 6.144438808804658474e+05 7.509710558084190779e+03 1.398102092011871488e+18 2.833615982227381210e+03 6.885719383466073399e+36 1.755527806549287209e-02 1.142054078419559039e-06 3.641462272887294603e+03 5.577055667885316070e+05 7.752876761051972210e+00 7.951115280694607398e-07 4.285357301322725507e-03 4.615576533059226882e-01 1.026106144803944575e+00 1.114770501847458961e+00 1.106221836800298730e+00 
1.889652339691211548e+11 6.361471713549065171e+05 7.657348883230921274e+03 1.398102092011871488e+18 2.760823212189578044e+03 7.006539201738018941e+36 1.576712371604165400e-02 1.292524005326182705e-06 3.241600126379953508e+03 5.618760930376700126e+05 3.803680005078620585e+00 4.955950715045727402e-07 1.395534611106078642e-03 4.039769714048422888e-01 9.942038407542478362e-01 1.065910443788863793e+00 5.271169136462581228e-01 
1.956398343517064819e+11 6.586170620544828707e+05 7.671523311484055739e+03 1.398102092011871488e+18 2.689899974014244890e+03 7.129474292614504722e+36 1.411867475213054654e-02 1.410220377706202049e-06 3.004669079028500619e+03 5.682325780925357249e+05 2.446240009258617842e+00 3.617347505768297242e-07 6.725565484598469181e-04 3.375413630200054804e-01 9.847214709173440772e-01 1.042696325987506833e+00 3.106988338605602973e-01 
2.025501939230666504e+11 6.818806307122203289e+05 7.615038119786583593e+03 1.398102092011871488e+18 2.620798271431316152e+03 7.254561689574447572e+36 1.260605213224710863e-02 1.517306602374870188e-06 2.836649190016328703e+03 5.771935546999342041e+05 1.795572484141035652e+00 2.828986116847381682e-07 3.876270528954620250e-04 2.753043068501784818e-01 9.827815081894293314e-01 1.029329327208002187e+00 2.016365663360173421e-01 
2.097046401323230591e+11 7.059659114965841873e+05 7.516824742513862475e+03 1.398102092011871488e+18 2.553471339573444311e+03 7.381839074466407763e+36 1.122619712622674633e-02 1.622837058565757777e-06 2.705534491541476200e+03 5.888036411785813980e+05 1.428613620560927444e+00 2.294941306920731386e-07 2.469575954920075526e-04 2.211043754002319783e-01 9.837592032221057492e-01 1.020848912055766666e+00 1.380828492880127878e-01 
2.171117945694500732e+11 7.309019287945454707e+05 7.392810574727764106e+03 1.398102092011871488e+18 2.487873613416939861e+03 7.511344788860035303e+36 9.974847000091015964e-03 1.731413233341537335e-06 2.596862120965964550e+03 6.029650223668337567e+05 1.201033115811481533e+00 1.902099436980923800e-07 1.674772522292656272e-04 1.756601779475778502e-01 9.858008543620792041e-01 1.015149612443741134e+00 9.778097674896431279e-02 
2.247805833548729858e+11 7.567187321879263036e+05 7.252649854746661731e+03 1.398102092011871488e+18 2.423960697030065603e+03 7.643117845596247557e+36 8.846145151394051512e-03 1.845687439571339214e-06 2.502992340320827680e+03 6.195269065447718604e+05 1.051031986078149849e+00 1.597745782218165587e-07 1.183898829991797364e-04 1.384468127792647663e-01 9.880881785422637176e-01 1.011173540855846653e+00 7.080220634328712737e-02 
# Non-converged_fits = 0