# r 	r/rg 	Sigma0 	Mdot 	Teff 	F 	z0r 	rho_c 	T_c 	P_c 	tau 	PradPgas_c 	varkappa_c 	Pi1 	Pi2 	Pi3 	Pi4
# All values are in CGS units.
# M = 2.011658e+00 Msun, alpha = 0.01, structure = BellLin, mu = 0.62
1.000000000000000000e+09 1.683238651875136384e+03 3.327779455517293536e+04 2.796204184023742976e+18 1.969667142622084357e+05 1.383785721104906527e+36 1.262337515312689229e-01 2.294339365622611454e-04 2.545274097162716556e+06 7.831315307105580139e+10 6.471594899222724780e+04 1.351553655279045252e+00 3.669756851970043421e+00 5.300108344460118914e+00 5.745018013024278947e-01 1.212823226631331019e+00 4.105785270655015751e-01 
1.035321843295661569e+09 1.742693743765870749e+03 3.295165071558524505e+04 2.796204184023742976e+18 1.919413835677254829e+05 1.409080442792705637e+36 1.260128354746391510e-01 2.203762784608599939e-04 2.484478705221530516e+06 7.342477410050601196e+10 6.521143391015746602e+04 1.308664333015256975e+00 3.737566040024830283e+00 5.323304856923310346e+00 5.730495478934679587e-01 1.211464181522108108e+00 4.113113521145832507e-01 
1.071891319205126405e+09 1.804248899095498473e+03 3.262111090088649144e+04 2.796204184023742976e+18 1.870436310146067117e+05 1.434818015931461214e+36 1.258032156635035814e-01 2.116010122105009301e-04 2.424937069901025854e+06 6.881144993599557495e+10 6.568932553512176673e+04 1.267275245877109935e+00 3.806233524957599368e+00 5.346274225460462937e+00 5.716214459101296441e-01 1.210125788329925234e+00 4.120360941587505321e-01 
1.109752496412069798e+09 1.867978295975719675e+03 3.228643240983792202e+04 2.796204184023742976e+18 1.822702456654217967e+05 1.461006193814923565e+36 1.256047083897787742e-01 2.031035314063932783e-04 2.366630104986873921e+06 6.446000797654164886e+10 6.614930210541139240e+04 1.227328881711087893e+00 3.875759947844193309e+00 5.369009774525122403e+00 5.702174956866137290e-01 1.208808096951951683e+00 4.127525667106839991e-01 
1.148951000187310934e+09 1.933958732625878838e+03 3.194787333225452676e+04 2.796204184023742976e+18 1.776180961563446617e+05 1.487652865478900164e+36 1.254171321309128506e-01 1.948790848739624746e-04 2.309538856979652774e+06 6.035774426021613312e+10 6.659107196121595916e+04 1.188770073725087251e+00 3.946146009966660984e+00 5.391505190982808671e+00 5.688376759510589409e-01 1.207511137942094859e+00 4.134605989672171522e-01 
1.189534067370320797e+09 2.002269719919966519e+03 3.160569205721940307e+04 2.796204184023742976e+18 1.730841287815277756e+05 1.514766058077761204e+36 1.252403080400324997e-01 1.869227881636145977e-04 2.253644502664457541e+06 5.649241697580860138e+10 6.701437169319440727e+04 1.151545903098187162e+00 4.017392485485545173e+00 5.413754566144315383e+00 5.674819425880369694e-01 1.206234923371156453e+00 4.141600352515392158e-01 
1.231550603292826176e+09 2.072993577202627876e+03 3.126014695666236366e+04 2.796204184023742976e+18 1.686653656209420878e+05 1.542353939302600257e+36 1.250740584965640556e-01 1.792296121755546209e-04 2.198928399346632417e+06 5.285223396846637726e+10 6.741896519304218236e+04 1.115605828284878198e+00 4.089499529559529556e+00 5.435751568401079759e+00 5.661503119396326111e-01 1.204979609503580962e+00 4.148506258422672843e-01 
1.275051240713012934e+09 2.146215531489492150e+03 3.091149565488289227e+04 2.796204184023742976e+18 1.643589027108373703e+05 1.570424819841684016e+36 1.249182075765218058e-01 1.717944367002649682e-04 2.145371996355630923e+06 4.942585591374873352e+10 6.780464183549543668e+04 1.080901205904615470e+00 4.162467804570794350e+00 5.457490644718159700e+00 5.648427325012289613e-01 1.203745227019419550e+00 4.155322021659018095e-01 
1.320088400831416845e+09 2.222023820171478746e+03 3.055999449599989020e+04 2.796204184023742976e+18 1.601619082559693197e+05 1.598987155884005742e+36 1.247725820121532853e-01 1.646120663370417782e-04 2.092956814825029811e+06 4.620238869926760101e+10 6.817122148496824957e+04 1.047385145779530680e+00 4.236298821636252043e+00 5.478967365109761012e+00 5.635590547761344382e-01 1.202531623379642145e+00 4.162047226671616307e-01 
1.366716356462004423e+09 2.300509797346802770e+03 3.020589839534879866e+04 2.796204184023742976e+18 1.560716208827595983e+05 1.628049551666662261e+36 1.246370104045628896e-01 1.576772015267285205e-04 2.041664540016386192e+06 4.317136544397540283e+10 6.851855250689867535e+04 1.015012823664831032e+00 4.310993696070835490e+00 5.500177102163626763e+00 5.622991705375647298e-01 1.201338751551734418e+00 4.168680786946917238e-01 
1.414991297434578896e+09 2.381768043908830805e+03 2.984946028912108886e+04 2.796204184023742976e+18 1.520853479325635126e+05 1.657620762066832836e+36 1.245113227432724373e-01 1.509844684892070398e-04 1.991476981531772297e+06 4.032274236927077484e+10 6.884650950262435072e+04 9.837412290224148981e-01 4.386553681058180665e+00 5.521115515463453249e+00 5.610629581676679356e-01 1.200166547580073129e+00 4.175221753674053238e-01 
1.464971398307287931e+09 2.465896481522393060e+03 2.949093072540521825e+04 2.796204184023742976e+18 1.482004637942326663e+05 1.687709695239120790e+36 1.243953516779343071e-01 1.445284307364635013e-04 1.942376073605949059e+06 3.764688977974522400e+10 6.915499399175935832e+04 9.535290896691761553e-01 4.462980178549529775e+00 5.541778657918731810e+00 5.598502779242593430e-01 1.199014931503425530e+00 4.181669310482293289e-01 
1.516716888470924139e+09 2.552996490626050218e+03 2.913055747279480420e+04 2.796204184023742976e+18 1.444144082751619280e+05 1.718325415299105259e+36 1.242889321899602190e-01 1.383036004323573648e-04 1.894343875762842363e+06 3.513458272401770782e+10 6.944393433126724267e+04 9.243367994764012385e-01 4.540274749718784975e+00 5.562162941506327840e+00 5.586609744060486715e-01 1.197883808224965874e+00 4.188022768132111939e-01 
1.570290124729377508e+09 2.643173032602317107e+03 2.876858514776357697e+04 2.796204184023742976e+18 1.407246850100374140e+05 1.749477145053838288e+36 1.241919004510053520e-01 1.323044495520033154e-04 1.847362573809430003e+06 3.277699136559578705e+10 6.971328651734560844e+04 8.961263490108242191e-01 4.618439124945918905e+00 5.582265028515018379e+00 5.574948826281147518e-01 1.196773068349892943e+00 4.194281559187623687e-01 
1.625755666443793535e+09 2.736534776263215008e+03 2.840525486285106672e+04 2.796204184023742976e+18 1.371288599064972077e+05 1.781174268780165914e+36 1.241040952928652019e-01 1.265254207976411970e-04 1.801414481136292452e+06 3.056567109516066742e+10 6.996303249820276687e+04 8.688612590033862881e-01 4.697475213332653610e+00 5.602081955427382631e+00 5.563518223438996824e-01 1.195682589041332955e+00 4.200445232903460280e-01 
1.683180353330955029e+09 2.833194228803512488e+03 2.804080389458490026e+04 2.796204184023742976e+18 1.336245596269381058e+05 1.813426335051683731e+36 1.240253582118839432e-01 1.209609382324641129e-04 1.756482040296663996e+06 2.849255241696797180e+10 7.019317974569612124e+04 8.425065165326314220e-01 4.777385111780329652e+00 5.621611126992504204e+00 5.552315989372216265e-01 1.194612234822741037e+00 4.206513450131988407e-01 
1.742633386009647131e+09 2.933267871379482585e+03 2.767546537161320521e+04 2.796204184023742976e+18 1.302094701057087950e+05 1.846243059615195540e+36 1.239555317656579336e-01 1.156054175950421660e-04 1.712547824840233196e+06 2.654993064213477707e+10 7.040376086253339599e+04 8.170285138365571687e-01 4.858171113552410603e+00 5.640850163495016112e+00 5.541340114642361314e-01 1.193561858338959114e+00 4.212485978140915188e-01 
1.804186409392075539e+09 3.036876299476560234e+03 2.730946811419039295e+04 2.796204184023742976e+18 1.268813351009433536e+05 1.879634328317522462e+36 1.238944611774297488e-01 1.104532639462004617e-04 1.669594586478656158e+06 2.473045333275291443e+10 7.059483261259063147e+04 7.923951422305163250e-01 4.939834892731199467e+00 5.659796402583149977e+00 5.530589105935476146e-01 1.192531440517718977e+00 4.218361546392874195e-01 
1.867913599020784616e+09 3.144144368234979538e+03 2.694303604846454618e+04 2.796204184023742976e+18 1.236379547803019232e+05 1.913610200083543241e+36 1.238419945556146623e-01 1.054989134775504767e-04 1.627605144245978678e+06 2.302711533972119904e+10 7.076647471616420080e+04 7.685753461199120729e-01 5.022379518095381634e+00 5.678448495126878548e+00 5.520060373721156211e-01 1.191520742702018909e+00 4.224140645896727886e-01 
1.933891750455232143e+09 3.255201342908712832e+03 2.657638817857098547e+04 2.796204184023742976e+18 1.204771843398899364e+05 1.948180909946412845e+36 1.237979809833499034e-01 1.007368185757542101e-04 1.586562467008151580e+06 2.143324373297269058e+10 7.091878952465517796e+04 7.455393519876081232e-01 5.105808087993406907e+00 5.696805107485536368e+00 5.509751466360800487e-01 1.190529553761964232e+00 4.229823582005908800e-01 
2.002200371815584421e+09 3.370181054638761452e+03 2.620973835928814151e+04 2.796204184023742976e+18 1.173969326556522719e+05 1.983356872130786696e+36 1.237622721963771572e-01 9.616145770410087384e-05 1.546449674603712745e+06 1.994248734976941681e+10 7.105190098152411520e+04 7.232586079895308995e-01 5.190123735512371717e+00 5.714865082099073845e+00 5.499659982140512327e-01 1.189557686657272351e+00 4.235410480948122447e-01 
2.072921779595369816e+09 3.489222061728718927e+03 2.584329506062538348e+04 2.796204184023742976e+18 1.143951609665368742e+05 2.019148683190052234e+36 1.237347229748674143e-01 9.176734682924932510e-05 1.507250029582107440e+06 1.854880656462140274e+10 7.116595454401177994e+04 7.017056967624769603e-01 5.275329829491095524e+00 5.732627619024749599e+00 5.489783403299060005e-01 1.188604945360260734e+00 4.240901557073334383e-01 
2.146141197858401537e+09 3.612467816616866457e+03 2.547726118355521976e+04 2.796204184023742976e+18 1.114698815887430828e+05 2.055567125198476587e+36 1.237151890091416628e-01 8.754904726463058910e-05 1.468946940002886113e+06 1.724646251282323456e+10 7.126111647154235106e+04 6.808542881160906113e-01 5.361429980289178054e+00 5.750092069592833255e+00 5.480119197911759166e-01 1.187671125543872996e+00 4.246297107914430158e-01 
2.221946860939519405e+09 3.740066838746028225e+03 2.511183389797449854e+04 2.796204184023742976e+18 1.086191566603774263e+05 2.092623168999245219e+36 1.237035286273623219e-01 8.350117305145376739e-05 1.431523962300040992e+06 1.603000634588683701e+10 7.133757190201076446e+04 6.606790936941955295e-01 5.448428045073780090e+00 5.767258086313938215e+00 5.470664750046149161e-01 1.186756015306556833e+00 4.251597509555599674e-01 
2.300430119772921562e+09 3.872172893539531287e+03 2.474720450023583180e+04 2.796204184023742976e+18 1.058410969158537628e+05 2.130327977509367912e+36 1.236996032881097912e-01 7.961839786885057291e-05 1.394964804186266148e+06 1.489426854646129036e+10 7.139552430069677939e+04 6.411558235343226553e-01 5.536328132579878769e+00 5.784125660322226636e+00 5.461417344766192894e-01 1.185859395833511076e+00 4.256803211934871989e-01 
2.381685551976160526e+09 4.008945177698842599e+03 2.438355829237057333e+04 2.796204184023742976e+18 1.031338604893864685e+05 2.168692909082424580e+36 1.237032753106198646e-01 7.589546148160128229e-05 1.359253327591408044e+06 1.383434833159058762e+10 7.143519466127631313e+04 6.222611443701304701e-01 5.625134608053157237e+00 5.800694900705308577e+00 5.452374274374187646e-01 1.184981042070704094e+00 4.261914734859117426e-01 
2.465811075822603703e+09 4.150548511046419662e+03 2.402107447599084117e+04 2.796204184023742976e+18 1.004956517469313403e+05 2.207729520930229983e+36 1.237144096314061192e-01 7.232717568593422560e-05 1.324373551569511183e+06 1.284560316138512421e+10 7.145682037159940228e+04 6.039726398491194193e-01 5.714852096338092657e+00 5.816966188452942887e+00 5.443532766901697517e-01 1.184120723238444306e+00 4.266932662584771996e-01 
2.552908068239516735e+09 4.297153535144642774e+03 2.365992607225392567e+04 2.796204184023742976e+18 9.792472014595216024e+04 2.247449572604359169e+36 1.237328743530280856e-01 6.890842981432699103e-05 1.290309655223873211e+06 1.192363838805105209e+10 7.146065444307471626e+04 5.862687722121885381e-01 5.805485486351562585e+00 5.832940220007978738e+00 5.434889967453774284e-01 1.183278203540607754e+00 4.271857640685215451e-01 
2.643081486974102974e+09 4.448936918930419779e+03 2.330027985423021164e+04 2.796204184023742976e+18 9.541935912238997116e+04 2.287865029538646620e+36 1.237585383941463280e-01 6.563419574878446628e-05 1.257045980572344735e+06 1.106429705565507317e+10 7.144696455476178380e+04 5.691288457212941854e-01 5.897039934019955965e+00 5.848617777276152729e+00 5.426443046737640108e-01 1.182453242648999980e+00 4.276690371417490866e-01 
2.736439997074666500e+09 4.606081571613163760e+03 2.294229629952434334e+04 2.796204184023742976e+18 9.297790500423123012e+04 2.328988066653704847e+36 1.237912732673584482e-01 6.249953247600473476e-05 1.224567035363202449e+06 1.026364987555157089e+10 7.141603174160582421e+04 5.525329715902037586e-01 5.989520865180521625e+00 5.863999885681885793e+00 5.418189127720962617e-01 1.181645596265965770e+00 4.281431609890941070e-01 
2.833096101839318275e+09 4.768776863092718486e+03 2.258612955939711173e+04 2.796204184023742976e+18 9.059873595108017616e+04 2.370831072024547653e+36 1.238309536421754592e-01 5.949959018710647586e-05 1.192857495821848512e+06 9.517985393986835480e+09 7.136814974482712569e+04 5.364620343934302094e-01 6.082933978181065626e+00 5.879087859550510942e+00 5.410125265772243175e-01 1.180855016643872712e+00 4.286082160348282932e-01 
2.933166278390048504e+09 4.937218852162876829e+03 2.223192744300765480e+04 2.796204184023742976e+18 8.828027091915125493e+04 2.413406650612430511e+36 1.238774549646639994e-01 5.662961393090959163e-05 1.161902209317414556e+06 8.823800367539978027e+09 7.130362401405660785e+04 5.208976599071676317e-01 6.177285246063923374e+00 5.893883068183662033e+00 5.402248556953715974e-01 1.180081253040773381e+00 4.290642872292074195e-01 
3.036771118035460472e+09 5.111610522775359641e+03 2.187983142955275980e+04 2.796204184023742976e+18 8.602096865111128136e+04 2.456727628062001856e+36 1.239306552471355627e-01 5.388494618163044265e-05 1.131686201510225656e+06 8.177790294692893982e+09 7.122277078369958326e+04 5.058221965680759213e-01 6.272580786708756406e+00 5.908387024882074456e+00 5.394556131684115075e-01 1.179324067194275738e+00 4.295114479517099793e-01 
3.144035471591500282e+09 5.292162028649286185e+03 2.152997669771944493e+04 2.796204184023742976e+18 8.381932669020630419e+04 2.500807054564983371e+36 1.239904356171693950e-01 5.126102901362774569e-05 1.102194684429584770e+06 7.576840198626029015e+09 7.112591605469906062e+04 4.912187000201380105e-01 6.368826676753920779e+00 5.922601339491291306e+00 5.387045220379951260e-01 1.178583252777031909e+00 4.299497382168287474e-01 
3.255088599835056305e+09 5.479090946520485886e+03 2.118249204796898630e+04 2.796204184023742976e+18 8.167388041812811571e+04 2.545658208791442978e+36 1.240566779333709679e-01 4.875341230677625759e-05 1.073413016393234255e+06 7.018016270452403069e+09 7.101339499751261610e+04 4.770707925907460845e-01 6.466030202561822371e+00 5.936528154873394136e+00 5.379712628043310518e-01 1.177858496314598380e+00 4.303793126694400728e-01 
3.370064329271924973e+09 5.672622538336160687e+03 2.083750006631108408e+04 2.796204184023742976e+18 7.958320211607695092e+04 2.591294601889925250e+36 1.241292665917253096e-01 4.635774863804561574e-05 1.045326753702442278e+06 6.498556476599172592e+09 7.088555079115674016e+04 4.633627690939201016e-01 6.564198450163567955e+00 5.950169535367256124e+00 5.372555392565839805e-01 1.177149539163499625e+00 4.308002710926442935e-01 
3.489101213406766415e+09 5.872990022710708217e+03 2.049511713544168742e+04 2.796204184023742976e+18 7.754590004849358229e+04 2.637729981557601822e+36 1.242080890220701589e-01 4.406979747880732979e-05 1.017921635439953883e+06 6.015862418580676079e+09 7.074273371011707059e+04 4.500795240672217923e-01 6.663338788284381309e+00 5.963527777025638521e+00 5.365570510839984264e-01 1.176456121704228641e+00 4.312127163155133891e-01 
3.612342699709437847e+09 6.080434855969905584e+03 2.015545349873836676e+04 2.796204184023742976e+18 7.556061756894197606e+04 2.684978336181692940e+36 1.242930333605112431e-01 4.188542646419429744e-05 9.911835854174577398e+05 5.567491189900998116e+09 7.058530040095641743e+04 4.372065270183186914e-01 6.763458868923988732e+00 5.976605177427859239e+00 5.358755042014240466e-01 1.175777983676085325e+00 4.316167539001742881e-01 
3.739937302478801727e+09 6.295207023121953171e+03 1.981861333582570660e+04 2.796204184023742976e+18 7.362603224763611797e+04 2.733053899053365827e+36 1.243839902434349526e-01 3.980061232322199173e-05 9.650987139744898304e+05 5.151147503580158234e+09 7.041361293803541048e+04 4.247297987290409305e-01 6.864566627708867053e+00 5.989404200693941860e+00 5.352106032299295268e-01 1.175114864554664296e+00 4.320124918657132218e-01 
3.872038781812557220e+09 6.517565339106414285e+03 1.948469484735855440e+04 2.796204184023742976e+18 7.174085502011053904e+04 2.781971152655461928e+36 1.244808532336079965e-01 3.781144148805833170e-05 9.396533196249949979e+05 4.764676093183108330e+09 7.022803807363547094e+04 4.126358885707495094e-01 6.966670284064170104e+00 6.001927512443097079e+00 5.345620499083368893e-01 1.174466503886181901e+00 4.324000404180757262e-01 
4.008806328898464680e+09 6.747777760683567067e+03 1.915379034794371910e+04 2.796204184023742976e+18 6.990382935655125766e+04 2.831744833025238661e+36 1.245835165710421355e-01 3.591411040077103990e-05 9.148338905482747359e+05 4.406054388894424438e+09 7.002894646481469681e+04 4.009118527887453043e-01 7.069778341225625873e+00 6.014177757005222169e+00 5.339295529494686443e-01 1.173832641559409140e+00 4.327795116777349849e-01 
4.150404757850472450e+09 6.986121709340381130e+03 1.882598636818657178e+04 2.796204184023742976e+18 6.811373045130723040e+04 2.882389934193521710e+36 1.246918769637945790e-01 3.410492553566561562e-05 8.906271059204500634e+05 4.073385468939448357e+09 6.981671195779451227e+04 3.895452337168305856e-01 7.173899586074813151e+00 6.026157723845475545e+00 5.333128205111422604e-01 1.173213018120878859e+00 4.331510194433950689e-01 
4.297004704320835114e+09 7.232884405602121660e+03 1.850136376363244199e+04 2.796204184023742976e+18 6.636936443211558799e+04 2.933921712701568282e+36 1.248058339109392456e-01 3.238030315592522714e-05 8.670198370855276007e+05 3.764891285639625549e+09 6.959171082960633794e+04 3.785240398811017259e-01 7.279043088842453990e+00 6.037870373523867684e+00 5.327115589932339690e-01 1.172607375047751477e+00 4.335146789602246087e-01 
4.448782831127575874e+09 7.488363215152433440e+03 1.817999782967398278e+04 2.796204184023742976e+18 6.466956758858333342e+04 2.986355692197010531e+36 1.249252875662309054e-01 3.073676882285908028e-05 8.439991485653962009e+05 3.478906164334514618e+09 6.935432111018558498e+04 3.678367269557026864e-01 7.385218202692019673e+00 6.049318625895301338e+00 5.321254822896958059e-01 1.172015454964422165e+00 4.338706066855269605e-01 
4.605922041145112991e+09 7.752866007179077315e+03 1.786195842330476444e+04 2.796204184023742976e+18 6.301320561947698297e+04 3.039707668110271051e+36 1.250501405216669915e-01 2.917095667563724868e-05 8.215522989071939373e+05 3.213870572453386307e+09 6.910492192140307452e+04 3.574721795352158726e-01 7.492434563176959550e+00 6.060505527410615656e+00 5.315543042775620064e-01 1.171437001902188912e+00 4.342189200895946732e-01 
4.768611697714474678e+09 8.026711525376917962e+03 1.754731008963368731e+04 2.796204184023742976e+18 6.139917289838271972e+04 3.093993712412819344e+36 1.251802979979075858e-01 2.767960849953219894e-05 7.996667413695619907e+05 2.968325155253782749e+09 6.884389277336464147e+04 3.474196936878284903e-01 7.600702087608158131e+00 6.071434265135875918e+00 5.309977381282783293e-01 1.170871761517155774e+00 4.345597374591296802e-01 
4.937047852839003563e+09 8.310229772055761714e+03 1.723611219241167055e+04 2.796204184023742976e+18 5.982639175730492570e+04 3.149230178458795768e+36 1.253156658565483250e-01 2.625957260005036610e-05 7.783301244491809048e+05 2.740905033965888023e+09 6.857161299126794620e+04 3.376689602565352555e-01 7.710030974334645570e+00 6.082107969644491519e+00 5.304555048170073173e-01 1.170319481258941252e+00 4.348931776978388064e-01 
5.111433483440165520e+09 8.603762405815257807e+03 1.692841904934802369e+04 2.796204184023742976e+18 5.829381178778649337e+04 3.205433705911340568e+36 1.254561523716898053e-01 2.490780249978316883e-05 7.575302922478059772e+05 2.530334361408386707e+09 6.828846116240049014e+04 3.282100488760886225e-01 7.820431701947239134e+00 6.092529882561811938e+00 5.299273256595630199e-01 1.169779910581449700e+00 4.352193601614101626e-01 
5.291978735958436966e+09 8.907663153266568770e+03 1.662428007028549837e+04 2.796204184023742976e+18 5.680040915913728531e+04 3.262621225755198181e+36 1.256016682569897069e-01 2.362135547458275249e-05 7.372552846832931973e+05 2.335421129607988834e+09 6.799481459711976640e+04 3.190333926747462856e-01 7.931915028426060665e+00 6.102703355547443920e+00 5.294129222696835058e-01 1.169252801112016682e+00 4.355384044924652254e-01 
5.478901179593934059e+09 9.222298235296788334e+03 1.632373989769271611e+04 2.796204184023742976e+18 5.534518595336878207e+04 3.320809965397084961e+36 1.257521248647290868e-01 2.239739094492620790e-05 7.174933375476066722e+05 2.155052223431384087e+09 6.769104881889627723e+04 3.101297736319458820e-01 8.044491990229577283e+00 6.112631671779947595e+00 5.289120241796733124e-01 1.168737906779399705e+00 4.358504304529455253e-01 
5.672426068491989136e+09 9.548046808389835860e+03 1.602683855013718676e+04 2.796204184023742976e+18 5.392716951644176152e+04 3.380017453855342672e+36 1.259074359394670717e-01 2.123316873767927706e-05 6.982328824132300215e+05 1.988188713804617405e+09 6.737753708124176774e+04 3.014903085624424661e-01 8.158173901352419932e+00 6.122318212978749230e+00 5.284243614590874438e-01 1.168234983981849995e+00 4.361555577898725833e-01 
5.872786613189489365e+09 9.885301421535425106e+03 1.573361156697545266e+04 2.796204184023742976e+18 5.254541182544199546e+04 3.440261527040432026e+36 1.260675174492313644e-01 2.012604723302293322e-05 6.794625463931726990e+05 1.833861383770985842e+09 6.705464987332321471e+04 2.931064357005133125e-01 8.272972352353066938e+00 6.131766440088229686e+00 5.279496654533361033e-01 1.167743791713459656e+00 4.364539060980559548e-01 
6.080224261649427414e+09 1.023446848927727842e+04 1.544409015393365917e+04 2.796204184023742976e+18 5.119898887130524963e+04 3.501560333127935011e+36 1.262322860125207336e-01 1.907348141050490333e-05 6.611711517584695248e+05 1.691166480329147339e+09 6.672275451478357718e+04 2.849699018586430710e-01 8.388899209347014718e+00 6.140979737502147096e+00 5.274876753599976320e-01 1.167264091658012148e+00 4.367455946811301115e-01 
6.294988990221887589e+09 1.059596878146991730e+04 1.515830133012371334e+04 2.796204184023742976e+18 4.988700005672621774e+04 3.563932338025560059e+36 1.264016606266044895e-01 1.807302080750580170e-05 6.433477154156034812e+05 1.559261684762835264e+09 6.638221476838461240e+04 2.770727501339131926e-01 8.505966613011400668e+00 6.149961578638129645e+00 5.270381309681514415e-01 1.166795648320246181e+00 4.370307424447792966e-01 
6.517339604882420540e+09 1.097023793033472066e+04 1.487626807489558814e+04 2.796204184023742976e+18 4.860856760888853023e+04 3.627396330935897330e+36 1.265755622686313420e-01 1.712230740280448131e-05 6.259814482502298197e+05 1.437362294020850420e+09 6.603339053568610689e+04 2.694073081398964398e-01 8.624186977575948987e+00 6.158715484908631410e+00 5.266007743173480860e-01 1.166338229114745495e+00 4.373094677832923272e-01 
6.747544053110686302e+09 1.135772695542612564e+04 1.459800947442537836e+04 2.796204184023742976e+18 4.736283600666418351e+04 3.691971430016552135e+36 1.267539125949374013e-01 1.621907343715116442e-05 6.090617543415850960e+05 1.324737605572844267e+09 6.567663740808666626e+04 2.619661767410942921e-01 8.743572989802965267e+00 6.167244897098430378e+00 5.261753550633250232e-01 1.165891604431807949e+00 4.375818884664353092e-01 
6.985879746785234451e+09 1.175890280714059736e+04 1.432354086844906124e+04 2.796204184023742976e+18 4.614897142193774198e+04 3.757677088139384904e+36 1.269366356347759184e-01 1.536113918207507954e-05 5.925782300507146865e+05 1.220707498094511032e+09 6.531230632750070072e+04 2.547422192658908568e-01 8.864137608015216330e+00 6.175553338390600722e+00 5.257616233828533714e-01 1.165455547737208386e+00 4.378481215567659457e-01 
7.232633896483548164e+09 1.217424892942338374e+04 1.405287399570812340e+04 2.796204184023742976e+18 4.496616117471808684e+04 3.824533098750577805e+36 1.271236571255683900e-01 1.454641066749208720e-05 5.765206629897648236e+05 1.124639200320126772e+09 6.494074334678303421e+04 2.477285511795039030e-01 8.985894061118720799e+00 6.183644348087994125e+00 5.253593326947439968e-01 1.165029835628474730e+00 4.381082833162916468e-01 
7.488103857590030670e+09 1.260426584235085284e+04 1.378601713823268619e+04 2.796204184023742976e+18 4.381361320170915133e+04 3.892559601833263486e+36 1.273149035320703670e-01 1.377287737795022134e-05 5.608790308767112438e+05 1.035944240400728226e+09 6.456228936340411747e+04 2.409185301960690972e-01 9.108855847638929859e+00 6.191521384810322992e+00 5.249682436386783335e-01 1.164614247878364761e+00 4.383624891166097437e-01 
7.752597488629464149e+09 1.304947174529122822e+04 1.352297526472310346e+04 2.796204184023742976e+18 4.269055553801505448e+04 3.961777089974629691e+36 1.275103036943961710e-01 1.303860992669439908e-05 5.456435002792529995e+05 9.540755681539493799e+08 6.417727987921319436e+04 2.343057468086263140e-01 9.233036734834717763e+00 6.199187985687413693e+00 5.245881171967563539e-01 1.164208567507906800e+00 4.386108533771356233e-01 
8.026433522257173538e+09 1.351040314136956840e+04 1.326375017175744142e+04 2.796204184023742976e+18 4.159623581166817166e+04 4.032206414539153152e+36 1.277097878604479819e-01 1.234175771607127239e-05 5.308044252556374995e+05 8.785248426770995855e+08 6.378604477528253483e+04 2.278840152216994874e-01 9.358450757807030840e+00 6.206647671223193719e+00 5.242187186191713533e-01 1.163812580814325814e+00 4.388534894882187842e-01 
8.309941949353386879e+09 1.398761548399023923e+04 1.300834062317396820e+04 2.796204184023742976e+18 4.052992075066955294e+04 4.103868791949967413e+36 1.279132870753290074e-01 1.168054659213992714e-05 5.163523458963516750e+05 8.088198778916981220e+08 6.338890812232642929e+04 2.216473646671540121e-01 9.485112218649714322e+00 6.213903885188603482e+00 5.238598198316436472e-01 1.163426077397175629e+00 4.390905097423906112e-01 
8.603464416684492111e+09 1.448168384619571225e+04 1.275674248772644933e+04 2.796204184023742976e+18 3.949089570224233466e+04 4.176785810080179741e+36 1.281207347705692057e-01 1.105327650074295674e-05 5.022779867710246472e+05 7.445222387199126482e+08 6.298618799646569096e+04 2.155900310850553392e-01 9.613035685698713806e+00 6.220960148518331678e+00 5.235111928311431129e-01 1.163048850208907137e+00 4.393220252904413425e-01 
8.907354638610458374e+09 1.499320361366841098e+04 1.250894887389437463e+04 2.796204184023742976e+18 3.847846416400327143e+04 4.250979434756102809e+36 1.283320654561432572e-01 1.045831915167121348e-05 4.885722552884024335e+05 6.852249807480596304e+08 6.257819633032453567e+04 2.097064491568317313e-01 9.742235992769272102e+00 6.227819931705068868e+00 5.231726149574004170e-01 1.162680695558132582e+00 4.395481460776519689e-01 
9.221978823334341049e+09 1.552279120221035373e+04 1.226495026241570304e+04 2.796204184023742976e+18 3.749194732676629064e+04 4.326472016374296594e+36 1.285472145327018201e-01 9.894115696988904225e-06 4.752262399726856383e+05 6.305505263938488960e+08 6.216523877926434943e+04 2.039912446726458994e-01 9.872728238468928552e+00 6.234486636399858561e+00 5.228438695392637614e-01 1.162321413122937575e+00 4.397689807943056528e-01 
9.547716114208065033e+09 1.607108480056609915e+04 1.202473463646270829e+04 2.796204184023742976e+18 3.653068362869507837e+04 4.403286296634550275e+36 1.287661198070387536e-01 9.359174429027272338e-06 4.622312086611115956e+05 5.801486707804217339e+08 6.174761460549527692e+04 1.984392272176600525e-01 1.000452778562000944e+01 6.240963742385072344e+00 5.225247396277844514e-01 1.161970805982755373e+00 4.399846368467579816e-01 
9.884959046625585556e+09 1.663874513948298409e+04 1.178828760849066202e+04 2.796204184023742976e+18 3.559402832053307793e+04 4.481445415390647032e+36 1.289887198062149853e-01 8.852068503004148037e-06 4.495786066304904525e+05 5.336947107180590034e+08 6.132561658282077406e+04 1.930453831666366360e-01 1.013765026065723340e+01 6.247254643964306631e+00 5.222150147502806483e-01 1.161628680599981811e+00 4.401952203037277078e-01 
1.023411402105452728e+10 1.722645628793625292e+04 1.155559254453914400e+04 2.796204184023742976e+18 3.468135304164073750e+04 4.560972917621122405e+36 1.292149540664124518e-01 8.371433688747018928e-06 4.372600546551167499e+05 4.908876903943498731e+08 6.089953095272247447e+04 1.878048689696780182e-01 1.027211155314158475e+01 6.253362678314243972e+00 5.219144896049223714e-01 1.161294846824699745e+00 4.404008358645315480e-01 
1.059560179277614784e+10 1.783492647747830415e+04 1.132663068637081415e+04 2.796204184023742976e+18 3.379204540657905454e+04 4.641892760522049206e+36 1.294447645590347251e-01 7.915966156017536701e-06 4.252673470032244804e+05 4.514487576216814518e+08 6.046963729585806868e+04 1.827130047070927021e-01 1.040792781593795446e+01 6.259291263894141366e+00 5.216229581911765445e-01 1.160969117973442710e+00 4.406015868843154992e-01 
1.096985797892381859e+10 1.846488895570543900e+04 1.110138126666862081e+04 2.796204184023742976e+18 3.292550860198320152e+04 4.724229320724004709e+36 1.296780935864541573e-01 7.484420293821186264e-06 4.135924493687973591e+05 4.151196244888529181e+08 6.003620849294001528e+04 1.777652679628743959e-01 1.054511546258517996e+01 6.265043696978122689e+00 5.213402222066564340e-01 1.160651310541867876e+00 4.407975751604054637e-01 
1.135733358343102837e+10 1.911710286987065774e+04 1.087982162818946745e+04 2.796204184023742976e+18 3.208116099347660565e+04 4.808007401635387139e+36 1.299148846072913921e-01 7.075606574721502652e-06 4.022274967665439472e+05 3.816611271551547050e+08 5.959951074677274300e+04 1.729572878535339531e-01 1.068369117035158311e+01 6.270623232444440198e+00 5.210660875560205740e-01 1.160341244579472741e+00 4.409889011680719895e-01 
1.175849554052158165e+10 1.979235418170735284e+04 1.066192733312798555e+04 2.796204184023742976e+18 3.125843574238074871e+04 4.893252240914310380e+36 1.301550835492458480e-01 6.688389456201655745e-06 3.911647913606632501e+05 3.508518786174349785e+08 5.915980348443237017e+04 1.682848393996305425e-01 1.082367187787684770e+01 6.276033211026526004e+00 5.208003589970855440e-01 1.160038743443112974e+00 4.411756638864515190e-01 
1.217382727739661980e+10 2.049145661456585003e+04 1.044767227199289300e+04 2.796204184023742976e+18 3.045678043198329033e+04 4.979989518071256297e+36 1.303986362610131400e-01 6.321685329443464530e-06 3.803968002607373055e+05 3.224870096574355364e+08 5.871733937112054264e+04 1.637438380839264518e-01 1.096507478550351422e+01 6.281276814008794673e+00 5.205428502264337620e-01 1.159743633805103480e+00 4.413579607989563391e-01 
1.260382929679727364e+10 2.121525263400539188e+04 1.023702876915510933e+04 2.796204184023742976e+18 2.967565670312968723e+04 5.068245362204943235e+36 1.306454899228418343e-01 5.974460514247623997e-06 3.699161532744996948e+05 2.963769926980234385e+08 5.827236432127382432e+04 1.593303346400025688e-01 1.110791735527652868e+01 6.286357200497143971e+00 5.202933780870285796e-01 1.159455745651679415e+00 4.415358878934433906e-01 
1.304901978014401627e+10 2.196461446302160402e+04 1.002996768504995271e+04 2.796204184023742976e+18 2.891453989891300080e+04 5.158046359873519845e+36 1.308955941936480460e-01 5.645729302265470919e-06 3.597156406257443014e+05 2.723465437609003186e+08 5.782511754376473255e+04 1.550405100546454196e-01 1.125221731101949629e+01 6.291277618610979339e+00 5.200517579006487257e-01 1.159174912275242386e+00 4.417095396630499327e-01 
1.350993521198025131e+10 2.274044513313407515e+04 9.826458514496476710e+03 2.796204184023742976e+18 2.817291871823811380e+04 5.249419563103623082e+36 1.311488982672757153e-01 5.334552049861959939e-06 3.497882106432263972e+05 2.502335979038920701e+08 5.737583153250304167e+04 1.508706707771179101e-01 1.139799263833196896e+01 6.296041123134332729e+00 5.198178150507087869e-01 1.158900970205883896e+00 4.418790090684170391e-01 
1.398713102647235870e+10 2.354367957260022740e+04 9.626469482677968699e+03 2.796204184023742976e+18 2.745029487804397286e+04 5.342392497539642666e+36 1.314053529057616077e-01 5.040033319094357223e-06 3.401269675320226816e+05 2.298883536875926256e+08 5.692473214879380976e+04 1.468172443402255001e-01 1.154526156991005337e+01 6.300650769276296082e+00 5.195913770327524883e-01 1.158633759841672939e+00 4.420443864089975139e-01 
1.448118227674535942e+10 2.437528573306697945e+04 9.429967636970461172e+03 2.796204184023742976e+18 2.674618278397183167e+04 5.436993170735673630e+36 1.316649111019474738e-01 4.761320077933240079e-06 3.307251687990316423e+05 2.111723826553827822e+08 5.647203862966891029e+04 1.428767745308270887e-01 1.169404261238002896e+01 6.305109683117782637e+00 5.193722702278834591e-01 1.158373124269484578e+00 4.422057613941434151e-01 
1.499268432786047173e+10 2.523626575601734658e+04 9.236918935209399933e+03 2.796204184023742976e+18 2.606010920927295228e+04 5.533250080592580100e+36 1.319275253821802218e-01 4.497599949734762608e-06 3.215762227363358834e+05 1.939577996447128057e+08 5.601796357644569798e+04 1.390459168961092618e-01 1.184435456852183854e+01 6.309420808562414607e+00 5.191603300524563203e-01 1.158118908350476817e+00 4.423632247120752314e-01 
1.552225357427047920e+10 2.612765718041906075e+04 9.047288332595033353e+03 2.796204184023742976e+18 2.539161298175267802e+04 5.631192223942893343e+36 1.321931498344479650e-01 4.248099502054976808e-06 3.126736864899575012e+05 1.781264900161485374e+08 5.556271307476710354e+04 1.353214355994057927e-01 1.199621647428807769e+01 6.313587089558079235e+00 5.189553939836034635e-01 1.157870961371769924e+00 4.425168632137583824e-01 
1.607052818261638451e+10 2.705053419302859038e+04 8.861039863764101028e+03 2.796204184023742976e+18 2.474024467855505281e+04 5.730849105285889345e+36 1.324617405834642436e-01 4.012082604062547547e-06 3.040112634175235289e+05 1.635693906715928614e+08 5.510648676724570396e+04 1.317001990642945319e-01 1.214964762919233543e+01 6.317611523173878751e+00 5.187572990318518595e-01 1.157629135736145454e+00 4.426667622269717106e-01 
1.663816886076127434e+10 2.800600892285868395e+04 8.678136721738022970e+03 2.796204184023742976e+18 2.410556632859427555e+04 5.832250745675665740e+36 1.327332532975869506e-01 3.788848830782616449e-06 2.955828006685866858e+05 1.501858211072186232e+08 5.464947802131905337e+04 1.281791762327950113e-01 1.230466759687853440e+01 6.321496922895335047e+00 5.185658913813712134e-01 1.157393286879615957e+00 4.428130055402255127e-01 
1.722585965398783875e+10 2.899523278136879526e+04 8.498541334394629303e+03 2.796204184023742976e+18 2.348715112244544434e+04 5.935427691764794747e+36 1.330076452049208102e-01 3.577731919532598563e-06 2.873822867582362960e+05 1.378828613846490383e+08 5.419187387687656883e+04 1.247554329722014993e-01 1.246129620583163877e+01 6.325246112883265326e+00 5.183810183522641335e-01 1.157163273267009851e+00 4.429556754243385575e-01 
1.783430876931905746e+10 3.001939784999353651e+04 8.322215437705510340e+03 2.796204184023742976e+18 2.288458312951084008e+04 6.040411025006339486e+36 1.332848753691998345e-01 3.378098277464645321e-06 2.794038491781785269e+05 1.265747739773345441e+08 5.373385513294154225e+04 1.214261287035391657e-01 1.261955354311834832e+01 6.328861953972390708e+00 5.182025273453461089e-01 1.156938956618314585e+00 4.430948521424850628e-01 
1.846424942895546341e+10 3.107973831668125422e+04 8.149120145794812743e+03 2.796204184023742976e+18 2.229745702228258597e+04 6.147232371016965558e+36 1.335649024182539446e-01 3.189345539152929495e-06 2.716417520917851361e+05 1.161824666237390786e+08 5.327559651476243016e+04 1.181885133292113477e-01 1.277945993133753433e+01 6.332347124815812300e+00 5.180302749196277201e-01 1.156720202671202236e+00 4.432306122905492751e-01 
1.911644075385703659e+10 3.217753196317323454e+04 7.979216017170452687e+03 2.796204184023742976e+18 2.172537780752706021e+04 6.255923909103924654e+36 1.338476865413395778e-01 3.010901186751843500e-06 2.640903933306383551e+05 1.066329936303408444e+08 5.281726671936154889e+04 1.150399229373945675e-01 1.294103603162832883e+01 6.335704333144414058e+00 5.178641172465270337e-01 1.156506877440658387e+00 4.433630360264740333e-01 
1.979166867853557205e+10 3.331410170481757814e+04 7.812463120183791034e+03 2.796204184023742976e+18 2.116796056421930552e+04 6.366518381958957279e+36 1.341331895579961075e-01 2.842221199390366149e-06 2.567443025779099844e+05 9.785909270596456528e+07 5.235902849583614443e+04 1.119777779208501745e-01 1.310430274078640345e+01 6.338936303251649917e+00 5.177039114532793196e-01 1.156298851042236286e+00 4.434921996743645956e-01 
2.049074689815846252e+10 3.449081718477088725e+04 7.648821093795315392e+03 2.796204184023742976e+18 2.062483018806213659e+04 6.479049105521788653e+36 1.344213728806367969e-01 2.682788766150528423e-06 2.495981387563581520e+05 8.979875534797939658e+07 5.190103874801255733e+04 1.089995796594611654e-01 1.326928122519038844e+01 6.342045591306161079e+00 5.175495228174701312e-01 1.156095996381263369e+00 4.436181780755709125e-01 
2.121451784910627747e+10 3.570909642451067339e+04 7.488249206434348707e+03 2.796204184023742976e+18 2.009562114242616735e+04 6.593549979016374678e+36 1.347121994884603602e-01 2.532113043705025605e-06 2.426466876205975132e+05 8.239482830952763557e+07 5.144344864080060506e+04 1.061029076969095819e-01 1.343599292207967366e+01 6.345034774037117131e+00 5.174008170173091115e-01 1.155898189139030308e+00 4.437410446218026383e-01 
2.196385372416542435e+10 3.697040753264690284e+04 7.330706411898293481e+03 2.796204184023742976e+18 1.957997721555237149e+04 6.710055495162837642e+36 1.350056337840606080e-01 2.389727961242770509e-06 2.358848593614233832e+05 7.559464407711398602e+07 5.098640372397036117e+04 1.032854170282033329e-01 1.360445954082548248e+01 6.347906436429572530e+00 5.172576605918035586e-01 1.155705307727055819e+00 4.438608712673736134e-01 
2.273965752357932281e+10 3.827627047409196530e+04 7.176151402439933008e+03 2.796204184023742976e+18 1.907755128386215074e+04 6.828600750568230865e+36 1.353016397986770980e-01 2.255191071659214754e-06 2.293076862238479662e+05 6.934967837213140726e+07 5.053004406066131924e+04 1.005448354929222854e-01 1.377470306421766644e+01 6.350663004498689368e+00 5.171199276933972078e-01 1.155517233215383355e+00 4.439777285254987160e-01 
2.354286414322420120e+10 3.962825890172019717e+04 7.024542659704007747e+03 2.796204184023742976e+18 1.858800508122388055e+04 6.949221456299100284e+36 1.356001831360752752e-01 2.128082447936870920e-06 2.229103201390962640e+05 6.361523281264183670e+07 5.007450432122220082e+04 9.787896126764727978e-02 1.394674574998689209e+01 6.353306930219219772e+00 5.169874925165010016e-01 1.155333849317945250e+00 4.440916855034368615e-01 
2.437444150122221756e+10 4.102800205272666062e+04 6.875838502908261944e+03 2.796204184023742976e+18 1.811100897402744158e+04 7.071953948639351703e+36 1.359012306198657538e-01 2.008003623601456279e-06 2.166880303741415846e+05 5.835014098971969634e+07 4.961991389030049322e+04 9.528566045574882182e-02 1.412061013231292605e+01 6.355840659678922755e+00 5.168602305545018094e-01 1.155155042342852045e+00 4.442028099148067621e-01 
2.523539170434766006e+10 4.247718671196715877e+04 6.729997134483500304e+03 2.796204184023742976e+18 1.764624174192397186e+04 7.196835200036259473e+36 1.362047487419915659e-01 1.894576576107580578e-06 2.106362011999397946e+05 5.351649632256124914e+07 4.916639700989287667e+04 9.276286476983240659e-02 1.429631902336846494e+01 6.358266489625058249e+00 5.167380243775965276e-01 1.154980701123470288e+00 4.443111680805253427e-01 
2.612675225563326645e+10 4.397755924464781856e+04 6.586976683726347801e+03 2.796204184023742976e+18 1.719339036408919856e+04 7.323902830238237506e+36 1.365107055718730034e-01 1.787442751979484757e-06 2.047503295786365925e+05 4.907940016113141924e+07 4.871407289922672499e+04 9.030856930143864314e-02 1.447389551508016226e+01 6.360586748145077962e+00 5.166207562561005995e-01 1.154810717003599274e+00 4.444168249652317160e-01 
2.704959730463131714e+10 4.553092770081294293e+04 6.446735247910647558e+03 2.796204184023742976e+18 1.675214981087362685e+04 7.453195117627556646e+36 1.368190702032788530e-01 1.686262132517527090e-06 1.990260228727474750e+05 4.500672870506408066e+07 4.826305581971073116e+04 8.792083037633259546e-02 1.465336298087068023e+01 6.362803744301491093e+00 5.165083101694576406e-01 1.154644983784438361e+00 4.445198441892286856e-01 
2.800503894183625412e+10 4.713916399416715285e+04 6.309230931125331153e+03 2.796204184023742976e+18 1.632222284070563546e+04 7.584751010751479359e+36 1.371298114383578959e-01 1.590712338866766848e-06 1.934589965770268755e+05 4.126891740035305917e+07 4.781345520043331635e+04 8.559776349109271543e-02 1.483474507745508042e+01 6.364919647501895206e+00 5.164005766527582919e-01 1.154483397659060495e+00 4.446202880334249596e-01 
2.899422853882881165e+10 4.880420615785781411e+04 6.174421881294812010e+03 2.796204184023742976e+18 1.590331980211670270e+04 7.718610140055313367e+36 1.374428996589568130e-01 1.500487775234602385e-06 1.880450720733223425e+05 3.783876156354098022e+07 4.736537577445307397e+04 8.333754132656520652e-02 1.501806574683427264e+01 6.366936663609886082e+00 5.162974456245561505e-01 1.154325857197900929e+00 4.447182174764205409e-01 
3.001835813575592041e+10 5.052806067993483157e+04 6.042266324874753082e+03 2.796204184023742976e+18 1.549515844076179928e+04 7.854812829820780790e+36 1.377583060896730716e-01 1.415298809047595041e-06 1.827801744108695129e+05 3.469123206689835340e+07 4.691891769561965339e+04 8.113839183662273358e-02 1.520334921826793995e+01 6.368856967809358061e+00 5.161988090744952240e-01 1.154172263293058887e+00 4.448136922058187892e-01 
3.107866187782014084e+10 5.231280492130517086e+04 5.912722599531306514e+03 2.796204184023742976e+18 1.509746371130960324e+04 7.993400110313564511e+36 1.380760016996208650e-01 1.334870986836121593e-06 1.776603301123942947e+05 3.180330499574251845e+07 4.647417670916520001e+04 7.899859640836243146e-02 1.539062001031711091e+01 6.370682604906252600e+00 5.161045650591934431e-01 1.154022519096477239e+00 4.449067706264714928e-01 
3.217641750250735474e+10 5.416058961909202480e+04 5.785749185174666309e+03 2.796204184023742976e+18 1.470996759408237449e+04 8.134413730143376383e+36 1.383959590349675695e-01 1.258944284640795722e-06 1.726816650063071284e+05 2.915380426268819720e+07 4.603124424651884328e+04 7.691648809009753174e-02 1.557990293306421492e+01 6.372415660765795131e+00 5.160146107357287404e-01 1.153876530006161749e+00 4.449975098977732024e-01 
3.331294787934670258e+10 5.607364147841822705e+04 5.661304732882234930e+03 2.796204184023742976e+18 1.433240891632626517e+04 8.277896168840496351e+36 1.387181513236364072e-01 1.187272391749996384e-06 1.678404020869510714e+05 2.672325623323631659e+07 4.559020742712017091e+04 7.489044988566588568e-02 1.577122309031423519e+01 6.374058180955212372e+00 5.159288456229553788e-01 1.153734203608512532e+00 4.450859659442465976e-01 
3.448962260405752563e+10 5.805426585573602642e+04 5.539348092046682723e+03 2.796204184023742976e+18 1.396453317799685101e+04 8.423890649652490733e+36 1.390425515653293531e-01 1.119622026586150512e-06 1.631328594030188106e+05 2.449375548154814169e+07 4.515114927689395699e+04 7.291891311162382316e-02 1.596460588187544971e+01 6.375612089024359719e+00 5.158471748692726733e-01 1.153595449620218316e+00 4.451721934663163127e-01 
3.570785964900469971e+10 6.010484953693725402e+04 5.419838336048541350e+03 2.796204184023742976e+18 1.360609238194717182e+04 8.572441152564967828e+36 1.393691343269514993e-01 1.055772283573921633e-06 1.585554479743496340e+05 2.244884085622464120e+07 4.471414881769492058e+04 7.100035581428579268e-02 1.616007700600195207e+01 6.377079353422606900e+00 5.157695024828261587e-01 1.153460179875565483e+00 4.452562459775324943e-01 
3.696912707195031738e+10 6.222786361359026341e+04 5.302734786026948314e+03 2.796204184023742976e+18 1.325684486840852151e+04 8.723592427550234935e+36 1.396978747243207697e-01 9.955140098473960425e-07 1.541046697386709275e+05 2.057338109333037585e+07 4.427928118303739757e+04 6.913330124524473541e-02 1.635766246181873029e+01 6.378461895341879462e+00 5.156957350271725860e-01 1.153328308267571156e+00 4.453381758144069336e-01 
3.827494478516314697e+10 6.442586646077330079e+04 5.187997033096817177e+03 2.796204184023742976e+18 1.291655515365613974e+04 8.877390008048062044e+36 1.400287476578089274e-01 9.386492106681465741e-07 1.497771155281800020e+05 1.885346926695676148e+07 4.384661767470528866e+04 6.731631639232620035e-02 1.655738855183485825e+01 6.379761520855845802e+00 5.156257843295229959e-01 1.153199750693312708e+00 4.454180341490016071e-01 
3.962688638701478577e+10 6.670150682008796139e+04 5.075584959257046648e+03 2.796204184023742976e+18 1.258499377275608458e+04 9.033880224682298215e+36 1.403617295753787075e-01 8.849904824488562984e-07 1.455694630761132867e+05 1.727632541774434596e+07 4.341622593406539818e+04 6.554801056344890242e-02 1.675928188460187584e+01 6.380980083759932420e+00 5.155595608873085878e-01 1.153074425042574402e+00 4.454958710257731491e-01 
4.102658105827190399e+10 6.905752699157160532e+04 4.965458756597650790e+03 2.796204184023742976e+18 1.226193712629043330e+04 9.193110219217719466e+36 1.406967973775639646e-01 8.343604723061446862e-07 1.414784750544976559e+05 1.583020674680922739e+07 4.298817002628467162e+04 6.382703402209777277e-02 1.696336937736164074e+01 6.382119386974690833e+00 5.154969778218141396e-01 1.152952251138785522e+00 4.455717353709127138e-01 
4.247571552536894226e+10 7.149676613835382159e+04 4.857578945151754851e+03 2.796204184023742976e+18 1.194716733096169264e+04 9.355127958761214265e+36 1.410339277415545989e-01 7.865913630854939195e-07 1.375009971428496065e+05 1.450432480592344515e+07 4.256251054282482801e+04 6.215207667176630979e-02 1.716967825878337806e+01 6.383181123165615922e+00 5.154379532451779378e-01 1.152833150687059272e+00 4.456456750058462868e-01 
4.397603609302712250e+10 7.402216370803931204e+04 4.751906389600487273e+03 2.796204184023742976e+18 1.164047207397910279e+04 9.519982250211585082e+36 1.413730988599862237e-01 7.415243828282812782e-07 1.336339561278547335e+05 1.328876915571986325e+07 4.213930475229735021e+04 6.052186678720859747e-02 1.737823607183472419e+01 6.384167034264917717e+00 5.153824038105951910e-01 1.152717047264505856e+00 4.457177366836026500e-01 
4.552935074866938019e+10 7.663676297494048777e+04 4.648402314467812175e+03 2.796204184023742976e+18 1.134164447113220194e+04 9.687722754962351917e+36 1.417142893272596571e-01 6.990093376827708001e-07 1.298743580349338445e+05 1.217443700198440813e+07 4.171860674445657060e+04 5.893516979130822980e-02 1.758907067664889112e+01 6.385078811783800212e+00 5.153302487084308048e-01 1.152603866262066346e+00 4.457879660979567893e-01 
4.713753134116728973e+10 7.934371470742842939e+04 4.547021321248451386e+03 2.796204184023742976e+18 1.105048292845917604e+04 9.858400003861973195e+36 1.419648846763670591e-01 6.589042342816334360e-07 1.262192955738865130e+05 1.115297030967145972e+07 4.130046683045657846e+04 5.739079390169665035e-02 1.780220881852565284e+01 6.377595582719825629e+00 5.156166446436213358e-01 1.152491853595754234e+00 4.458555547247924911e-01 
4.880251583654433441e+10 8.214628096481988905e+04 4.447718795075464186e+03 2.796204184023742976e+18 1.076679100742005903e+04 1.003206541243588293e+37 1.420501471425559270e-01 6.210748097955244136e-07 1.226659320658349461e+05 1.021669371061164886e+07 4.088493180177272006e+04 5.588757286771622868e-02 1.801767992614509595e+01 6.355105177264322336e+00 5.165109247101543621e-01 1.152379154912483106e+00 4.459197884545991197e-01 
5.052631065335679626e+10 8.504783902838063659e+04 4.350454709744248248e+03 2.796204184023742976e+18 1.049037729348635366e+04 1.020877129637524713e+37 1.419797315546697802e-01 5.853939559487549632e-07 1.192115190957243613e+05 9.358558336513403803e+06 4.047205837136650371e+04 5.442440717339337014e-02 1.823550414940036291e+01 6.318655249396707418e+00 5.179793941945293190e-01 1.152265050264032809e+00 4.459798599342097436e-01 
5.231099308056258392e+10 8.805188547117575945e+04 4.255194218895838276e+03 2.796204184023742976e+18 1.022105526806207490e+04 1.038857088729668139e+37 1.418169568712855100e-01 5.517416729788675039e-07 1.158533442604074662e+05 8.572092677024345845e+06 4.006164880017482210e+04 5.300016378955461210e-02 1.845572041512699712e+01 6.274072964567595889e+00 5.197954545412940552e-01 1.152149635607873313e+00 4.460364119253269477e-01 
5.415871378079464722e+10 9.116204037167616480e+04 4.161903813188382628e+03 2.796204184023742976e+18 9.958643183651978688e+03 1.057151834877797298e+37 1.416159879308162006e-01 5.200042822936194906e-07 1.125888025417176832e+05 7.851355024160494097e+06 3.965393604877151665e+04 5.161381431376160789e-02 1.867834668679681442e+01 6.226270259185978873e+00 5.217644614812753101e-01 1.152033746231143407e+00 4.460891236646147284e-01 
5.607169938205469513e+10 9.438205167619766144e+04 4.070544948789925911e+03 2.796204184023742976e+18 9.702963942195654454e+03 1.075766879267457961e+37 1.413749827581593788e-01 4.900745773718554843e-07 1.094153278781014960e+05 7.190893152571445331e+06 3.924895676120161079e+04 5.026429540043860639e-02 1.890342115711946036e+01 6.175154999943847756e+00 5.238948165047969674e-01 1.151916381497320341e+00 4.461380316821022540e-01 
5.805225516094907379e+10 9.771579971542734711e+04 3.981079526918201736e+03 2.796204184023742976e+18 9.453844976488058819e+03 1.094707829572165423e+37 1.410897035470350114e-01 4.618510927277432463e-07 1.063304568967926753e+05 6.585703150714822114e+06 3.884680477571651136e+04 4.895063605730722717e-02 1.913096287347616098e+01 6.120431408345829993e+00 5.262043883982475689e-01 1.151796924406354616e+00 4.461821012339783898e-01 
6.010276782070388031e+10 1.011673018804859312e+05 3.893468712011049774e+03 2.796204184023742976e+18 9.211118134608432229e+03 1.113980391642697470e+37 1.407597177715594061e-01 4.352380398365661134e-07 1.033317698412099417e+05 6.031192763607055880e+06 3.844747626624535042e+04 4.767185295887354374e-02 1.936100391322923997e+01 6.062145805214053773e+00 5.286971726628852952e-01 1.151674087553286929e+00 4.462207640108642459e-01 
6.222570836730231476e+10 1.047407174641533493e+05 3.807673886079405293e+03 2.796204184023742976e+18 8.974619567282561547e+03 1.133590371225938847e+37 1.403814975232667850e-01 4.101448904877621713e-07 1.004169260298495647e+05 5.523148544817230664e+06 3.805099340985516756e+04 4.642701234103801394e-02 1.959356955135895362e+01 6.000082854254413789e+00 5.313892006900166054e-01 1.151546617859908084e+00 4.462529358153108916e-01 
6.442363508721369934e+10 1.084403526730973244e+05 3.723656110570852434e+03 2.796204184023742976e+18 8.744189618104157489e+03 1.153543675713831533e+37 1.399514602116238293e-01 3.864861338136830003e-07 9.758365142791096878e+04 5.057704797930452041e+06 3.765741899299173383e+04 4.521520994966556073e-02 1.982868402786692386e+01 5.934034622290170091e+00 5.342973164439397404e-01 1.151412991252508622e+00 4.462772443588335913e-01 
6.669919663030114746e+10 1.122706658171427553e+05 3.641376340521427210e+03 2.796204184023742976e+18 8.519672716543498609e+03 1.173846315922943531e+37 1.394653833692842126e-01 3.641810087869377857e-07 9.482974430086390930e+04 4.631315522848867811e+06 3.726682039111704944e+04 4.403557978485814900e-02 2.006636682289365936e+01 5.863751911785897164e+00 5.374415609459892718e-01 1.151271552624840933e+00 4.462918110419329398e-01 
6.905513520162316895e+10 1.162362726818354713e+05 3.560794879893071084e+03 2.796204184023742976e+18 8.300917273673225282e+03 1.194504407905188278e+37 1.389191936115849735e-01 3.431533008321989704e-07 9.215306014825114107e+04 4.240728196464249864e+06 3.687926567688980867e+04 4.288726768153639651e-02 2.030664222547938280e+01 5.789014269400329482e+00 5.408421701855146146e-01 1.151120135335353512e+00 4.462946156646991902e-01 
7.149428986597561646e+10 1.203419520907750266e+05 3.481871334036442477e+03 2.796204184023742976e+18 8.087775580542767784e+03 1.215524174790254517e+37 1.383086221727147236e-01 3.233310233747698095e-07 8.955153325953880267e+04 3.882959836649078410e+06 3.649480135564582451e+04 4.176947109096173366e-02 2.054952335899376692e+01 5.709600477667962082e+00 5.445211265346725504e-01 1.150956335196438474e+00 4.462826586002290319e-01 
7.401959996915652466e+10 1.245926516644199291e+05 3.404564727672959179e+03 2.796204184023742976e+18 7.880103709134698875e+03 1.236911948660286377e+37 1.376288519427620594e-01 3.046462749981690907e-07 8.702316506299679168e+04 3.555275356230744626e+06 3.611353190206649015e+04 4.068141277268071121e-02 2.079502170099085845e+01 5.625262423638429432e+00 5.485036307710113856e-01 1.150777373818909322e+00 4.462523168445332589e-01 
7.663410868007463074e+10 1.289934937823015207e+05 3.328833138295433855e+03 2.796204184023742976e+18 7.677761415838026551e+03 1.258674172457378250e+37 1.368744359982809744e-01 2.870350167844079179e-07 8.456602990935296111e+04 3.255167341065320186e+06 3.573557511565382447e+04 3.962234912152863553e-02 2.104314313379106238e+01 5.535721650804863003e+00 5.528186622403222783e-01 1.150580051349450184e+00 4.461989992147609163e-01 
7.934096665797491455e+10 1.335497817558398528e+05 3.254633704096952897e+03 2.796204184023742976e+18 7.480612047374656868e+03 1.280817401924487715e+37 1.360395376510575294e-01 2.704368700401868493e-07 8.217828315940903849e+04 2.980337589338021819e+06 3.536112041107765981e+04 3.859158052371539083e-02 2.129388230570121010e+01 5.440692300614888843e+00 5.574983499382927254e-01 1.150360864030148589e+00 4.461167371136980919e-01 
8.214343584919421387e+10 1.382670062191894394e+05 3.181922435318715088e+03 2.796204184023742976e+18 7.288522449117572251e+03 1.303348307580305354e+37 1.351179036649213239e-01 2.547949622209774169e-07 7.985816173741969396e+04 2.728680211606753524e+06 3.499041226673511846e+04 3.758844541870202949e-02 2.154722400470579302e+01 5.339882693877368247e+00 5.625783219047313377e-01 1.150115945658653160e+00 4.459980288182187613e-01 
8.504489341802668762e+10 1.431508517458239221e+05 3.110654186137301167e+03 2.796204184023742976e+18 7.101362875740065647e+03 1.326273676728711893e+37 1.341027714757798694e-01 2.400557297848470295e-07 7.760400300370554032e+04 2.498266105138175655e+06 3.462379437922057696e+04 3.661234699503487788e-02 2.180312851257969697e+01 5.232990952592057710e+00 5.680985309422360574e-01 1.149841371054980188e+00 4.458329375599056621e-01 
8.804883581643446350e+10 1.482072036988303880e+05 3.040782632453256156e+03 2.796204184023742976e+18 6.919006904137292622e+03 1.349600415503413891e+37 1.329868000638785852e-01 2.261688869833836808e-07 7.541422482503883657e+04 2.287328955070687458e+06 3.426177789775995916e+04 3.566270063495995124e-02 2.206155646334757847e+01 5.119706525327464064e+00 5.741037259151945404e-01 1.149532831871100225e+00 4.456098396691695607e-01 
9.115888299750837708e+10 1.534421553231693106e+05 2.972260490251122974e+03 2.796204184023742976e+18 6.741331348562766834e+03 1.373335550948378521e+37 1.317620592827203896e-01 2.130871525289677375e-07 7.328738136948953616e+04 2.094252129620704800e+06 3.390509986697338900e+04 3.473902469459166920e-02 2.232242066906172084e+01 4.999711433790401394e+00 5.806443950891787553e-01 1.149186704019558247e+00 4.453129372032106903e-01 
9.437878277775390625e+10 1.588620150884428294e+05 2.905039787432168851e+03 2.796204184023742976e+18 6.568216177923926807e+03 1.397486233134679444e+37 1.304199707549796028e-01 2.007663037195045666e-07 7.122213448048889404e+04 1.917557095335240941e+06 3.355488001372582221e+04 3.384086119385236457e-02 2.258562540032036381e+01 4.872685331468801451e+00 5.877772809820166477e-01 1.148799749960973227e+00 4.449234482838513305e-01 
9.771241535346501160e+10 1.644733142910298484e+05 2.839072522011794717e+03 2.796204184023742976e+18 6.399544435181973313e+03 1.422059737314429549e+37 1.289513381839000605e-01 1.891649830011280408e-07 6.921730751818622230e+04 1.755892577391050290e+06 3.321281624450586969e+04 3.296785064856862929e-02 2.285102397824868348e+01 4.738312181898033160e+00 5.955663378556718124e-01 1.148370464414542935e+00 4.444171989984395110e-01 
1.011637979766206970e+11 1.702828149247356923e+05 2.774311654580851155e+03 2.796204184023742976e+18 6.235202158803150269e+03 1.447063466112398187e+37 1.273462814514342289e-01 1.782447286465573067e-07 6.727188464840721281e+04 1.608024958991986234e+06 3.288163336080963199e+04 3.211969140558332964e-02 2.311843944242768956e+01 4.596285223178999679e+00 6.040837621975352345e-01 1.147899696524816493e+00 4.437647622339309095e-01 
1.047370897959448700e+11 1.762975178294513607e+05 2.710712744697561448e+03 2.796204184023742976e+18 6.075078306209339644e+03 1.472504951756011082e+37 1.255941512988407449e-01 1.679699375344979574e-07 6.538504585499888344e+04 1.472829549670546781e+06 3.256599081665117046e+04 3.129615701426826518e-02 2.338765466943536708e+01 4.446309766223308202e+00 6.134116547134835784e-01 1.147392309761571028e+00 4.429301435195419634e-01 
1.084365968689608612e+11 1.825246711276373244e+05 2.648235865313991781e+03 2.796204184023742976e+18 5.919064679177527069e+03 1.498391858344388394e+37 1.236837596767023650e-01 1.583078509565231547e-07 6.355620411484522629e+04 1.349282538489684230e+06 3.227449816940186793e+04 3.049710919891608987e-02 2.365840465647653446e+01 4.288130241852627478e+00 6.236424317544920770e-01 1.146859219082654535e+00 4.418694060916402711e-01 
1.122667773510811310e+11 1.889717789587998996e+05 2.586849168803290013e+03 2.796204184023742976e+18 5.767055851138788057e+03 1.524731984157113949e+37 1.216032119089958119e-01 1.492286509003778581e-07 6.178503430499331444e+04 1.236454104237048887e+06 3.202625750416456503e+04 2.972247280906010689e-02 2.393039655585673131e+01 4.121531014770931201e+00 6.348813889322079129e-01 1.146320228180150558e+00 4.405302542930770726e-01 
1.162322468679849396e+11 1.956466105224850180e+05 2.526533888001473770e+03 2.796204184023742976e+18 5.618949096328781707e+03 1.551533264003415401e+37 1.193400624891950979e-01 1.407056046405403526e-07 6.007149658864671073e+04 1.133502139476184500e+06 3.187936288458494164e+04 2.897218392379328003e-02 2.420335632751897137e+01 3.946362917157863137e+00 6.472481849356686023e-01 1.145807744971976350e+00 4.388525055169205658e-01 
1.203377840777590485e+11 2.025572094406883989e+05 2.467291198485801942e+03 2.796204184023742976e+18 5.474644320742822856e+03 1.578803771612488724e+37 1.168814500357815700e-01 1.327151815789782297e-07 5.841588985641566978e+04 1.039666613683116622e+06 3.226275976646183335e+04 2.824617590456096269e-02 2.447706015539484881e+01 3.762567425601078153e+00 6.608793885583614802e-01 1.145372464206139584e+00 4.367677766879982104e-01 
1.245883364295008087e+11 2.097119034509588964e+05 2.409151487786197777e+03 2.796204184023742976e+18 5.334043994849987030e+03 1.606551722065644930e+37 1.142142759772062088e-01 1.252373750555439031e-07 5.681884538613242330e+04 9.542646941062957048e+05 3.084192851621405862e+04 2.754422333024663522e-02 2.475148531906263827e+01 3.570209393460041181e+00 6.759310226825826495e-01 1.145089576550185617e+00 4.342035884601694318e-01 
1.289890261253308105e+11 2.171193144418885931e+05 2.352186370629096473e+03 2.796204184023742976e+18 5.197053088021425538e+03 1.634785474271075904e+37 1.113256300445280844e-01 1.182559472347013318e-07 5.528135066484592244e+04 8.766861228930982761e+05 3.039863100694057721e+04 2.686582737360420151e-02 2.502696132416688002e+01 3.369523054262574480e+00 6.925813887279537173e-01 1.145067787300626083e+00 4.310872310308186961e-01 
1.335451562929897461e+11 2.247883688430664479e+05 2.296524483289624641e+03 2.796204184023742976e+18 5.063579004629810697e+03 1.663513533481914658e+37 1.082033106464518751e-01 1.117588260347302757e-07 5.380471064679792471e+04 8.063890592969319550e+05 3.009690130178352774e+04 2.620995915560223738e-02 2.530446939011094543e+01 3.160964738835922994e+00 7.110343196904986840e-01 1.145459957648084615e+00 4.273549634436372702e-01 
1.382622173764653625e+11 2.327283083820286265e+05 2.242371802137957729e+03 2.796204184023742976e+18 4.933531521777327725e+03 1.692744553858393759e+37 1.048365306229581545e-01 1.057384878491954455e-07 5.239048832544784818e+04 7.428960297658942873e+05 2.985728601485789841e+04 2.557475717154004610e-02 2.558603838537098696e+01 2.945270673793713545e+00 7.315236555488265902e-01 1.146477053309737260e+00 4.229643760170090916e-01 
1.431458937523481445e+11 2.409487012211640249e+05 2.190036880381809169e+03 2.796204184023742976e+18 4.806822728610999548e+03 1.722487341074869529e+37 1.012168938584413480e-01 1.001924051552460794e-07 5.104035764117386861e+04 6.857897765070550377e+05 2.968816751531248156e+04 2.495707011500508318e-02 2.587534848340607496e+01 2.723522400955552758e+00 7.543184505256437244e-01 1.148404609003561339e+00 4.179135967698215937e-01 
1.482020705798860168e+11 2.494594534879911516e+05 2.139961557504828761e+03 2.796204184023742976e+18 4.683366967185213070e+03 1.752750854972459605e+37 9.733966163222779189e-02 9.512333889792400299e-08 4.975592258495438000e+04 6.347085738200970227e+05 2.962380872160251602e+04 2.435199461859470157e-02 2.617844576459256345e+01 2.497207391141292199e+00 7.797309741156290830e-01 1.151623958962788574e+00 4.122633488195807105e-01 
1.534368408930013123e+11 2.582708212127153529e+05 2.092757711055529398e+03 2.796204184023742976e+18 4.563080774831961207e+03 1.783544212258168161e+37 9.320530324835919755e-02 9.053955716848481561e-08 4.853842116237292794e+04 5.893407985912720906e+05 2.974708706082560457e+04 2.375230961721229092e-02 2.650468501844343550e+01 2.268267543512880735e+00 8.081283026672366754e-01 1.156637508579839935e+00 4.061653945018313117e-01 
1.588565129428052673e+11 2.673934226874327287e+05 2.049250074716605013e+03 2.796204184023742976e+18 4.445882828000877453e+03 1.814876689251225127e+37 8.882132190661941318e-02 8.645468243446669070e-08 4.738839619095424132e+04 5.494181802991277073e+05 3.041558507530735369e+04 2.314807000160726963e-02 2.686770944605526523e+01 2.039117064045242955e+00 8.399514546134053683e-01 1.164101238715930409e+00 3.998903155608893867e-01 
1.644676177994662781e+11 2.768382512618888286e+05 2.010526590984830818e+03 2.796204184023742976e+18 4.331693887531542714e+03 1.846757724677526723e+37 8.420416251645029826e-02 8.288714790099672500e-08 4.630532199980844598e+04 5.147076228188087698e+05 2.910808627132789115e+04 2.252645253207138237e-02 2.728642676897510455e+01 1.812610445966919226e+00 8.757470173996646512e-01 1.174866513525034462e+00 3.938539124880059972e-01 
1.702769172225897827e+11 2.866166885912062135e+05 1.977997607512171271e+03 2.796204184023742976e+18 4.220436745321819217e+03 1.879196922512997343e+37 7.938098668881897468e-02 7.985913027651897032e-08 4.528724355836301402e+04 4.850013634454070707e+05 2.941639277931577453e+04 2.187209392164318755e-02 2.778581398578170436e+01 1.591944779213518402e+00 9.162182085208244731e-01 1.190035229218781687e+00 3.886388329413215104e-01 
1.762914118095944214e+11 2.967405183515462559e+05 1.953468231000143305e+03 2.796204184023742976e+18 4.112036172356759380e+03 1.912204054876729678e+37 7.439088823036414666e-02 7.739493288778582391e-08 4.433050353455383447e+04 4.601057787551883375e+05 3.054377559702905637e+04 2.116814197858796903e-02 2.839738078095391671e+01 1.380484803971354646e+00 9.623054138000506352e-01 1.211035056664218956e+00 3.850108444132914753e-01 
1.825183494319038696e+11 3.072219404402329237e+05 1.939232675204769748e+03 2.796204184023742976e+18 4.006418868063544323e+03 1.945789064974781885e+37 6.928500863882650074e-02 7.551901615060508641e-08 4.342960347995127086e+04 4.398298325941151124e+05 2.971484019742646342e+04 2.039804492404083056e-02 2.915926642729684559e+01 1.181516403847505225e+00 1.015307964598155088e+00 1.239724183374004474e+00 3.839368026478114371e-01 
1.889652339691211548e+11 3.180735856774532585e+05 1.938191424273552002e+03 2.796204184023742976e+18 3.903513410958793429e+03 1.979962070095509725e+37 6.412541844425685700e-02 7.425383881478237196e-08 4.257718689880302554e+04 4.239731662530096946e+05 3.179315448000566175e+04 1.954786160404537940e-02 3.011609628611548573e+01 9.979692321373702102e-01 1.077049440386961043e+00 1.278528937649815234e+00 3.866174645165389445e-01 
1.956398343517064819e+11 3.293085310272414354e+05 1.954032947557429225e+03 2.796204184023742976e+18 3.803250210555461763e+03 2.014733364657328285e+37 5.898170855797001122e-02 7.361848747901444050e-08 4.176416634861913917e+04 4.123188623497619992e+05 3.146044867239370069e+04 1.860852006295639349e-02 3.131908649562997127e+01 8.321267998731353144e-01 1.150112598526217278e+00 1.330645476204230571e+00 3.945631927073985912e-01 
2.025501939230666504e+11 3.409403153561101644e+05 1.991471397570157251e+03 2.796204184023742976e+18 3.705561460497175631e+03 2.050113423309868325e+37 5.392660612346756449e-02 7.362811594819367809e-08 4.097981804964249750e+04 4.046282576636962476e+05 3.216172517798304762e+04 1.757736068968398721e-02 3.282702047242150911e+01 6.854239441862113313e-01 1.238125413508671224e+00 1.400300798637410082e+00 4.097441822466921790e-01 
2.097046401323230591e+11 3.529829557482920936e+05 2.056599463532331356e+03 2.796204184023742976e+18 3.610381092889047068e+03 2.086112904089386716e+37 4.903041257301696959e-02 7.429525989481010971e-08 4.021178653609147295e+04 4.006424567126022303e+05 3.420761297495059989e+04 1.645834924615153377e-02 3.470916208366895006e+01 5.583458835635516371e-01 1.346123879182306915e+00 1.493115173693644104e+00 4.348743924073162348e-01 
2.171117945694500732e+11 3.654509643972727354e+05 2.157403555294576108e+03 2.796204184023742976e+18 3.517644733794385502e+03 2.122742651629443198e+37 4.435566865387131907e-02 7.563359324546024193e-08 3.944571078325666167e+04 4.000893723731545615e+05 3.388762125609816576e+04 1.526061020738146354e-02 3.705187173261442979e+01 4.504646757305086346e-01 1.480996776318693753e+00 1.616592520303404834e+00 4.739380486540379356e-01 
2.247805833548729858e+11 3.783593660939631518e+05 2.304539369097366489e+03 2.796204184023742976e+18 3.427289659867730279e+03 2.160013700427785820e+37 3.995299732977559276e-02 7.766472731976376852e-08 3.866434116275321139e+04 4.026956437727280427e+05 3.560014438634754333e+04 1.399572162175984763e-02 3.997132069656753117e+01 3.605922771522571124e-01 1.652046069503432024e+00 1.780796586777516621e+00 5.331687565223272030e-01 
2.327202478960411987e+11 3.917237163325799629e+05 2.512549873967386702e+03 2.796204184023742976e+18 3.339254756095371704e+03 2.197937278170411245e+37 3.585881939653300099e-02 8.042979767957952748e-08 3.784560023128023022e+04 4.082017566717215814e+05 3.647696785290074331e+04 1.267408137232989285e-02 4.363818995866302686e+01 2.870092740146078514e-01 1.871705694163219968e+00 1.999287239698151142e+00 6.230018248693055538e-01 
2.409403560239526978e+11 4.055601200560735306e+05 2.801898972109143415e+03 2.796204184023742976e+18 3.253480474615033927e+03 2.236524809113868605e+37 3.209508904317845412e-02 8.400956418867745176e-08 3.695875671402028092e+04 4.163787724840394803e+05 4.324995844615386159e+04 1.130083678628441071e-02 4.832733234237370112e+01 2.277157772629999632e-01 2.156480879630236380e+00 2.290434786785750632e+00 7.623246747968338566e-01 
2.494508135230316467e+11 4.198852510636638617e+05 3.202676938747621989e+03 2.796204184023742976e+18 3.169908794587497596e+03 2.275787917526730115e+37 2.867071902618569326e-02 8.856384450660274412e-08 3.595640270097015309e+04 4.270465248394294758e+05 4.086536999188402842e+04 9.870962937111782756e-03 5.452850012829783566e+01 1.806647162698812870e-01 2.528151915257773386e+00 2.679265051581861901e+00 9.889858663929039784e-01 
2.582618760682674866e+11 4.347163721038941294e+05 3.762170196671030681e+03 2.796204184023742976e+18 3.088483183093229400e+03 2.315738431191339871e+37 2.558421621485908876e-02 9.442398388607042291e-08 3.475533592028104613e+04 4.400948698055482819e+05 5.466893397018276301e+04 8.361215675405514469e-03 6.323554039955376282e+01 1.439691788724601629e-01 3.015044350167789489e+00 3.199849306312529507e+00 1.390804064942189777e+00 
2.673841615839943848e+11 4.500713556774063618e+05 4.563576973764145805e+03 2.796204184023742976e+18 3.009148557028014693e+03 2.356388384966861076e+37 2.282698873671833856e-02 1.023727022298631993e-07 3.318036902232579450e+04 4.555204454027660540e+05 4.802281084749934962e+04 6.710374263276328542e-03 7.691242419984887135e+01 1.161446030949036257e-01 3.651799413224511515e+00 3.897067995885439728e+00 2.225988028168492949e+00 
2.768286630392061157e+11 4.659687055745097459e+05 5.789384980647459088e+03 2.796204184023742976e+18 2.931851245972163724e+03 2.397750024414712355e+37 2.038785228112694262e-02 1.149401091166882454e-07 3.072020105599829185e+04 4.735198118186983047e+05 5.140229790834918094e+04 4.743379046754335471e-03 1.045723981125649544e+02 9.684471244575754145e-02 4.462192437135304779e+00 4.812294611152153401e+00 4.708605285130908591e+00 
2.866067616948244629e+11 4.824275791734948289e+05 8.292549560745461349e+03 2.796204184023742976e+18 2.856538956008496370e+03 2.439835809487468882e+37 1.826526282049838884e-02 1.674721155588980136e-07 2.204680250081314807e+04 4.951429658247840125e+05 5.650947924811531266e+04 1.203321297027390132e-03 3.484125191849301473e+02 1.049834269876009918e-01 4.729369167984112110e+00 5.192668476077785478e+00 7.633632739882486362e+01 
2.967302408188872681e+11 4.994678105265683844e+05 1.011513459393729318e+04 2.796204184023742976e+18 2.783160734464971029e+03 2.482658418282354160e+37 1.645282440277225089e-02 9.766961671208445726e-07 3.833234501484714201e+03 5.020735785587664577e+05 1.282795297055778150e+01 1.084486016619911484e-06 6.795796705749233141e-03 4.737797300885270846e-01 1.060669095853551180e+00 1.158688074193994000e+00 1.790914785287605948e+00 
3.072112998861759033e+11 5.171099342612149776e+05 1.045830552664894640e+04 2.796204184023742976e+18 2.711666935558443129e+03 2.526230750860425579e+37 1.479528647964054033e-02 1.146402178226181733e-06 3.286878907413517936e+03 5.053161779102963628e+05 4.937692117081712517e+00 5.825073176865531334e-07 1.540338055810354422e-03 4.315676011039724091e-01 1.003537861298616551e+00 1.082103996307085314e+00 6.996151596682586016e-01 
3.180625692794119263e+11 5.353752103258195566e+05 1.054186140186408920e+04 2.796204184023742976e+18 2.642009186916494855e+03 2.570565933132670236e+37 1.326586805230348977e-02 1.265098677683227506e-06 3.006771999865977705e+03 5.101141783142400673e+05 2.902044584594402288e+00 4.040772173902693903e-07 6.532003971862913915e-04 3.663374604637086307e-01 9.874489866899002211e-01 1.051082285462940025e+00 3.848312426905907691e-01 
3.292971255097147827e+11 5.542856496093298774e+05 1.049995808032143395e+04 2.796204184023742976e+18 2.574140356955139850e+03 2.615677320814089621e+37 1.185924272548233467e-02 1.367471300141445297e-06 2.820110597221681019e+03 5.171622978256348288e+05 2.029396224005469485e+00 3.084377142344506667e-07 3.531567233434432262e-04 3.014969486399100562e-01 9.830926554837224884e-01 1.034350946401121574e+00 2.413185193720310817e-01 
3.409285069746807251e+11 5.738640404658647021e+05 1.038660092397704284e+04 2.796204184023742976e+18 2.508014523090472267e+03 2.661578503447039214e+37 1.057272944231732806e-02 1.465489579388532938e-06 2.679547613630827527e+03 5.266070982700188179e+05 1.565468896114937891e+00 2.468817434902039277e-07 2.167416442525444374e-04 2.435973471860297945e-01 9.831284857592088589e-01 1.024105616640358818e+00 1.619799868584442804e-01 
3.529707302730657349e+11 5.941339761762175476e+05 1.022971599034881547e+04 2.796204184023742976e+18 2.443586940763053917e+03 2.708283308494997936e+37 9.403077251695675723e-03 1.564786750868743925e-06 2.565718942822412828e+03 5.384020892060325714e+05 1.287868546556909521e+00 2.029828548489694085e-07 1.435189316810863422e-04 1.943637928553316740e-01 9.848491694102377014e-01 1.017368772203412153e+00 1.132449658687005589e-01 
3.654383070957261963e+11 6.151198833793422673e+05 1.004563749057777386e+04 2.796204184023742976e+18 2.380814013254384463e+03 2.755805805507993834e+37 8.345661700334724986e-03 1.668455031945539306e-06 2.468975754770142430e+03 5.524256391756747616e+05 1.109135755974488546e+00 1.696380393365819709e-07 9.983276217956726472e-05 1.536787440426123641e-01 9.870931856167077800e-01 1.012736108670471813e+00 8.129361668379750383e-02 
# Non-converged_fits = 0