# r 	r/rg 	Sigma0 	Mdot 	Teff 	F 	z0r 	rho_c 	T_c 	P_c 	tau 	PradPgas_c 	varkappa_c 	Pi1 	Pi2 	Pi3 	Pi4
# All values are in CGS units.
# M = 2.011658e+00 Msun, alpha = 0.1, structure = BellLin, mu = 0.62
1.000000000000000000e+09 1.683238651875136384e+03 5.498745120591504929e+03 2.796204184023742976e+18 1.969667142622084357e+05 1.383785721104906527e+36 9.595720523278374048e-02 4.869903416062458111e-05 1.526876853179727914e+06 9.971646060558660507e+09 8.377428257857929566e+03 1.374608297225264453e+00 2.875721649103167188e+00 5.055712953954196287e+00 5.883498612041411224e-01 1.213984386020072082e+00 4.105225595728875243e-01 
1.035321843295661569e+09 1.742693743765870749e+03 5.446387666181564782e+03 2.796204184023742976e+18 1.919413835677254829e+05 1.409080442792705637e+36 9.577211067714647141e-02 4.679786207472481024e-05 1.490445195782764815e+06 9.353723334896450043e+09 8.442587669920425469e+03 1.330482896828236727e+00 2.928375279648979923e+00 5.077664809065510099e+00 5.868648604721724560e-01 1.212572773571801044e+00 4.112604979380369286e-01 
1.071891319205126405e+09 1.804248899095498473e+03 5.393224556221231978e+03 2.796204184023742976e+18 1.870436310146067117e+05 1.434818015931461214e+36 9.559591442927421745e-02 4.495425219721478909e-05 1.454761921185542597e+06 8.770113178737920761e+09 8.505433663365940447e+03 1.287930035273440854e+00 2.981692266875256347e+00 5.099369298880410462e+00 5.854066402605226926e-01 1.211184259050046785e+00 4.119899276252664833e-01 
1.109752496412069798e+09 1.867978295975719675e+03 5.339300639171236980e+03 2.796204184023742976e+18 1.822702456654217967e+05 1.461006193814923565e+36 9.542846442867541912e-02 4.316741706375613869e-05 1.419815787582097808e+06 8.219219142185730934e+09 8.565924595360613239e+03 1.246887337061357792e+00 3.035673689824827992e+00 5.120821789266288171e+00 5.839749930754747353e-01 1.209818555228991066e+00 4.127108154277731589e-01 
1.148951000187310934e+09 1.933958732625878838e+03 5.284660921705355577e+03 2.796204184023742976e+18 1.776180961563446617e+05 1.487652865478900164e+36 9.526961089423834073e-02 4.143651809693270696e-05 1.385595666480708867e+06 7.699495447800650597e+09 8.624022347504578647e+03 1.207295465225121545e+00 3.090319972578219332e+00 5.142016990564415302e+00 5.825698139759885041e-01 1.208475611779241676e+00 4.134229953038065508e-01 
1.189534067370320797e+09 2.002269719919966519e+03 5.229350442486840620e+03 2.796204184023742976e+18 1.730841287815277756e+05 1.514766058077761204e+36 9.511920448034139053e-02 3.976067804701983582e-05 1.352090495695223100e+06 7.209448394219894409e+09 8.679692468220280716e+03 1.169097610443258217e+00 3.145631577888368557e+00 5.162949747854932880e+00 5.811909932760176423e-01 1.207155369159153890e+00 4.141263119476865651e-01 
1.231550603292826176e+09 2.072993577202627876e+03 5.173414189275620629e+03 2.796204184023742976e+18 1.686653656209420878e+05 1.542353939302600257e+36 9.497709838521771475e-02 3.813898417837421347e-05 1.319289277299934532e+06 6.747636049188630104e+09 8.732904305786183613e+03 1.132239367895638615e+00 3.201609038890570691e+00 5.183615297146850764e+00 5.798384008665002920e-01 1.205857751926760368e+00 4.148206248916062600e-01 
1.275051240713012934e+09 2.146215531489492150e+03 5.116897018754213605e+03 2.796204184023742976e+18 1.643589027108373703e+05 1.570424819841684016e+36 9.484314873937954582e-02 3.657049119051980078e-05 1.287181077277419623e+06 6.312667803601749420e+09 8.783630904377563638e+03 1.096668630854485293e+00 3.258252969012170652e+00 5.204009309351617318e+00 5.785118846540123760e-01 1.204582669436191855e+00 4.155058080664025821e-01 
1.320088400831416845e+09 2.222023820171478746e+03 5.059843577596418982e+03 2.796204184023742976e+18 1.601619082559693197e+05 1.598987155884005742e+36 9.471721172273826761e-02 3.505422413911047020e-05 1.255755025445944397e+06 5.903203837517000198e+09 8.831848828129703179e+03 1.062335489124573762e+00 3.315564071481961861e+00 5.224127573626565990e+00 5.772112888329609115e-01 1.203330016317158524e+00 4.161817492365270099e-01 
1.366716356462004423e+09 2.300509797346802770e+03 5.002298227935440082e+03 2.796204184023742976e+18 1.560716208827595983e+05 1.628049551666662261e+36 9.459914597311333551e-02 3.358918134411745666e-05 1.225000315617643995e+06 5.517954502467313766e+09 8.877538360809876394e+03 1.029192132033130980e+00 3.373543148567688110e+00 5.243966256908998425e+00 5.759364400598416811e-01 1.202099673343673292e+00 4.168483496090027995e-01 
1.414991297434578896e+09 2.381768043908830805e+03 4.944304975059147182e+03 2.796204184023742976e+18 1.520853479325635126e+05 1.657620762066832836e+36 9.448881349891981307e-02 3.217433727458715213e-05 1.194906205997526413e+06 5.155679625254759789e+09 8.920683521726699837e+03 9.971927557903172978e-01 3.432191110482630148e+00 5.263522004314218350e+00 5.746871427372814978e-01 1.200891508180984335e+00 4.175055233938932964e-01 
1.464971398307287931e+09 2.465896481522393060e+03 4.885907396621351836e+03 2.796204184023742976e+18 1.482004637942326663e+05 1.687709695239120790e+36 9.438607612683203030e-02 3.080864539846847426e-05 1.165462019821858034e+06 4.815187738308870316e+09 8.961271874515803574e+03 9.662934750628774383e-01 3.491508983828413459e+00 5.282791541656929546e+00 5.734632012851161864e-01 1.199705375820289577e+00 4.181531972008367126e-01 
1.516716888470924139e+09 2.552996490626050218e+03 4.827148601089151271e+03 2.796204184023742976e+18 1.444144082751619280e+05 1.718325415299105259e+36 9.429079813033017232e-02 2.949103747771290835e-05 1.136657174940323457e+06 4.495334820542355537e+09 8.999294548908806973e+03 9.364524209851127212e-01 3.551497334514818860e+00 5.301771327531574762e+00 5.722644759328610053e-01 1.198541268706753815e+00 4.187912003320445331e-01 
1.570290124729377508e+09 2.643173032602317107e+03 4.768071110696995675e+03 2.796204184023742976e+18 1.407246850100374140e+05 1.749477145053838288e+36 9.420284724081916250e-02 2.822043482845560183e-05 1.108481118444035063e+06 4.195024452373355389e+09 9.034746107248894987e+03 9.076292286307059420e-01 3.612157583150139573e+00 5.320459121180189932e+00 5.710907134147267250e-01 1.197398973144218726e+00 4.194195115964871046e-01 
1.625755666443793535e+09 2.736534776263215008e+03 4.708716828739475204e+03 2.796204184023742976e+18 1.371288599064972077e+05 1.781174268780165914e+36 9.412209115780152680e-02 2.699574598117021590e-05 1.080923363709976897e+06 3.913206196571651459e+09 9.067624608776965033e+03 8.797852041277665069e-01 3.673491345343704584e+00 5.338852803501112909e+00 5.699416576911850996e-01 1.196278255780483857e+00 4.200381298180992928e-01 
1.683180353330955029e+09 2.833194228803512488e+03 4.649126994686839680e+03 2.796204184023742976e+18 1.336245596269381058e+05 1.813426335051683731e+36 9.404839988595432854e-02 2.581586793835270534e-05 1.053973504223213764e+06 3.648874442950400829e+09 9.097931489425556720e+03 8.528833259181882731e-01 3.735500169928677394e+00 5.356950355894985805e+00 5.688170671727569294e-01 1.195178929091128550e+00 4.206470242272195015e-01 
1.742633386009647131e+09 2.933267871379482585e+03 4.589342122678588566e+03 2.796204184023742976e+18 1.302094701057087950e+05 1.846243059615195540e+36 9.398164669556574591e-02 2.467969009452017232e-05 1.027621204125796328e+06 3.401067524615791798e+09 9.125671442770453723e+03 8.268881036715757249e-01 3.798185762646432817e+00 5.374750205240028222e+00 5.677166826616443229e-01 1.194100795343804089e+00 4.212461749277714995e-01 
1.804186409392075539e+09 3.036876299476560234e+03 4.529401951542756251e+03 2.796204184023742976e+18 1.268813351009433536e+05 1.879634328317522462e+36 9.392170537701820254e-02 2.358609667377383184e-05 1.001856199850516277e+06 3.168866621108451366e+09 9.150852316994072680e+03 8.017655113931105859e-01 3.861549992438277901e+00 5.392250904827327496e+00 5.666402445882688932e-01 1.193043647120021866e+00 4.218355723114595723e-01 
1.867913599020784616e+09 3.144144368234979538e+03 4.469345399757171435e+03 2.796204184023742976e+18 1.236379547803019232e+05 1.913610200083543241e+36 9.386845162653704999e-02 2.253396907517455687e-05 9.766683018453201512e+05 2.951394626812513828e+09 9.173485018676634354e+03 7.774829234900290098e-01 3.925594897401466277e+00 5.409451283905360341e+00 5.655874853670755931e-01 1.192007268111619167e+00 4.224152166170741518e-01 
1.933891750455232143e+09 3.255201342908712832e+03 4.409210524035427625e+03 2.796204184023742976e+18 1.204771843398899364e+05 1.948180909946412845e+36 9.382176433257019554e-02 2.152218812113820609e-05 9.520473963860647054e+05 2.747814990131747246e+09 9.193583488277732613e+03 7.540090536845337477e-01 3.990322690365595726e+00 5.426350589274109737e+00 5.645581223806702686e-01 1.190991433887676809e+00 4.229851174937281355e-01 
2.002200371815584421e+09 3.370181054638761452e+03 4.349034480556988456e+03 2.796204184023742976e+18 1.173969326556522719e+05 1.983356872130786696e+36 9.378152326876179612e-02 2.054963620464212570e-05 9.279834474725752370e+05 2.557330528741264820e+09 9.211164546432242787e+03 7.313138966645997829e-01 4.055735764027804890e+00 5.442948212588646584e+00 5.635518724547337044e-01 1.189995912389889554e+00 4.235452934468364461e-01 
2.072921779595369816e+09 3.489222061728718927e+03 4.288853490760310706e+03 2.796204184023742976e+18 1.143951609665368742e+05 2.019148683190052234e+36 9.374760983816760040e-02 1.961519933110090539e-05 9.044664987713550217e+05 2.379182225879375458e+09 9.226247754069730945e+03 7.093686723188055154e-01 4.121836695763613889e+00 5.459243767333506803e+00 5.625684480008046329e-01 1.189020464621462381e+00 4.240957713970485154e-01 
2.146141197858401537e+09 3.612467816616866457e+03 4.228702810944558223e+03 2.796204184023742976e+18 1.114698815887430828e+05 2.055567125198476587e+36 9.371990857746494152e-02 1.871776905231577106e-05 8.814866755973745603e+05 2.212648012660704613e+09 9.238855312255307581e+03 6.881457724495537720e-01 4.188628252103703709e+00 5.475237256435800504e+00 5.616075486388045768e-01 1.188064845363862254e+00 4.246365862772940591e-01 
2.221946860939519405e+09 3.740066838746028225e+03 4.168616704455175750e+03 2.796204184023742976e+18 1.086191566603774263e+05 2.092623168999245219e+36 9.369830512788888954e-02 1.785624429058499035e-05 8.590341869345521554e+05 2.057041541180577278e+09 9.249011939278110731e+03 6.676187098801444897e-01 4.256113392777645998e+00 5.490928828905484060e+00 5.606688738769555203e-01 1.187128803629898588e+00 4.251677805140918198e-01 
2.300430119772921562e+09 3.872172893539531287e+03 4.108628418042017074e+03 2.796204184023742976e+18 1.058410969158537628e+05 2.130327977509367912e+36 9.368268657231512697e-02 1.702953305124784174e-05 8.370993274625667837e+05 1.911710952805213690e+09 9.256744764313163614e+03 6.477620698183570447e-01 4.324295274458129335e+00 5.506318810195558022e+00 5.597521216114316189e-01 1.186212083259420291e+00 4.256894036018244454e-01 
2.381685551976160526e+09 4.008945177698842599e+03 4.048770161965010630e+03 2.796204184023742976e+18 1.031338604893864685e+05 2.168692909082424580e+36 9.367294308199294872e-02 1.623655402311802333e-05 8.156724795800864231e+05 1.776037645929893494e+09 9.262083217090303151e+03 6.285514633778739313e-01 4.393177254229877704e+00 5.521407887881789378e+00 5.588569788469783806e-01 1.185314423577925158e+00 4.262015117391947938e-01 
2.465811075822603703e+09 4.150548511046419662e+03 3.989073096804758734e+03 2.796204184023742976e+18 1.004956517469313403e+05 2.207729520930229983e+36 9.366896603572662239e-02 1.547623765809948759e-05 7.947441215842911042e+05 1.649435016460259199e+09 9.265058850984343735e+03 6.099635134784745505e-01 4.462762703909188389e+00 5.536196736504578553e+00 5.579831487025121994e-01 1.184435592534228476e+00 4.267041365445855550e-01 
2.552908068239516735e+09 4.297153535144642774e+03 3.929567316629505058e+03 2.796204184023742976e+18 9.792472014595216024e+04 2.247449572604359169e+36 9.367064813640250953e-02 1.474752798807381398e-05 7.743048241866200697e+05 1.531347273730980873e+09 9.265705238277476383e+03 5.919757834051072587e-01 4.533055158012414765e+00 5.550686149575670747e+00 5.571303366343867136e-01 1.183575358775699859e+00 4.271973096066475351e-01 
2.643081486974102974e+09 4.448936918930419779e+03 3.870281823787236135e+03 2.796204184023742976e+18 9.541935912238997116e+04 2.287865029538646620e+36 9.367788513524556715e-02 1.404938501464325012e-05 7.543452338291241322e+05 1.421248307409965038e+09 9.264057844645814839e+03 5.745666477138623440e-01 4.604058915175076372e+00 5.564877685397197737e+00 5.562981941223897886e-01 1.182733392179192489e+00 4.276811583552213580e-01 
2.736439997074666500e+09 4.606081571613163760e+03 3.811244542431190894e+03 2.796204184023742976e+18 9.297790500423123012e+04 2.328988066653704847e+36 9.369057399557363663e-02 1.338078394829700921e-05 7.348561035571314860e+05 1.318640346400072098e+09 9.260153916784058310e+03 5.577153957221629987e-01 4.675778158735133694e+00 5.578772753154225938e+00 5.554864019064877922e-01 1.181909418158777703e+00 4.281557615202516431e-01 
2.833096101839318275e+09 4.768776863092718486e+03 3.752482306334533860e+03 2.796204184023742976e+18 9.059873595108017616e+04 2.370831072024547653e+36 9.370861293821446114e-02 1.274071702350024947e-05 7.158282838826670777e+05 1.223052838262037516e+09 9.254032349105880712e+03 5.414021394598952375e-01 4.748217286754700339e+00 5.592372871327235373e+00 5.546946426806801389e-01 1.181103159882570530e+00 4.286212028196828561e-01 
2.933166278390048504e+09 4.937218852162876829e+03 3.694020856174795426e+03 2.796204184023742976e+18 8.828027091915125493e+04 2.413406650612430511e+36 9.373190321876122277e-02 1.212819443882666745e-05 6.972527245779249351e+05 1.134041287789330244e+09 9.245733555395656367e+03 5.256077785301527250e-01 4.821380912384741535e+00 5.605679871846901641e+00 5.539225910283008814e-01 1.180314338619290027e+00 4.290775704537697632e-01 
3.036771118035460472e+09 5.111610522775359641e+03 3.635884840185245139e+03 2.796204184023742976e+18 8.602096865111128136e+04 2.456727628062001856e+36 9.376034721891603196e-02 1.154224520362966224e-05 6.791204764376856619e+05 1.051186118247362018e+09 9.235299358237154593e+03 5.103139662954916389e-01 4.895273865921314638e+00 5.618695665969553055e+00 5.531699249686299336e-01 1.179542674166261795e+00 4.295249567912179378e-01 
3.144035471591500282e+09 5.292162028649286185e+03 3.578097817057518569e+03 2.796204184023742976e+18 8.381932669020630419e+04 2.500807054564983371e+36 9.379384855745324934e-02 1.098191788283005768e-05 6.614226929500903934e+05 9.740915561129556894e+08 9.222772856581701490e+03 4.955030776695242833e-01 4.969901195809936389e+00 5.631422249797712887e+00 5.524363255781125082e-01 1.178787885240178746e+00 4.299634580071903245e-01 
3.255088599835056305e+09 5.479090946520485886e+03 3.520682261663217105e+03 2.796204184023742976e+18 8.167388041812811571e+04 2.545658208791442978e+36 9.383231388320058264e-02 1.044628124720812753e-05 6.441506318852256518e+05 9.023845415935850143e+08 9.208198294690757393e+03 4.811581783192887540e-01 5.045268169615854781e+00 5.643861912757420995e+00 5.517214667601040290e-01 1.178049689986828019e+00 4.303931738169254340e-01 
3.370064329271924973e+09 5.672622538336160687e+03 3.463659572062901134e+03 2.796204184023742976e+18 7.958320211607695092e+04 2.591294601889925250e+36 9.387565080884972823e-02 9.934424832524756810e-06 6.272956568075080868e+05 8.357136665026770830e+08 9.191620955114680328e+03 4.672629952505463202e-01 5.121380274715168213e+00 5.656016983461291225e+00 5.510250276048318518e-01 1.177327806203698701e+00 4.308142070863942297e-01 
3.489101213406766415e+09 5.872990022710708217e+03 3.407050079117339919e+03 2.796204184023742976e+18 7.754590004849358229e+04 2.637729981557601822e+36 9.392376820940248616e-02 9.445459410972755043e-06 6.108492384924530052e+05 7.737481407945528030e+08 9.173087036785274904e+03 4.538018886949701791e-01 5.198243218846939406e+00 5.667889858690657867e+00 5.503466908347990350e-01 1.176621951704530877e+00 4.312266635397248860e-01 
3.612342699709437847e+09 6.080434855969905584e+03 3.350873058309918179e+03 2.796204184023742976e+18 7.556061756894197606e+04 2.684978336181692940e+36 9.397657799820620383e-02 8.978517378998500891e-06 5.948029562466435600e+05 7.161767889010565281e+08 9.152643550293947555e+03 4.407598252441459752e-01 5.275862930530901274e+00 5.679483211755580463e+00 5.496861326578444951e-01 1.175931844764515510e+00 4.316306515336940097e-01 
3.739937302478801727e+09 6.295207023121953171e+03 3.295146742429478309e+03 2.796204184023742976e+18 7.362603224763611797e+04 2.733053899053365827e+36 9.403399281591036385e-02 8.532753065811731326e-06 5.791484991404094035e+05 6.627070768170518875e+08 9.130338212250968354e+03 4.281223521914310215e-01 5.354245559232249541e+00 5.690799708167527449e+00 5.490430364183570555e-01 1.175257204265441002e+00 4.320262816987553434e-01 
3.872038781812557220e+09 6.517565339106414285e+03 3.239888336531063487e+03 2.796204184023742976e+18 7.174085502011053904e+04 2.781971152655461928e+36 9.409592663435889515e-02 8.107342966447255076e-06 5.638776671346209478e+05 6.130641705969352722e+08 9.106219328925571972e+03 4.158755730065760714e-01 5.433397475445400637e+00 5.701842072562333996e+00 5.484170892049561319e-01 1.174597750021886489e+00 4.324136666970690990e-01 
4.008806328898464680e+09 6.747777760683567067e+03 3.185114034603119762e+03 2.796204184023742976e+18 6.990382935655125766e+04 2.831744833025238661e+36 9.416229648771740068e-02 7.701485903702713864e-06 5.489823721041927347e+05 5.669900267980297804e+08 9.080335700654288303e+03 4.040061238976873637e-01 5.513325270680573098e+00 5.712613293407645898e+00 5.478079719598712982e-01 1.173953203165623682e+00 4.327929210354579670e-01 
4.150404757850472450e+09 6.986121709340381130e+03 3.130839036675787611e+03 2.796204184023742976e+18 6.811373045130723040e+04 2.882389934193521710e+36 9.423301982728488069e-02 7.314403123382067138e-06 5.344546387688737595e+05 5.242425152383894324e+08 9.052736526853423129e+03 3.925011514280956071e-01 5.594035757213587701e+00 5.723116297690444831e+00 5.472153749287783642e-01 1.173323286213110883e+00 4.331641607309742459e-01 
4.297004704320835114e+09 7.232884405602121660e+03 3.077077567937286858e+03 2.796204184023742976e+18 6.636936443211558799e+04 2.933921712701568282e+36 9.430801555009131476e-02 6.945338326784407277e-06 5.202866055127689615e+05 4.845945742030587196e+08 9.023471307210220402e+03 3.813482911169489564e-01 5.675535967820822592e+00 5.733354070542602265e+00 5.466389917679628230e-01 1.172707723367200305e+00 4.335275031220715558e-01 
4.448782831127575874e+09 7.488363215152433440e+03 3.023842899054993723e+03 2.796204184023742976e+18 6.466956758858333342e+04 2.986355692197010531e+36 9.438720565645118687e-02 6.593557644776831650e-06 5.064705250992428046e+05 4.478333981446943283e+08 8.992589749203130850e+03 3.705356469880004555e-01 5.757833155446191675e+00 5.743329852596032126e+00 5.460785100845201301e-01 1.172106240844745351e+00 4.338830667167264399e-01 
4.605922041145112991e+09 7.752866007179077315e+03 2.971147366541017618e+03 2.796204184023742976e+18 6.301320561947698297e+04 3.039707668110271051e+36 9.447051217896955400e-02 6.258349557751274134e-06 4.929987652925138827e+05 4.137596577856596708e+08 8.960141680090255250e+03 3.600517720399039057e-01 5.840934792634893569e+00 5.753046762534983927e+00 5.455336291968583273e-01 1.171518566866281974e+00 4.342309708756428299e-01 
4.768611697714474678e+09 8.026711525376917962e+03 2.919002394918302798e+03 2.796204184023742976e+18 6.139917289838271972e+04 3.093993712412819344e+36 9.455785875981631561e-02 5.939024765257696393e-06 4.798638093665271881e+05 3.821867523446673751e+08 8.926176967319825053e+03 3.498856495687703849e-01 5.924848571030752353e+00 5.762507984772605063e+00 5.450040510634177604e-01 1.170944431947461339e+00 4.345713356790805171e-01 
4.937047852839003563e+09 8.310229772055761714e+03 2.867418519605773781e+03 2.796204184023742976e+18 5.982639175730492570e+04 3.149230178458795768e+36 9.464917220366819706e-02 5.634916009464996508e-06 4.670582565121835214e+05 3.529400935603638291e+08 8.890745438208508858e+03 3.400266753179133072e-01 6.009582400822717219e+00 5.771716955412425243e+00 5.444894714387621404e-01 1.170383569173796046e+00 4.349042818061022997e-01 
5.111433483440165520e+09 8.603762405815257807e+03 2.816405409484209940e+03 2.796204184023742976e+18 5.829381178778649337e+04 3.205433705911340568e+36 9.474437888532130647e-02 5.345377856445967747e-06 4.545748221545229317e+05 3.258564210745461583e+08 8.853896806154769365e+03 3.304646404328526188e-01 6.095144409947921282e+00 5.780676921023381709e+00 5.439896004694327880e-01 1.169835714111974401e+00 4.352299302277462534e-01 
5.291978735958436966e+09 8.907663153266568770e+03 2.765971891133147892e+03 2.796204184023742976e+18 5.680040915913728531e+04 3.262621225755198181e+36 9.484340707178444407e-02 5.069786438772077599e-06 4.424063381586408941e+05 3.007831485983400345e+08 8.815680602702839678e+03 3.211897151523879779e-01 6.181542943456197037e+00 5.789391218486975355e+00 5.435041493677713609e-01 1.169300605110008995e+00 4.355484021349005919e-01 
5.478901179593934059e+09 9.222298235296788334e+03 2.716125973255765985e+03 2.796204184023742976e+18 5.534518595336878207e+04 3.320809965397084961e+36 9.494618801242110662e-02 4.807539163252692800e-06 4.305457529411591240e+05 2.775777402692834139e+08 8.776146104265293616e+03 3.121924332231731380e-01 6.268786562808192464e+00 5.797863405542029724e+00 5.430328242279262030e-01 1.168777983500731477e+00 4.358598188314548039e-01 
5.672426068491989136e+09 9.548046808389835860e+03 2.666874870633284445e+03 2.796204184023742976e+18 5.392716951644176152e+04 3.380017453855342672e+36 9.505265237161482361e-02 4.558054387369540418e-06 4.189861314958756557e+05 2.561071165191830099e+08 8.735342271108633213e+03 3.034636770153821272e-01 6.356884044946030876e+00 5.806096822584010830e+00 5.425753463158906609e-01 1.168267593477393618e+00 4.361643014544420716e-01 
5.872786613189489365e+09 9.885301421535425106e+03 2.618225029463798364e+03 2.796204184023742976e+18 5.254541182544199546e+04 3.440261527040432026e+36 9.516273283758910906e-02 4.320771067534434978e-06 4.077206553143649362e+05 2.362470886815481782e+08 8.693317690308158490e+03 2.949946632756743070e-01 6.445844381593685668e+00 5.814094908832768027e+00 5.421314371560576051e-01 1.167769182376934056e+00 4.364619709432260297e-01 
6.080224261649427414e+09 1.023446848927727842e+04 2.570182152517506438e+03 2.796204184023742976e+18 5.119898887130524963e+04 3.501560333127935011e+36 9.527636479369626377e-02 4.095148382557244698e-06 3.967426222204533406e+05 2.178818215702398419e+08 8.650120521080856633e+03 2.867769295121448403e-01 6.535676778477533588e+00 5.821861282440323748e+00 5.417008147276194396e-01 1.167282500820872704e+00 4.367529479440591667e-01 
6.294988990221887589e+09 1.059596878146991730e+04 2.522751223747928634e+03 2.796204184023742976e+18 4.988700005672621774e+04 3.563932338025560059e+36 9.539348308582275282e-02 3.880665335390340839e-06 3.860454461247348227e+05 2.009033231995673180e+08 8.605798438131203511e+03 2.788023209884710751e-01 6.626390654348949028e+00 5.829399343483689933e+00 5.412832117035695223e-01 1.166807302581196026e+00 4.370373525662607506e-01 
6.517339604882420540e+09 1.097023793033472066e+04 2.475936533938748198e+03 2.796204184023742976e+18 4.860856760888853023e+04 3.627396330935897330e+36 9.551402460838293029e-02 3.676820335872450145e-06 3.756226566832734970e+05 1.852109607636162639e+08 8.560398585380429722e+03 2.710629782711517222e-01 6.717995640276787306e+00 5.836712588385937650e+00 5.408783607302370955e-01 1.166343344831100914e+00 4.373153043777200932e-01 
6.747544053110686302e+09 1.135772695542612564e+04 2.429741705922697292e+03 2.796204184023742976e+18 4.736283600666418351e+04 3.691971430016552135e+36 9.563792865519026021e-02 3.483130767358039621e-06 3.654678988792222808e+05 1.707110020065467060e+08 8.513967531889373276e+03 2.635513253279949120e-01 6.810501578852670157e+00 5.843804651416607321e+00 5.404859924238051283e-01 1.165890388235095498e+00 4.375869223207962122e-01 
6.985879746785234451e+09 1.175890280714059736e+04 2.384169719201033331e+03 2.796204184023742976e+18 4.614897142193774198e+04 3.757677088139384904e+36 9.576513405612038787e-02 3.299132539807891000e-06 3.555749325318719493e+05 1.573161810796087682e+08 8.466551231162538897e+03 2.562600581555828927e-01 6.903918523229813253e+00 5.850678953384747416e+00 5.401058513916313641e-01 1.165448196812071346e+00 4.378523245033922318e-01 
7.232633896483548164e+09 1.217424892942338374e+04 2.339222936424307591e+03 2.796204184023742976e+18 4.496616117471808684e+04 3.824533098750577805e+36 9.589558173128816254e-02 3.124379597969353078e-06 3.459376336168253911e+05 1.449452871894234717e+08 8.418194981600718165e+03 2.491821406699895602e-01 6.998256573467945607e+00 5.857338948977742099e+00 5.397376878383380872e-01 1.165016551433002423e+00 4.381116086176279345e-01 
7.488103857590030670e+09 1.260426584235085284e+04 2.294903124679560733e+03 2.796204184023742976e+18 4.381361320170915133e+04 3.892559601833263486e+36 9.602921465805971946e-02 2.958443559384372176e-06 3.365499878574477625e+05 1.335227791197053790e+08 8.368943400742075028e+03 2.423107735942049701e-01 7.093526359753194122e+00 5.863788314259697820e+00 5.393812393824531926e-01 1.164595209858771074e+00 4.383649104606208713e-01 
7.752597488629464149e+09 1.304947174529122822e+04 2.251211483028175280e+03 2.796204184023742976e+18 4.269055553801505448e+04 3.961777089974629691e+36 9.616597545602119379e-02 2.800913132655370075e-06 3.274060957707992056e+05 1.229784164328511208e+08 8.318840384369939784e+03 2.356394052616260226e-01 7.189738570582510313e+00 5.870030460812704298e+00 5.390362625685866105e-01 1.164183946157795191e+00 4.386123463239719467e-01 
8.026433522257173538e+09 1.351040314136956840e+04 2.208148666012973536e+03 2.796204184023742976e+18 4.159623581166817166e+04 4.032206414539153152e+36 9.630580889004305978e-02 2.651393673868715677e-06 3.185001700840418343e+05 1.132469149527666718e+08 8.267929080576406704e+03 2.291617155435558828e-01 7.286904095311491858e+00 5.876068899955274816e+00 5.387025131453345717e-01 1.163782538657127219e+00 4.388540306343081121e-01 
8.309941949353386879e+09 1.398761548399023923e+04 2.165714807387463679e+03 2.796204184023742976e+18 4.052992075066955294e+04 4.103868791949967413e+36 9.644866139807486971e-02 2.509506706478246070e-06 3.098265348139210837e+05 1.042676213155958056e+08 8.216251868243285571e+03 2.228716064398013619e-01 7.385034030212044520e+00 5.881907187307390927e+00 5.383797483669332529e-01 1.163390769367679711e+00 4.390900766952686718e-01 
8.603464416684492111e+09 1.448168384619571225e+04 2.123909543330051292e+03 2.796204184023742976e+18 3.949089570224233466e+04 4.176785810080179741e+36 9.659447920025984735e-02 2.374889438361898141e-06 3.013796243708585971e+05 9.598420649607926607e+07 8.163850331778430700e+03 2.167631933577306436e-01 7.484139677754277464e+00 5.887548691893386810e+00 5.380677373635875949e-01 1.163008423865563579e+00 4.393205965575502359e-01 
8.907354638610458374e+09 1.499320361366841098e+04 2.082732035885420373e+03 2.796204184023742976e+18 3.847846416400327143e+04 4.250979434756102809e+36 9.674321073548597383e-02 2.247194279011288784e-06 2.931539826016509323e+05 8.834437745921495557e+07 8.110765242351389134e+03 2.108307967594433285e-01 7.584232546079874737e+00 5.892996893531195823e+00 5.377662474905404721e-01 1.162635291473329779e+00 4.395457010627663030e-01 
9.221978823334341049e+09 1.552279120221035373e+04 2.042180995470688686e+03 2.796204184023742976e+18 3.749194732676629064e+04 4.326472016374296594e+36 9.689480567603807326e-02 2.126088358384738221e-06 2.851442617848910159e+05 8.129960608392123878e+07 8.057036543406667988e+03 2.050689341726328330e-01 7.685324348404612316e+00 5.898255262596608262e+00 5.374750496931510746e-01 1.162271165194515232e+00 4.397654997594578896e-01 
9.547716114208065033e+09 1.607108480056609915e+04 2.002254702900714619e+03 2.796204184023742976e+18 3.653068362869507837e+04 4.403286296634550275e+36 9.704921365935516298e-02 2.011253048648842966e-06 2.773452215777639067e+05 7.480487451199583709e+07 8.002703330122826628e+03 1.994723125434720856e-01 7.787427002455200586e+00 5.903327105900217475e+00 5.371939253550855886e-01 1.161915841622185530e+00 4.399801008117225076e-01 
9.884959046625585556e+09 1.663874513948298409e+04 1.962951031428963006e+03 2.796204184023742976e+18 3.559402832053307793e+04 4.481445415390647032e+36 9.720638663228044207e-02 1.902383489921183187e-06 2.697517279126005596e+05 6.881843609895029664e+07 7.947803837015303543e+03 1.940358209104565967e-01 7.890552630089188391e+00 5.908215852664466361e+00 5.369226532440408706e-01 1.161569121099905511e+00 4.401896110550286290e-01 
1.023411402105452728e+10 1.722645628793625292e+04 1.924267467748328727e+03 2.796204184023742976e+18 3.468135304164073750e+04 4.560972917621122405e+36 9.736627727895447171e-02 1.799188121162555435e-06 2.623587518561269972e+05 6.330159117651463300e+07 7.892375433986796452e+03 1.887545233957081126e-01 7.994713556825735701e+00 5.912924863480442106e+00 5.366610180532421781e-01 1.161230807600087234e+00 4.403941359018961332e-01 
1.059560179277614784e+10 1.783492647747830415e+04 1.886201132629799076e+03 2.796204184023742976e+18 3.379204540657905454e+04 4.641892760522049206e+36 9.752883847790687344e-02 1.701388217085386487e-06 2.551613684279529261e+05 5.821847684975952655e+07 7.836454611074366767e+03 1.836236524920234758e-01 8.099922311466025704e+00 5.917457365204626285e+00 5.364088132105694351e-01 1.160900708670729697e+00 4.405937792914170203e-01 
1.096985797892381859e+10 1.846488895570543900e+04 1.848748801386264631e+03 2.796204184023742976e+18 3.292550860198320152e+04 4.724229320724004709e+36 9.769402552461432798e-02 1.608717431898551999e-06 2.481547553795180866e+05 5.353587008174400777e+07 7.780076976544492027e+03 1.786386026301653163e-01 8.206191625879108997e+00 5.921816721722155563e+00 5.361658285811613522e-01 1.160578635577141693e+00 4.407886437535710189e-01 
1.135733358343102837e+10 1.911710286987065774e+04 1.811906923217088661e+03 2.796204184023742976e+18 3.208116099347660565e+04 4.808007401635387139e+36 9.786179389619729940e-02 1.520921350709032291e-06 2.413341919451709546e+05 4.922300335058089346e+07 7.723277254279683802e+03 1.737949240235379389e-01 8.313534434673757190e+00 5.926006163208712429e+00 5.359318625628322064e-01 1.160264403120760512e+00 4.409788302987218689e-01 
1.175849554052158165e+10 1.979235418170735284e+04 1.775671640339313399e+03 2.796204184023742976e+18 3.125843574238074871e+04 4.893252240914310380e+36 9.803209954365318946e-02 1.437757049143039692e-06 2.346950575597252464e+05 4.525139218074956536e+07 7.666089280086594954e+03 1.690883167682047383e-01 8.421963875025866741e+00 5.930028822938463229e+00 5.357067203112642062e-01 1.159957829635461568e+00 4.411644384110400829e-01 
1.217382727739661980e+10 2.049145661456585003e+04 1.740038806770648307e+03 2.796204184023742976e+18 3.045678043198329033e+04 4.979989518071256297e+36 9.820490095868202041e-02 1.358992661762790213e-06 2.282328305465576996e+05 4.159467388397659361e+07 7.608545997944413102e+03 1.645146251880406363e-01 8.531493286643739182e+00 5.933887988525927248e+00 5.354902023812070366e-01 1.159658737110144111e+00 4.413455661179485068e-01 
1.260382929679727364e+10 2.121525263400539188e+04 1.705004005935971236e+03 2.796204184023742976e+18 2.967565670312968723e+04 5.068245362204943235e+36 9.838015619735136774e-02 1.284406959824473791e-06 2.219430867865632754e+05 3.822845687463061512e+07 7.550679464573258883e+03 1.600698324225530156e-01 8.642136211587166272e+00 5.937586742625588165e+00 5.352821207518857483e-01 1.159366950944050068e+00 4.415223098575662419e-01 
1.304901978014401627e+10 2.196461446302160402e+04 1.670562568233347065e+03 2.796204184023742976e+18 2.891453989891300080e+04 5.158046359873519845e+36 9.855782412240349233e-02 1.213788938689928907e-06 2.158214983600897540e+05 3.513017994329018891e+07 7.492520853627718679e+03 1.557500552347452771e-01 8.753906394321804285e+00 5.941128114913957425e+00 5.350822919072560913e-01 1.159082300004171673e+00 4.416947645197931704e-01 
1.350993521198025131e+10 2.274044513313407515e+04 1.636709588091973046e+03 2.796204184023742976e+18 2.817291871823811380e+04 5.249419563103623082e+36 9.873786627616419620e-02 1.146937415269619976e-06 2.098638321687456628e+05 3.227898090676204115e+07 7.434100454226691909e+03 1.515515390338997015e-01 8.866817781871715098e+00 5.944515309073575615e+00 5.348905266156721572e-01 1.158804616728078329e+00 4.418630235174644261e-01 
1.398713102647235870e+10 2.354367957260022740e+04 1.603439939815177922e+03 2.796204184023742976e+18 2.745029487804397286e+04 5.342392497539642666e+36 9.892024308569899449e-02 1.083660635818695597e-06 2.040659485459975549e+05 2.965557407947327569e+07 7.375447678969129811e+03 1.474706531109456764e-01 8.980884523786864193e+00 5.947751246312496853e+00 5.347066502503470264e-01 1.158533736811205417e+00 4.420271786260236979e-01 
1.448118227674535942e+10 2.437528573306697945e+04 1.570748293583853183e+03 2.796204184023742976e+18 2.674618278397183167e+04 5.436993170735673630e+36 9.910491626604951698e-02 1.023775894197043853e-06 1.984237998463368567e+05 2.724213603011667356e+07 7.316591074604261848e+03 1.435038860629293533e-01 9.096120972445522312e+00 5.950838857029770779e+00 5.345304896624111235e-01 1.158269499343857367e+00 4.421873200804605220e-01 
1.499268432786047173e+10 2.523626575601734658e+04 1.538629130741918971e+03 2.796204184023742976e+18 2.606010920927295228e+04 5.533250080592580100e+36 9.929184999113287169e-02 9.671091608196352490e-07 1.929334290234058863e+05 2.502219912177476659e+07 7.257558320664432358e+03 1.396478414070417562e-01 9.212541683376182178e+00 5.953781222443005561e+00 5.343618668094983759e-01 1.158011746858659485e+00 4.423435366253120060e-01 
1.552225357427047920e+10 2.612765718041906075e+04 1.507076757996715060e+03 2.796204184023742976e+18 2.539161298175267802e+04 5.631192223942893343e+36 9.948100713832123965e-02 9.134947224261969482e-07 1.875909682025810471e+05 2.298055235619761050e+07 7.198376240641319782e+03 1.358992333795986385e-01 9.330161415413295245e+00 5.956581124895337531e+00 5.342006187205897705e-01 1.157760325013532210e+00 4.424959153599664075e-01 
1.607052818261638451e+10 2.705053419302859038e+04 1.476085321793981393e+03 2.796204184023742976e+18 2.474024467855505281e+04 5.730849105285889345e+36 9.967235209187697009e-02 8.627748326487053650e-07 1.823926372387257288e+05 2.110314906290153414e+07 7.139070812071808177e+03 1.322548828991130243e-01 9.448995131222599042e+00 5.959241386574365862e+00 5.340465823213298435e-01 1.157515082755484759e+00 4.426445418596762216e-01 
1.663816886076127434e+10 2.800600892285868395e+04 1.445648821898683991e+03 2.796204184023742976e+18 2.410556632859427555e+04 5.832250745675665740e+36 9.986585135868081275e-02 8.147993734651477913e-07 1.773347422699804010e+05 1.937702100448944420e+07 7.079667177184429420e+03 1.287117136959290975e-01 9.569057997797930426e+00 5.961764944084115392e+00 5.338995910678221435e-01 1.157275872324041499e+00 4.427895002083037101e-01 
1.722585965398783875e+10 2.899523278136879526e+04 1.415761124140999755e+03 2.796204184023742976e+18 2.348715112244544434e+04 5.935427691764794747e+36 1.000614702408888779e-01 7.694255275861681361e-07 1.724136742715664150e+05 1.779019849095738307e+07 7.020189653436905246e+03 1.252667485948220916e-01 9.690365387427892330e+00 5.964154452122987671e+00 5.337594924921826856e-01 1.157042549037732515e+00 4.429308729144315060e-01 
1.783430876931905746e+10 3.001939784999353651e+04 1.386415972780807351e+03 2.796204184023742976e+18 2.288458312951084008e+04 6.040411025006339486e+36 1.002591756108826143e-01 7.265174613060836914e-07 1.676259075972292048e+05 1.633163610521711037e+07 6.960661742373661582e+03 1.219171059799788320e-01 9.812932876024634155e+00 5.966412617332515822e+00 5.336261333048212263e-01 1.156814971144482840e+00 4.430687408378090053e-01 
1.846424942895546341e+10 3.107973831668125422e+04 1.357607003072486123e+03 2.796204184023742976e+18 2.229745702228258597e+04 6.147232371016965558e+36 1.004589361411140636e-01 6.859460186894381587e-07 1.629679985304687871e+05 1.499114369941260666e+07 6.901106145918939546e+03 1.186599963272967767e-01 9.936776247397185458e+00 5.968542226679030449e+00 5.334993580713225381e-01 1.156593000259763304e+00 4.432031835101835626e-01 
1.911644075385703659e+10 3.217753196317323454e+04 1.329327752032280387e+03 2.796204184023742976e+18 2.172537780752706021e+04 6.255923909103924654e+36 1.006607194149643641e-01 6.475884257756912745e-07 1.584365838309615792e+05 1.375932228739032522e+07 6.841544777317866647e+03 1.154927189557405504e-01 1.006191149143532293e+01 5.970545805270507600e+00 5.333790243399245679e-01 1.156376500793376172e+00 4.433342788221081299e-01 
1.979166867853557205e+10 3.331410170481757814e+04 1.301571669764840408e+03 2.796204184023742976e+18 2.116796056421930552e+04 6.366518381958957279e+36 1.008644946653003971e-01 6.113280055361682804e-07 1.540283792824642151e+05 1.262750452977178805e+07 6.781998778613687136e+03 1.124126588641517349e-01 1.018835480564220930e+01 5.972425944360900907e+00 5.332649880297664069e-01 1.156165340185337564e+00 4.434621032031884624e-01 
2.049074689815846252e+10 3.449081718477088725e+04 1.274332129908527804e+03 2.796204184023742976e+18 2.062483018806213659e+04 6.479049105521788653e+36 1.010702325676795105e-01 5.770539031075870734e-07 1.497401782463059353e+05 1.158769949848819897e+07 6.722488533728028415e+03 1.094172837042772101e-01 1.031612259598621861e+01 5.974185277761628221e+00 5.331571044341654186e-01 1.155959388844191915e+00 4.435867316274799688e-01 
2.121451784910627747e+10 3.570909642451067339e+04 1.247602439414886248e+03 2.796204184023742976e+18 2.009562114242616735e+04 6.593549979016374678e+36 1.012779028539528281e-01 5.446608211826799350e-07 1.455688502217009955e+05 1.063254143430368043e+07 6.663033673167669804e+03 1.065041408754379415e-01 1.044523147769239557e+01 5.975826201166984042e+00 5.330552405902461155e-01 1.155758519919018790e+00 4.437082375235456566e-01 
2.196385372416542435e+10 3.697040753264690284e+04 1.221375848337723482e+03 2.796204184023742976e+18 1.957997721555237149e+04 6.710055495162837642e+36 1.014874769895307005e-01 5.140487653353669665e-07 1.415113394083040475e+05 9.755242225829731673e+06 6.603653092411231228e+03 1.036708547290230292e-01 1.057569827637945714e+01 5.977351191157191934e+00 5.329592611044854378e-01 1.155562609454233280e+00 4.438266929066218003e-01 
2.273965752357932281e+10 3.827627047409196530e+04 1.195645558857132301e+03 2.796204184023742976e+18 1.907755128386215074e+04 6.828600750568230865e+36 1.016989275024586664e-01 4.851227991172725928e-07 1.375646632791906595e+05 8.949547357492536306e+06 6.544364968747193416e+03 1.009151238857184246e-01 1.070754002907929880e+01 5.978762727000287214e+00 5.328690315726894999e-01 1.155371536291820211e+00 4.439421683659652285e-01 
2.354286414322420120e+10 3.962825890172019717e+04 1.170404733773943690e+03 2.796204184023742976e+18 1.858800508122388055e+04 6.949221456299100284e+36 1.019122261466552659e-01 4.577928086970501933e-07 1.337259111633920693e+05 8.209695087629999965e+06 6.485186773635864483e+03 9.823471865847634155e-02 1.084077398524568281e+01 5.980063076413908441e+00 5.327844279987375975e-01 1.155185181883038537e+00 4.440547329999072756e-01 
2.437444150122221756e+10 4.102800205272666062e+04 1.145646505127547925e+03 2.796204184023742976e+18 1.811100897402744158e+04 7.071953948639351703e+36 1.021273464996842462e-01 4.319732755069117820e-07 1.299922431210806535e+05 7.530378626715248451e+06 6.426135296145965185e+03 9.562747948903262130e-02 1.097541751780410735e+01 5.981254585185210360e+00 5.327053248090355408e-01 1.155003434110527527e+00 4.441644470443595893e-01 
2.523539170434766006e+10 4.247718671196715877e+04 1.121363981588958040e+03 2.796204184023742976e+18 1.764624174192397186e+04 7.196835200036259473e+36 1.023442628003279897e-01 4.075830619777561645e-07 1.263608879768450424e+05 6.906711132296732627e+06 6.367226650664294539e+03 9.309131274062518169e-02 1.111148829320880260e+01 5.982339576737219389e+00 5.326315975952521375e-01 1.154826180081536036e+00 4.442713761318579646e-01 
2.612675225563326645e+10 4.397755924464781856e+04 1.097550255756362276e+03 2.796204184023742976e+18 1.719339036408919856e+04 7.323902830238237506e+36 1.025629487041567062e-01 3.845452033529074384e-07 1.228291418905511528e+05 6.334193290046785027e+06 6.308476289424033894e+03 9.062418827320785353e-02 1.124900430431774367e+01 5.983320213425670886e+00 5.325631289675379909e-01 1.154653305033539468e+00 4.443755934670630126e-01 
2.704959730463131714e+10 4.553092770081294293e+04 1.074198411754003928e+03 2.796204184023742976e+18 1.675214981087362685e+04 7.453195117627556646e+36 1.027833797821958717e-01 3.627867052799315710e-07 1.193943676304351975e+05 5.808683301334146410e+06 6.249899017889681090e+03 8.822413931676877097e-02 1.138798366397668005e+01 5.984198749221537383e+00 5.324997993324067647e-01 1.154484700877223657e+00 4.444771627436175376e-01 
2.800503894183625412e+10 4.713916399416715285e+04 1.051301531567303755e+03 2.796204184023742976e+18 1.632222284070563546e+04 7.584751010751479359e+36 1.030055318530853498e-01 3.422383541303459669e-07 1.160539928917313810e+05 5.326369137217291631e+06 6.191509010211125315e+03 8.588925932238153371e-02 1.152844470402714272e+01 5.984977356153073025e+00 5.324414935675056970e-01 1.154320261976621964e+00 4.445761462965488464e-01 
2.899422853882881165e+10 4.880420615785781411e+04 1.028852701290085633e+03 2.796204184023742976e+18 1.590331980211670270e+04 7.718610140055313367e+36 1.032293803622096467e-01 3.228345339072302209e-07 1.128055089504527423e+05 4.883742871007115580e+06 6.133319829084552111e+03 8.361769992516304706e-02 1.167040597673835478e+01 5.985658054498022018e+00 5.323881040587652436e-01 1.154159885053756662e+00 4.446726050916836037e-01 
3.001835813575592041e+10 5.052806067993483157e+04 1.006845017251706849e+03 2.796204184023742976e+18 1.549515844076179928e+04 7.854812829820780790e+36 1.034549027602738175e-01 3.045130509894117918e-07 1.096464693297332851e+05 4.477576946888702922e+06 6.075344440086624672e+03 8.140766898168017018e-02 1.181388625657188030e+01 5.986242991113483569e+00 5.323395183938786079e-01 1.154003469325930453e+00 4.447665988588507813e-01 
3.107866187782014084e+10 5.231280492130517086e+04 9.852715914499392511e+02 2.796204184023742976e+18 1.509746371130960324e+04 7.993400110313564511e+36 1.036820763271283502e-01 2.872149664799901227e-07 1.065744884848644142e+05 4.104902245505623985e+06 6.017595232021223637e+03 7.925742868579079003e-02 1.195890454159551730e+01 5.986734188104211540e+00 5.322956304106991610e-01 1.153850916291946804e+00 4.448581860080164652e-01 
3.217641750250735474e+10 5.416058961909202480e+04 9.641255568341266553e+02 2.796204184023742976e+18 1.470996759408237449e+04 8.134413730143376383e+36 1.039108781891637800e-01 2.708844358892590172e-07 1.035872405025192857e+05 3.762987815725204069e+06 5.960084026951106352e+03 7.716529375315471506e-02 1.210548005515360437e+01 5.987133547503344921e+00 5.322563399541878626e-01 1.153702129686685840e+00 4.449474236497426571e-01 
3.331294787934670258e+10 5.607364147841822705e+04 9.434000724321205098e+02 2.796204184023742976e+18 1.433240891632626517e+04 8.277896168840496351e+36 1.041412875637354324e-01 2.554685559037753104e-07 1.006824578149140725e+05 3.449322151255677920e+06 5.902822097198878510e+03 7.512962967186831431e-02 1.225363224780286586e+01 5.987443112103636444e+00 5.322215413554006735e-01 1.153557015611764269e+00 4.450343677237516560e-01 
3.448962260405752563e+10 5.805426585573602642e+04 9.230883278127424774e+02 2.796204184023742976e+18 1.396453317799685101e+04 8.423890649652490733e+36 1.043732830867176442e-01 2.409172180100418230e-07 9.785792993412680516e+04 3.161595899408996571e+06 5.845820169991947296e+03 7.314885102249923943e-02 1.240338079885683520e+01 5.987664758548159050e+00 5.321911369230505340e-01 1.153415482281804350e+00 4.451190728906627703e-01 
3.570785964900469971e+10 6.010484953693725402e+04 9.031835475057220037e+02 2.796204184023742976e+18 1.360609238194717182e+04 8.572441152564967828e+36 1.046068434621534038e-01 2.271829687087693173e-07 9.511150220132590039e+04 2.897685896203186363e+06 5.789088448590471671e+03 7.122141985754734672e-02 1.255474561829245062e+01 5.987800274868575912e+00 5.321650334966392393e-01 1.153277440030076040e+00 4.452015925834670873e-01 
3.696912707195031738e+10 6.222786361359026341e+04 8.836789952352200999e+02 2.796204184023742976e+18 1.325684486840852151e+04 8.723592427550234935e+36 1.048419495611108143e-01 2.142208760845175793e-07 9.244107455278199632e+04 2.655640429973038379e+06 5.732636645020518699e+03 6.934584413970018568e-02 1.270774684886388961e+01 5.987851602633766035e+00 5.321431317584328635e-01 1.153142801432966769e+00 4.452819791312633835e-01 
3.827494478516314697e+10 6.442586646077330079e+04 8.645679775175688064e+02 2.796204184023742976e+18 1.291655515365613974e+04 8.877390008048062044e+36 1.050785812852918638e-01 2.019884025048614392e-07 8.984460030699512572e+04 2.433665642590520903e+06 5.676473974691671174e+03 6.752067624182855887e-02 1.286240486773885650e+01 5.987820478956056292e+00 5.321253419703796395e-01 1.153011481014246886e+00 4.453602836250160624e-01 
3.962688638701478577e+10 6.670150682008796139e+04 8.458438473150272330e+02 2.796204184023742976e+18 1.258499377275608458e+04 9.033880224682298215e+36 1.053167188168576823e-01 1.904452831994481514e-07 8.732008496723163989e+04 2.230112983137407806e+06 5.620609164148984746e+03 6.574451149808320516e-02 1.301874028866716415e+01 5.987708582243982391e+00 5.321115775301689110e-01 1.152883395304109104e+00 4.454365560007812475e-01 
4.102658105827190399e+10 6.905752699157160532e+04 8.275000074739468801e+02 2.796204184023742976e+18 1.226193712629043330e+04 9.193110219217719466e+36 1.055563445660983313e-01 1.795534104969630428e-07 8.486558504214881395e+04 2.043467635456679855e+06 5.565050485422319980e+03 6.401598680768724736e-02 1.317677396423682623e+01 5.987517755202611092e+00 5.321017451329119741e-01 1.152758462953476837e+00 4.455108451559711691e-01 
4.247571552536894226e+10 7.149676613835382159e+04 8.095299135674019908e+02 2.796204184023742976e+18 1.194716733096169264e+04 9.355127958761214265e+36 1.057974396270897205e-01 1.692767235079293042e-07 8.247920688815468748e+04 1.872337846639499301e+06 5.509805748592522832e+03 6.233377929320317590e-02 1.333652698767326861e+01 5.987249602884625155e+00 5.320957624406275066e-01 1.152636604407636156e+00 4.455831987957455387e-01 
4.397603609302712250e+10 7.402216370803931204e+04 7.919270768640237748e+02 2.796204184023742976e+18 1.164047207397910279e+04 9.519982250211585082e+36 1.060399855635336813e-01 1.595811030167019357e-07 8.015910556738561718e+04 1.715445088147647679e+06 5.454882325754821977e+03 6.069660500348948717e-02 1.349802069519674674e+01 5.986905698407109178e+00 5.320935490051118544e-01 1.152517742007902468e+00 4.456536635409028002e-01 
4.552935074866938019e+10 7.663676297494048777e+04 7.746850670677248445e+02 2.796204184023742976e+18 1.134164447113220194e+04 9.687722754962351917e+36 1.062839662072761343e-01 1.504342713807217347e-07 7.790348372468934394e+04 1.571614986773859244e+06 5.400287167034997765e+03 5.910321766347047950e-02 1.366127666844342770e+01 5.986487787249376247e+00 5.320950172564743452e-01 1.152401800098471263e+00 4.457222850381706292e-01 
4.713753134116728973e+10 7.934371470742842939e+04 7.577940012312534463e+02 2.796204184023742976e+18 1.105048292845917604e+04 9.858400003861973195e+36 1.064708583601614578e-01 1.418057772089412214e-07 7.571062029850046383e+04 1.439770345984667540e+06 5.346028215173172612e+03 5.755244300158710719e-02 1.382631106597615123e+01 5.979421637975126380e+00 5.323897106317126982e-01 1.152283854916199113e+00 4.457861560799909473e-01 
4.880251583654433441e+10 8.214628096481988905e+04 7.412376353543400000e+02 2.796204184023742976e+18 1.076679100742005903e+04 1.003206541243588293e+37 1.064431221644201453e-01 1.336669633834772261e-07 7.357889374871690234e+04 1.318924183610077016e+06 5.292114456488716314e+03 5.604320383093126801e-02 1.399312939176237336e+01 5.948141313611836622e+00 5.337569814464793172e-01 1.152149492041874446e+00 4.458365864408153634e-01 
5.052631065335679626e+10 8.504783902838063659e+04 7.250071912755117864e+02 2.796204184023742976e+18 1.049037729348635366e+04 1.020877129637524713e+37 1.061994698037140028e-01 1.259905664204029330e-07 7.150667269997744006e+04 1.208167347740919562e+06 5.238554678786444128e+03 5.457439840205709214e-02 1.416174454188439569e+01 5.892865577525029153e+00 5.362093143751569535e-01 1.151993884644827659e+00 4.458702529710236173e-01 
5.231099308056258392e+10 8.805188547117575945e+04 7.090963112079124357e+02 2.796204184023742976e+18 1.022105526806207490e+04 1.038857088729668139e+37 1.057941453353427319e-01 1.187507956372989470e-07 6.949236536309261282e+04 1.106664854952443158e+06 5.185279621886716086e+03 5.314495328631622939e-02 1.433216930075485074e+01 5.820070939570938684e+00 5.394908746527657950e-01 1.151815603080478256e+00 4.458851426608737012e-01 
5.415871378079464722e+10 9.116204037167616480e+04 6.935047151681241075e+02 2.796204184023742976e+18 9.958643183651978688e+03 1.057151834877797298e+37 1.053266531723038996e-01 1.119231998228759874e-07 6.753438460176602530e+04 1.013648915898239240e+06 5.132338447153227207e+03 5.175377068121231328e-02 1.450442698505790950e+01 5.741064445931931992e+00 5.431161017935851598e-01 1.151622448822512856e+00 4.458842905703848114e-01 
5.607169938205469513e+10 9.438205167619766144e+04 6.782253835243856201e+02 2.796204184023742976e+18 9.702963942195654454e+03 1.075766879267457961e+37 1.048027086609439051e-01 1.054847763737287664e-07 6.563124303065682761e+04 9.284166316174237290e+05 5.079821302472169918e+03 5.039986548761198060e-02 1.467852478296385677e+01 5.656648960748124289e+00 5.470638679350018352e-01 1.151412550559980374e+00 4.458644823230050735e-01 
5.805225516094907379e+10 9.771579971542734711e+04 6.632502795946273864e+02 2.796204184023742976e+18 9.453844976488058819e+03 1.094707829572165423e+37 1.042198896289506099e-01 9.941382676585850773e-08 6.378150598804422043e+04 8.503232550967311254e+05 5.027769650514910609e+03 4.908228711032903285e-02 1.485446815892581718e+01 5.566741029055535250e+00 5.513545338048394528e-01 1.151182280649704959e+00 4.458211353180858705e-01 
6.010276782070388031e+10 1.011673018804859312e+05 6.485711056966962360e+02 2.796204184023742976e+18 9.211118134608432229e+03 1.113980391642697470e+37 1.035747360451740318e-01 9.368987153670892323e-08 6.198380188551958418e+04 7.787774181019233074e+05 4.976247558870500143e+03 4.780015051049649882e-02 1.503225221884613561e+01 5.471164213144874999e+00 5.560151817378715666e-01 1.150927656816965960e+00 4.457480914179380860e-01 
6.222570836730231476e+10 1.047407174641533493e+05 6.341792931727118230e+02 2.796204184023742976e+18 8.974619567282561547e+03 1.133590371225938847e+37 1.028627997209899808e-01 8.829361154287919332e-08 6.023681869381520664e+04 7.132369009407974081e+05 4.925356947066785324e+03 4.655261429851845906e-02 1.521186629803857571e+01 5.369662101380654029e+00 5.610797443681658780e-01 1.150644234933407839e+00 4.456376921005659741e-01 
6.442363508721369934e+10 1.084403526730973244e+05 6.200659837135343651e+02 2.796204184023742976e+18 8.744189618104157489e+03 1.153543675713831533e+37 1.020790918658165403e-01 8.320687165500150605e-08 5.853931148562405724e+04 6.532046982204207452e+05 4.875274646357856000e+03 4.533889289390128502e-02 1.539328997976057778e+01 5.261951848350069127e+00 5.665871144195461229e-01 1.150327228740976926e+00 4.454802559161788467e-01 
6.669919663030114746e+10 1.122706658171427553e+05 6.062220180268395779e+02 2.796204184023742976e+18 8.519672716543498609e+03 1.173846315922943531e+37 1.012182098135245151e-01 7.841255458814776814e-08 5.689010979076006333e+04 5.982254297473143088e+05 4.826323522807158042e+03 4.415826359298893888e-02 1.557649004278822780e+01 5.147742546812104081e+00 5.725808941711749700e-01 1.149971656549849008e+00 4.452635485694369510e-01 
6.905513520162316895e+10 1.162362726818354713e+05 5.926379556251379199e+02 2.796204184023742976e+18 8.300917273673225282e+03 1.194504407905188278e+37 1.002743378909462107e-01 7.389458668334390431e-08 5.528813641260113945e+04 5.478820491249737097e+05 4.779190466774939523e+03 4.301010521093821815e-02 1.576140719422028624e+01 5.026739483033134448e+00 5.791099936789448899e-01 1.149572846922300773e+00 4.449715709756698612e-01 
7.149428986597561646e+10 1.203419520907750266e+05 5.793041516870092664e+02 2.796204184023742976e+18 8.087775580542767784e+03 1.215524174790254517e+37 9.924104596879049223e-02 6.963793145104962943e-08 5.373239384541393520e+04 5.017929405063387239e+05 4.734877708506751333e+03 4.189382175944397768e-02 1.594797813012805676e+01 4.898632690865571071e+00 5.862300727617377749e-01 1.149126314423102757e+00 4.445853617253069934e-01 
7.401959996915652466e+10 1.245926516644199291e+05 5.662108960795084158e+02 2.796204184023742976e+18 7.880103709134698875e+03 1.236911948660286377e+37 9.811133676852198948e-02 6.562851284553409750e-08 5.222201322371567949e+04 4.596091531852133921e+05 4.680121828082344109e+03 4.080896147496732018e-02 1.613609715462110472e+01 4.763105911459536657e+00 5.940045027380150833e-01 1.148629331595783398e+00 4.440800777693121315e-01 
7.663410868007463074e+10 1.289934937823015207e+05 5.533485639374747507e+02 2.796204184023742976e+18 7.677761415838026551e+03 1.258674172457378250e+37 9.687778638955008015e-02 6.185325088241764109e-08 5.075623696753349213e+04 4.210119684912580415e+05 4.627200724759681179e+03 3.975511311685004517e-02 1.632564810220412355e+01 4.619862409972983919e+00 6.025040130645060721e-01 1.148081007530785236e+00 4.434261275896477228e-01 
7.934096665797491455e+10 1.335497817558398528e+05 5.407079871181653061e+02 2.796204184023742976e+18 7.480612047374656868e+03 1.280817401924487715e+37 9.553227782307104066e-02 5.830003019799855276e-08 4.933446429726487986e+04 3.857107046364613343e+05 4.575905092653451902e+03 3.873198413187219080e-02 1.651647894928512628e+01 4.468606128144368306e+00 6.118097433808745711e-01 1.147484493083930523e+00 4.425867335035859051e-01 
8.214343584919421387e+10 1.382670062191894394e+05 5.282807791353795892e+02 2.796204184023742976e+18 7.288522449117572251e+03 1.303348307580305354e+37 9.406635121796563803e-02 5.495771364901849434e-08 4.795626443895333796e+04 3.534406512640705914e+05 4.526252609636497255e+03 3.773937093342506072e-02 1.670841208726270466e+01 4.309087486880169848e+00 6.220123311432430580e-01 1.146848497705432735e+00 4.415174389403300204e-01 
8.504489341802668762e+10 1.431508517458239221e+05 5.160600544743562068e+02 2.796204184023742976e+18 7.101362875740065647e+03 1.326273676728711893e+37 9.247104337357743564e-02 5.181618399008382300e-08 4.662139479923231556e+04 3.239613381099787657e+05 4.478490028368355524e+03 3.677711314342471671e-02 1.690126586590026037e+01 4.141101067798418356e+00 6.332144587897287069e-01 1.146189971186814871e+00 4.401660332023888400e-01 
8.804883581643446350e+10 1.482072036988303880e+05 5.040415600771406162e+02 2.796204184023742976e+18 6.919006904137292622e+03 1.349600415503413891e+37 9.073676333027064222e-02 4.886637352202083887e-08 4.532984882554731303e+04 2.970550066942795529e+05 4.433167877791705905e+03 3.584511487508908190e-02 1.709485572949450116e+01 3.964487705773155124e+00 6.455343243843278955e-01 1.145538887759007141e+00 4.384711632077530341e-01 
9.115888299750837708e+10 1.534421553231693106e+05 4.922248783327176511e+02 2.796204184023742976e+18 6.741331348562766834e+03 1.373335550948378521e+37 8.885375200538245255e-02 4.610035715018278018e-08 4.408184340658985457e+04 2.725251159042860963e+05 4.391302472136347205e+03 3.494316405472165654e-02 1.728908198198612567e+01 3.779196897579490955e+00 6.591048513839204981e-01 1.144942032782620522e+00 4.363655698642155967e-01 
9.437878277775390625e+10 1.588620150884428294e+05 4.806154356983161051e+02 2.796204184023742976e+18 6.568216177923926807e+03 1.397486233134679444e+37 8.681203249811970946e-02 4.351141962591390073e-08 4.287786218683086190e+04 2.501951419276869565e+05 4.354828100734045620e+03 3.407088337885744861e-02 1.748398199347586157e+01 3.585298028974410744e+00 6.740780257920946372e-01 1.144470803553469862e+00 4.337770770495404937e-01 
9.771241535346501160e+10 1.644733142910298484e+05 4.692268179805547561e+02 2.796204184023742976e+18 6.399544435181973313e+03 1.422059737314429549e+37 8.460183054698151850e-02 4.109419075878174081e-08 4.171862825703125418e+04 2.299073989975228906e+05 4.327979024059985022e+03 3.322744151437830029e-02 1.767990211704129422e+01 3.383039266937088563e+00 6.906259433308872264e-01 1.144228599879259844e+00 4.306357829019681338e-01 
1.011637979766206970e+11 1.702828149247356923e+05 4.580840509975533905e+02 2.796204184023742976e+18 6.235202158803150269e+03 1.447063466112398187e+37 8.221389276791526979e-02 3.884477036044120657e-08 4.060509335461270530e+04 2.115220112187128398e+05 4.324428677271034758e+03 3.241128549289370997e-02 1.787769585632375424e+01 3.172891795294092265e+00 7.089445682992975284e-01 1.144362094652686235e+00 4.268822473911343951e-01 
1.047370897959448700e+11 1.762975178294513607e+05 4.472276470482148625e+02 2.796204184023742976e+18 6.075078306209339644e+03 1.472504951756011082e+37 7.964008259603176654e-02 3.676088745546849644e-08 3.953836697267539421e+04 1.949158745339594607e+05 4.337797264793524846e+03 3.161968006883647542e-02 1.807905280079326360e+01 2.955614401002875535e+00 7.292567472870339351e-01 1.145074108261584955e+00 4.224819917516749457e-01 
1.084365968689608612e+11 1.825246711276373244e+05 4.367186917694850763e+02 2.796204184023742976e+18 5.919064679177527069e+03 1.498391858344388394e+37 7.687413159180483957e-02 3.484205715347871412e-08 3.851960261254425859e+04 1.799815892959829653e+05 4.192317823663289346e+03 3.084813268070151632e-02 1.828694585952750629e+01 2.732318351132308365e+00 7.518165705812464017e-01 1.146639728674985648e+00 4.174451177744750718e-01 
1.122667773510811310e+11 1.889717789587998996e+05 4.266449856863866898e+02 2.796204184023742976e+18 5.767055851138788057e+03 1.524731984157113949e+37 7.391262204154713800e-02 3.308970407004195391e-08 3.754983510525728343e+04 1.666262471230186638e+05 4.172875589574320657e+03 3.008974409447447151e-02 1.850619855656685075e+01 2.504529110459873475e+00 7.769157067315926035e-01 1.149426244801879715e+00 4.118505329456776387e-01 
1.162322468679849396e+11 1.956466105224850180e+05 4.171283589151075262e+02 2.796204184023742976e+18 5.618949096328781707e+03 1.551533264003415401e+37 7.075620035373632322e-02 3.150725054487174337e-08 3.662973393561162084e+04 1.547699941428122111e+05 4.199046092461574517e+03 2.933445748073707296e-02 1.874421742004364688e+01 2.274234884622056363e+00 8.048928667068858678e-01 1.153916893146138989e+00 4.058762514488949424e-01 
1.203377840777590485e+11 2.025572094406883989e+05 4.083332258180738563e+02 2.796204184023742976e+18 5.474644320742822856e+03 1.578803771612488724e+37 6.741096701203372343e-02 3.010007574492270091e-08 3.575933309927002847e+04 1.443442521516537527e+05 4.478190854236249834e+03 2.856853159593921235e-02 1.901176276034163948e+01 2.043900169646193810e+00 8.361507204444864616e-01 1.160741714752372200e+00 3.998290778311228699e-01 
1.245883364295008087e+11 2.097119034509588964e+05 4.004770339586718819e+02 2.796204184023742976e+18 5.334043994849987030e+03 1.606551722065644930e+37 6.388987107434399015e-02 2.887536866707878954e-08 3.493771339621017978e+04 1.352896306835086143e+05 4.147722043577663499e+03 2.777430309497972219e-02 1.932377606244328305e+01 1.816425637770145984e+00 8.711855906731493793e-01 1.170717942662020228e+00 3.941752486394444199e-01 
1.289890261253308105e+11 2.171193144418885931e+05 3.938414105858810217e+02 2.796204184023742976e+18 5.197053088021425538e+03 1.634785474271075904e+37 6.021426118680823364e-02 2.784174479179986425e-08 3.416269236994605308e+04 1.275531047077004187e+05 4.325188084285647165e+03 2.693066621355025281e-02 1.970009489711024742e+01 1.595056115432272437e+00 9.106317922872256831e-01 1.184900036356406838e+00 3.895661601676112529e-01 
1.335451562929897461e+11 2.247883688430664479e+05 3.887883427947626842e+02 2.796204184023742976e+18 5.063579004629810697e+03 1.663513533481914658e+37 5.641451335065231915e-02 2.700879212245588444e-08 3.343057926169903658e+04 1.210853383410855022e+05 4.212203951178572424e+03 2.601440025194807701e-02 2.016607144176454014e+01 1.383182268647522584e+00 9.553424814483669758e-01 1.204655588624047979e+00 3.868660036743375996e-01 
1.382622173764653625e+11 2.327283083820286265e+05 3.857793674767058860e+02 2.796204184023742976e+18 4.933531521777327725e+03 1.692744553858393759e+37 5.253027260592766506e-02 2.638645075865085610e-08 3.273599349565052034e+04 1.158374526502440131e+05 4.256936857890586907e+03 2.500246769322563706e-02 2.075307456202240886e+01 1.184100526705270440e+00 1.006502485412249071e+00 1.231763716948232501e+00 3.871883184341115558e-01 
1.431458937523481445e+11 2.409487012211640249e+05 3.854034089965442718e+02 2.796204184023742976e+18 4.806822728610999548e+03 1.722487341074869529e+37 4.860931527726274071e-02 2.598450160819224527e-08 3.207175495551931454e+04 1.117582549613347219e+05 4.362646172482492148e+03 2.387487236415032632e-02 2.149918022960802944e+01 1.000722633033899633e+00 1.065792762623702927e+00 1.268554924622973701e+00 3.919676747945466944e-01 
1.482020705798860168e+11 2.494594534879911516e+05 3.884165636714473635e+02 2.796204184023742976e+18 4.683366967185213070e+03 1.752750854972459605e+37 4.470514633354135542e-02 2.581233497723392229e-08 3.142878774808443268e+04 1.087921145510106580e+05 4.426451063406747380e+03 2.261741007466818582e-02 2.245054647458585961e+01 8.353013385139382851e-01 1.135608570259025063e+00 1.318102771068874635e+00 4.031049847600944314e-01 
1.534368408930013123e+11 2.582708212127153529e+05 3.958016077547108580e+02 2.796204184023742976e+18 4.563080774831961207e+03 1.783544212258168161e+37 4.087341437613611905e-02 2.587935440328783462e-08 3.079589015869700233e+04 1.068780928432781657e+05 5.084358429920029266e+03 2.122326136859042922e-02 2.366452414506658641e+01 6.892264679096608004e-01 1.219336442585879920e+00 1.384486723304345857e+00 4.232609332110324196e-01 
1.588565129428052673e+11 2.673934226874327287e+05 4.088587214550231010e+02 2.796204184023742976e+18 4.445882828000877453e+03 1.814876689251225127e+37 3.716772375094342523e-02 2.619638297524060635e-08 3.015918581916105904e+04 1.059506046625921153e+05 5.169591122819652810e+03 1.969267815440758906e-02 2.521617235964859560e+01 5.629388342930079503e-01 1.321694095744662123e+00 1.473151702087504678e+00 4.564332824565628388e-01 
1.644676177994662781e+11 2.768382512618888286e+05 4.293485220109067768e+02 2.796204184023742976e+18 4.331693887531542714e+03 1.846757724677526723e+37 3.363561831985573819e-02 2.677875452692811767e-08 2.950083060047817344e+04 1.059417429273607995e+05 5.105086598293668430e+03 1.803016212536012394e-02 2.721175454236645308e+01 4.559810135120830332e-01 1.449138132696248249e+00 1.591395424643214263e+00 5.091337084041329675e-01 
1.702769172225897827e+11 2.866166885912062135e+05 4.597311826543477196e+02 2.796204184023742976e+18 4.220436745321819217e+03 1.879196922512997343e+37 3.031553303003246824e-02 2.765231852275676998e-08 2.879629729644763574e+04 1.067851089270565717e+05 5.084333928843793728e+03 1.623923885997240885e-02 2.981685793280333385e+01 3.671683598844614482e-01 1.610354265562264686e+00 1.749033789522850491e+00 5.929527701678295459e-01 
1.762914118095944214e+11 2.967405183515462559e+05 5.035977150944899563e+02 2.796204184023742976e+18 4.112036172356759380e+03 1.912204054876729678e+37 2.723521144806030636e-02 2.886564622100210740e-08 2.800848102447478232e+04 1.084209820384435443e+05 5.294638421676172584e+03 1.431444979456885161e-02 3.331984820366965039e+01 2.948433910649785328e-01 1.816814400575758492e+00 1.959279347202384391e+00 7.308487710827200612e-01 
1.825183494319038696e+11 3.072219404402329237e+05 5.665402970137002967e+02 2.796204184023742976e+18 4.006418868063544323e+03 1.945789064974781885e+37 2.441179900736128658e-02 3.051854261511938586e-08 2.707350403157841356e+04 1.108028049680236290e+05 5.946769965064811004e+03 1.222804111499556715e-02 3.829717462152508745e+01 2.371883888674649332e-01 2.083198727277938644e+00 2.239717841289194489e+00 9.754754696237266653e-01 
1.889652339691211548e+11 3.180735856774532585e+05 6.582638395523063082e+02 2.796204184023742976e+18 3.903513410958793429e+03 1.979962070095509725e+37 2.185337697730004025e-02 3.284682373755260482e-08 2.585926092704700932e+04 1.139074117819794628e+05 5.986719771784006298e+03 9.900160143914730690e-03 4.615886936135649421e+01 1.926565928670690153e-01 2.426476870418700749e+00 2.612304872211137052e+00 1.479056305413358530e+00 
1.956398343517064819e+11 3.293085310272414354e+05 7.995071310457597065e+02 2.796204184023742976e+18 3.803250210555461763e+03 2.014733364657328285e+37 1.956229400786020298e-02 3.660406475773954323e-08 2.398934953411500828e+04 1.177579625534402148e+05 6.369919120906928583e+03 7.092729165819503835e-03 6.193910373514435719e+01 1.611823797903206845e-01 2.853553128617391188e+00 3.091929855373551028e+00 2.932947151244180706e+00 
2.025501939230666504e+11 3.409403153561101644e+05 1.075812128454287858e+03 2.796204184023742976e+18 3.705561460497175631e+03 2.050113423309868325e+37 1.754477964846228727e-02 5.020427184682371800e-08 1.820560870009865175e+04 1.225711814242898399e+05 7.123758392590199037e+03 2.260279854990198452e-03 1.687310176233773404e+02 1.658061628977402224e-01 3.014985212946875048e+00 3.310030235342246829e+00 2.920773674730395086e+01 
2.097046401323230591e+11 3.529829557482920936e+05 1.308625872481226679e+03 2.796204184023742976e+18 3.610381092889047068e+03 2.086112904089386716e+37 1.580360989754260939e-02 1.855594975443952258e-07 5.002133736121933907e+03 1.244746696074168867e+05 1.337765214011408865e+01 1.268440158366113502e-05 5.593891652204950604e-02 4.739875925594157491e-01 1.063991057278586672e+00 1.162724823983924516e+00 1.862480861334881110e+00 
2.171117945694500732e+11 3.654509643972727354e+05 1.354640187281721637e+03 2.796204184023742976e+18 3.517644733794385502e+03 2.122742651629443198e+37 1.421275269153565377e-02 2.185463915149124594e-07 4.274392541651055581e+03 1.252738830004243355e+05 5.036268311246839602e+00 6.719962426403349362e-06 1.226286405751843625e-02 4.333301217606140843e-01 1.004358370402291145e+00 1.083410721736616011e+00 7.143276061717636072e-01 
2.247805833548729858e+11 3.783593660939631518e+05 1.366125461082723405e+03 2.796204184023742976e+18 3.427289659867730279e+03 2.160013700427785820e+37 1.274482226030725432e-02 2.414037897891456150e-07 3.905961962524409500e+03 1.264487641256938805e+05 2.938770721193171287e+00 4.642236051739850892e-06 5.146691356612707359e-03 3.683002095950964616e-01 9.876974419021540275e-01 1.051729504283376526e+00 3.907339886646989391e-01 
2.327202478960411987e+11 3.917237163325799629e+05 1.361054760151984283e+03 2.796204184023742976e+18 3.339254756095371704e+03 2.197937278170411245e+37 1.139454044201415779e-02 2.610356237272397952e-07 3.661631272477873154e+03 1.281790014557135873e+05 2.047557778651675431e+00 3.536806667103786421e-06 2.768934477307883127e-03 3.033238308501405855e-01 9.831388049333460444e-01 1.034730269843838757e+00 2.443764393598920059e-01 
2.409403560239526978e+11 4.055601200560735306e+05 1.346582074155209739e+03 2.796204184023742976e+18 3.253480474615033927e+03 2.236524809113868605e+37 1.015932916910166142e-02 2.797902950515285652e-07 3.478132239283105719e+03 1.305032212919061276e+05 1.575884123561170913e+00 2.828087865191453585e-06 1.694617868933237037e-03 2.451864228205955232e-01 9.830952713094313067e-01 1.024348854993402780e+00 1.637888545803427853e-01 
2.494508135230316467e+11 4.198852510636638617e+05 1.326388712570205371e+03 2.796204184023742976e+18 3.169908794587497596e+03 2.275787917526730115e+37 9.036110921130281401e-03 2.987665739179385292e-07 3.329786789955682707e+03 1.334107815815817448e+05 1.294397449450133575e+00 2.323831026941841967e-06 1.120146765645180318e-03 1.956969090945978595e-01 9.847870679195687149e-01 1.017533411385422859e+00 1.144032562729102309e-01 
2.582618760682674866e+11 4.347163721038941294e+05 1.302622241015007148e+03 2.796204184023742976e+18 3.088483183093229400e+03 2.315738431191339871e+37 8.020500148076764244e-03 3.185654349703243435e-07 3.203856306013472931e+03 1.368718625946949469e+05 1.113472360239835979e+00 1.941367305519948254e-06 7.782692056351230231e-04 1.547718406470935670e-01 9.870248538053795206e-01 1.012851616620597195e+00 8.207454003228324690e-02 
# Non-converged_fits = 0