# r 	r/rg 	Sigma0 	Mdot 	Teff 	F 	z0r 	rho_c 	T_c 	P_c 	tau 	PradPgas_c 	varkappa_c 	Pi1 	Pi2 	Pi3 	Pi4
# All values are in CGS units.
# M = 2.011658e+00 Msun, alpha = 1, structure = BellLin, mu = 0.62
1.000000000000000000e+09 1.683238651875136384e+03 9.053213841611777752e+02 2.796204184023742976e+18 1.969667142622084357e+05 1.383785721104906527e+36 7.165060863563731119e-02 1.028979300280336243e-05 9.161328151791486889e+05 1.264176093784774065e+09 1.084564559585249071e+03 1.405257639798464409e+00 2.261329268078926535e+00 4.638130296308756506e+00 6.139687417197174923e-01 1.214720441808145424e+00 4.100864896954085070e-01 
1.035321843295661569e+09 1.742693743765870749e+03 8.970383223889535884e+02 2.796204184023742976e+18 1.919413835677254829e+05 1.409080442792705637e+36 7.149539729539934607e-02 9.894052651719097236e-06 8.943048493824356701e+05 1.186594411054196835e+09 1.093181031726758874e+03 1.359470583837665503e+00 2.302237232091639996e+00 4.658046903272572870e+00 6.124255817267957314e-01 1.213244916829668840e+00 4.108322116837332949e-01 
1.071891319205126405e+09 1.804248899095498473e+03 8.886051564341187259e+02 2.796204184023742976e+18 1.870436310146067117e+05 1.434818015931461214e+36 7.134708530523706238e-02 9.509819848017555594e-06 8.729228514709487790e+05 1.113244730390817404e+09 1.101491738013821532e+03 1.315353766923173406e+00 2.343659372623790205e+00 4.677693025084762368e+00 6.109132631356570808e-01 1.211794840487863789e+00 4.115691797528083784e-01 
1.109752496412069798e+09 1.867978295975719675e+03 8.800297933003757862e+02 2.796204184023742976e+18 1.822702456654217967e+05 1.461006193814923565e+36 7.120554676500910618e-02 9.136975817193681478e-06 8.519803083571229363e+05 1.043937571390988946e+09 1.109491200099939306e+03 1.272838991100545547e+00 2.385595886577284386e+00 4.697064366803989977e+00 6.094315700701145033e-01 1.210370058647337599e+00 4.122972292624121349e-01 
1.148951000187310934e+09 1.933958732625878838e+03 8.713201647770763429e+02 2.796204184023742976e+18 1.776180961563446617e+05 1.487652865478900164e+36 7.107065847759747035e-02 8.775388156301071614e-06 8.314707679308592342e+05 9.784887038415366411e+08 1.117174444564205260e+03 1.231861536944120594e+00 2.428046332787125117e+00 4.716155947035726825e+00 6.079804115911957574e-01 1.208970695155177522e+00 4.130160344971757214e-01 
1.189534067370320797e+09 2.002269719919966519e+03 8.624841912814739544e+02 2.796204184023742976e+18 1.730841287815277756e+05 1.514766058077761204e+36 7.094229672030562261e-02 8.424916943456260815e-06 8.113877557495996589e+05 9.167197191337175369e+08 1.124536984958625453e+03 1.192358894591894591e+00 2.471011350470404988e+00 4.734964458232815865e+00 6.065594746072459076e-01 1.207596405182150390e+00 4.137255548037960251e-01 
1.231550603292826176e+09 2.072993577202627876e+03 8.535297851085005050e+02 2.796204184023742976e+18 1.686653656209420878e+05 1.542353939302600257e+36 7.082034045224977481e-02 8.085410959122182135e-06 7.917248422804494621e+05 8.584576330555386543e+08 1.131574806165935797e+03 1.154271552804525092e+00 2.514491314755890272e+00 4.753486443674550976e+00 6.051685011929066604e-01 1.206246980848365347e+00 4.144256782095192548e-01 
1.275051240713012934e+09 2.146215531489492150e+03 8.444648337372485685e+02 2.796204184023742976e+18 1.643589027108373703e+05 1.570424819841684016e+36 7.070467236705463288e-02 7.756709348228754187e-06 7.724756300982115790e+05 8.035350052418353558e+08 1.138284408194846037e+03 1.117542680173345460e+00 2.558486596393457102e+00 4.771718879338208374e+00 6.038072210508352855e-01 1.204922234418375648e+00 4.151162886720994316e-01 
1.320088400831416845e+09 2.222023820171478746e+03 8.352971842679263546e+02 2.796204184023742976e+18 1.601619082559693197e+05 1.598987155884005742e+36 7.059517393238767813e-02 7.438642572023310429e-06 7.536337509280861123e+05 7.517899688768033981e+08 1.144662786492382111e+03 1.082117954204829147e+00 2.602997639270211216e+00 4.789658621837491026e+00 6.024753779796618858e-01 1.203621966549068611e+00 4.157972831628273802e-01 
1.366716356462004423e+09 2.300509797346802770e+03 8.260346314547601878e+02 2.796204184023742976e+18 1.560716208827595983e+05 1.628049551666662261e+36 7.049172916763904451e-02 7.131033131204319599e-06 7.351928660717834719e+05 7.030662232049481869e+08 1.150707415734048936e+03 1.047945442443834363e+00 2.648024968113908528e+00 4.807302913738705108e+00 6.011726988272870775e-01 1.202345967903816204e+00 4.164685719627044813e-01 
1.414991297434578896e+09 2.381768043908830805e+03 8.166849055842725420e+02 2.796204184023742976e+18 1.520853479325635126e+05 1.657620762066832836e+36 7.039422612982343397e-02 6.833696282038981475e-06 7.171466670180753572e+05 6.572130114051592350e+08 1.156416245346128335e+03 1.014975489734194269e+00 2.693569195664605953e+00 4.824649589566399221e+00 5.998988816613964881e-01 1.201094020099570781e+00 4.171300785130309663e-01 
1.464971398307287931e+09 2.465896481522393060e+03 8.072556592302769332e+02 2.796204184023742976e+18 1.482004637942326663e+05 1.687709695239120790e+36 7.030255173803759416e-02 6.546440743508670181e-06 6.994888763101636432e+05 6.140850848115930557e+08 1.161787706379213205e+03 9.831606115481816843e-01 2.739631028710877381e+00 4.841696367300205139e+00 5.986536394606071232e-01 1.199865894754012841e+00 4.177817379755367488e-01 
1.516716888470924139e+09 2.552996490626050218e+03 7.977544567230039547e+02 2.796204184023742976e+18 1.444144082751619280e+05 1.718325415299105259e+36 7.021659521762889378e-02 6.269069391349378506e-06 6.822132483419090277e+05 5.735426539038606882e+08 1.166820708818698449e+03 9.524553919878240293e-01 2.786211274903205748e+00 4.858441314079462003e+00 5.974366719108482604e-01 1.198661355005056439e+00 4.184234974459547507e-01 
1.570290124729377508e+09 2.643173032602317107e+03 7.881887635870773465e+02 2.796204184023742976e+18 1.407246850100374140e+05 1.749477145053838288e+36 7.013624928047537677e-02 6.001379938107173924e-06 6.653135703054347541e+05 5.354513273514656425e+08 1.171514614611522120e+03 9.228163869917693773e-01 2.833310849026559275e+00 4.874883009738059769e+00 5.962476561382624718e-01 1.197480156364844506e+00 4.190553157365995984e-01 
1.625755666443793535e+09 2.736534776263215008e+03 7.785659355006922624e+02 2.796204184023742976e+18 1.371288599064972077e+05 1.781174268780165914e+36 7.006140678460628934e-02 5.743165597376982977e-06 6.487836633185574319e+05 4.996820400621473193e+08 1.175869243813513549e+03 8.942020325986345108e-01 2.880930778357958300e+00 4.891020081450979440e+00 5.950862750341381346e-01 1.196322046292196406e+00 4.196771622793823431e-01 
1.683180353330955029e+09 2.833194228803512488e+03 7.688932094719530141e+02 2.796204184023742976e+18 1.336245596269381058e+05 1.813426335051683731e+36 6.999196192101074521e-02 5.494215642285924912e-06 6.326173858065527165e+05 4.661109651917096972e+08 1.179884854832133215e+03 8.665725804555749479e-01 2.929072144098871178e+00 4.906851283626346039e+00 5.939522176683724730e-01 1.195186784866635765e+00 4.202890019464184945e-01 
1.742633386009647131e+09 2.933267871379482585e+03 7.591776976594015878e+02 2.796204184023742976e+18 1.302094701057087950e+05 1.846243059615195540e+36 6.992781215639488901e-02 5.254315668842416099e-06 6.168086450498226332e+05 4.346194004930793643e+08 1.183562133436249496e+03 8.398901154630251664e-01 2.977735775469447344e+00 4.922375406027408751e+00 5.928452084856806747e-01 1.194074236743367878e+00 4.208907238719524213e-01 
1.804186409392075539e+09 3.036876299476560234e+03 7.494263691515917571e+02 2.796204184023742976e+18 1.268813351009433536e+05 1.879634328317522462e+36 6.986885598224974736e-02 5.023249765391008652e-06 6.013513568364599487e+05 4.050937693056156635e+08 1.186902200084193737e+03 8.141180576157165394e-01 3.026923450167604557e+00 4.937592394424676456e+00 5.917648463337870091e-01 1.192984006524137053e+00 4.214824179621447509e-01 
1.867913599020784616e+09 3.144144368234979538e+03 7.396460516925297952e+02 2.796204184023742976e+18 1.236379547803019232e+05 1.913610200083543241e+36 6.981499255328686704e-02 4.800799412910504342e-06 5.862394898747915868e+05 3.774254017081384063e+08 1.189906574427934856e+03 7.892215282226531237e-01 3.076636690682070352e+00 4.952501808301756014e+00 5.907107943659247740e-01 1.191915815901429587e+00 4.220640918601361591e-01 
1.933891750455232143e+09 3.255201342908712832e+03 7.298434220144932851e+02 2.796204184023742976e+18 1.204771843398899364e+05 1.948180909946412845e+36 6.976612411883494069e-02 4.586744610238077559e-06 5.714670529910941841e+05 3.515104590293157697e+08 1.192577170714321483e+03 7.651671314226407006e-01 3.126877158684929547e+00 4.967103645517509491e+00 5.896826991558353770e-01 1.190869381281264294e+00 4.226357626377865162e-01 
2.002200371815584421e+09 3.370181054638761452e+03 7.200249990439233443e+02 2.796204184023742976e+18 1.173969326556522719e+05 1.983356872130786696e+36 6.972215456029887126e-02 4.380864407078145579e-06 5.570280965671571903e+05 3.272498141790231466e+08 1.194916279607819206e+03 7.419228862796165558e-01 3.177646658786592138e+00 4.981398130854990391e+00 5.886802033129785450e-01 1.189844413925902344e+00 4.231974560504039862e-01 
2.072921779595369816e+09 3.489222061728718927e+03 7.101971377743867606e+02 2.796204184023742976e+18 1.143951609665368742e+05 2.019148683190052234e+36 6.968298795333625895e-02 4.182937411743247355e-06 5.429167139976426261e+05 3.045489270707913041e+08 1.196926556282390038e+03 7.194581621321657350e-01 3.228947141981499236e+00 4.995385503379564440e+00 5.877029577981195407e-01 1.188840620090785505e+00 4.237492058003232143e-01 
2.146141197858401537e+09 3.612467816616866457e+03 7.003660246564700174e+02 2.796204184023742976e+18 1.114698815887430828e+05 2.055567125198476587e+36 6.964853132326591367e-02 3.992742272584882114e-06 5.291270430911479052e+05 2.833177158580912948e+08 1.198611002793743864e+03 6.977436168449628884e-01 3.280780709408433804e+00 5.009066404075185552e+00 5.867505995986177503e-01 1.187857702325232134e+00 4.242910536269651200e-01 
2.221946860939519405e+09 3.740066838746028225e+03 6.905376728039868794e+02 2.796204184023742976e+18 1.086191566603774263e+05 2.092623168999245219e+36 6.961869371785349425e-02 3.810058133555356532e-06 5.156532675411931123e+05 2.634704248874232471e+08 1.199972951429600698e+03 6.767511382003960074e-01 3.333149615312976266e+00 5.022441738768652186e+00 5.858227598310762341e-01 1.186895359717356380e+00 4.248230486893961322e-01 
2.300430119772921562e+09 3.872172893539531287e+03 6.807179175766843855e+02 2.796204184023742976e+18 1.058410969158537628e+05 2.130327977509367912e+36 6.959338405723702881e-02 3.634665063324422631e-06 5.024896184127723100e+05 2.449254900276144445e+08 1.201016049353431754e+03 6.564537881400832608e-01 3.386056269538802788e+00 5.035512360986800218e+00 5.849190818193609198e-01 1.185953287780617371e+00 4.253452467153253092e-01 
2.381685551976160526e+09 4.008945177698842599e+03 6.709124137966592798e+02 2.796204184023742976e+18 1.031338604893864685e+05 2.168692909082424580e+36 6.957251409392153918e-02 3.466344457194466030e-06 4.896303755374340690e+05 2.276054019652768373e+08 1.201744243685335732e+03 6.368257494415960895e-01 3.439503240522387539e+00 5.048279492490498122e+00 5.840391970827779611e-01 1.185031179756796726e+00 4.258577101639439699e-01 
2.465811075822603703e+09 4.150548511046419662e+03 6.611266327971135297e+02 2.796204184023742976e+18 1.004956517469313403e+05 2.207729520930229983e+36 6.955599783720879670e-02 3.304879412746762215e-06 4.770698689505091170e+05 2.114365682487125397e+08 1.202161761385752698e+03 6.178422750969914112e-01 3.493493257520507100e+00 5.060744635783873235e+00 5.831827304575972759e-01 1.184128726906827467e+00 4.263605077085120820e-01 
2.552908068239516735e+09 4.297153535144642774e+03 6.513658596484877989e+02 2.796204184023742976e+18 9.792472014595216024e+04 2.247449572604359169e+36 6.954374894852358158e-02 3.150055079175397992e-06 4.648024803345292457e+05 1.963491746430726349e+08 1.202273095654924646e+03 5.994796401777412465e-01 3.548029212257447718e+00 5.072909188459833629e+00 5.823493217743844763e-01 1.183245618217954265e+00 4.268537133249873383e-01 
2.643081486974102974e+09 4.448936918930419779e+03 6.416351920341795676e+02 2.796204184023742976e+18 9.541935912238997116e+04 2.287865029538646620e+36 6.953568382858386909e-02 3.001658979868389561e-06 4.528226443467039499e+05 1.822770462610543966e+08 1.202082988986147711e+03 5.817150957530672351e-01 3.603114161236833368e+00 5.084774885939698841e+00 5.815386008129266315e-01 1.182381541685295412e+00 4.273374065190860827e-01 
2.736439997074666500e+09 4.606081571613163760e+03 6.319395389745516241e+02 2.796204184023742976e+18 9.297790500423123012e+04 2.328988066653704847e+36 6.953172125014685234e-02 2.859481309697558065e-06 4.411248499679461238e+05 1.691575091246943474e+08 1.201596414523112344e+03 5.645268251109246682e-01 3.658751327474182524e+00 5.096343743831848627e+00 5.807501906263973224e-01 1.181536184645658460e+00 4.278116719182457062e-01 
2.833096101839318275e+09 4.768776863092718486e+03 6.222836194292801792e+02 2.796204184023742976e+18 9.059873595108017616e+04 2.370831072024547653e+36 6.953177949036107308e-02 2.723315206227066806e-06 4.297036418370616739e+05 1.569312525363796055e+08 1.200818558760952101e+03 5.478939022956055283e-01 3.714944100641911273e+00 5.107617630953930288e+00 5.799837312560476299e-01 1.180709233181251427e+00 4.282765981880994333e-01 
2.933166278390048504e+09 4.937218852162876829e+03 6.126719628605310390e+02 2.796204184023742976e+18 8.828027091915125493e+04 2.413406650612430511e+36 6.953577949624319132e-02 2.592956997820942809e-06 4.185536214744878234e+05 1.455421928033506274e+08 1.199754805065872688e+03 5.317962520419048378e-01 3.771696040081600199e+00 5.118598727827149197e+00 5.792388540069141056e-01 1.179900373663586688e+00 4.287322785709024031e-01 
3.036771118035460472e+09 5.111610522775359641e+03 6.031089092201904123e+02 2.796204184023742976e+18 8.602096865111128136e+04 2.456727628062001856e+36 6.954364460612494359e-02 2.468206425845342957e-06 4.076694484876582865e+05 1.349373385447009504e+08 1.198410718991301337e+03 5.162146120643373859e-01 3.829010875068805220e+00 5.129289481485407975e+00 5.785151840171133264e-01 1.179109292854482849e+00 4.291788103569508794e-01 
3.144035471591500282e+09 5.292162028649286185e+03 5.935986089600703508e+02 2.796204184023742976e+18 8.381932669020630419e+04 2.500807054564983371e+36 6.955529757363622390e-02 2.348866844259087555e-06 3.970458417640315020e+05 1.250666580913941562e+08 1.196792030352568190e+03 5.011304971509580319e-01 3.886892504687873728e+00 5.139692160459118142e+00 5.778123646741764041e-01 1.178335677308253171e+00 4.296162938818654520e-01 
3.255088599835056305e+09 5.479090946520485886e+03 5.841450247375752269e+02 2.796204184023742976e+18 8.167388041812811571e+04 2.545658208791442978e+36 6.957066377035481253e-02 2.234745397224675703e-06 3.866775805344552500e+05 1.158829492422899604e+08 1.194904617471794609e+03 4.865261645596375972e-01 3.945344999842052225e+00 5.149809322090299624e+00 5.771300316540074471e-01 1.177579214752589420e+00 4.300448330130923758e-01 
3.370064329271924973e+09 5.672622538336160687e+03 5.747519336952018421e+02 2.796204184023742976e+18 7.958320211607695092e+04 2.591294601889925250e+36 6.958967090311754533e-02 2.125653086402661785e-06 3.765595108751256485e+05 1.073417087438671589e+08 1.192754491096839956e+03 4.723846214117948250e-01 4.004372319008959735e+00 5.159643551686948548e+00 5.764678403117331484e-01 1.176839645423281233e+00 4.304644799758256535e-01 
3.489101213406766415e+09 5.872990022710708217e+03 5.654229256338669529e+02 2.796204184023742976e+18 7.754590004849358229e+04 2.637729981557601822e+36 6.961224604640665892e-02 2.021405174817984121e-06 3.666865305123156286e+05 9.940101659812453389e+07 1.190347783505682401e+03 4.586894734727186007e-01 4.063979134068959276e+00 5.169197652583248370e+00 5.758254162396351239e-01 1.176116610154996245e+00 4.308753946169395221e-01 
3.612342699709437847e+09 6.080434855969905584e+03 5.561614086066297205e+02 2.796204184023742976e+18 7.556061756894197606e+04 2.684978336181692940e+36 6.963831886294075124e-02 1.921821029022059610e-06 3.570536056511243223e+05 9.202140500263786316e+07 1.187690728994416304e+03 4.454250144878114104e-01 4.124170036180133003e+00 5.178474497700183754e+00 5.752024013817760295e-01 1.175409799771632402e+00 4.312776896395790205e-01 
3.739937302478801727e+09 6.295207023121953171e+03 5.469706102208159564e+02 2.796204184023742976e+18 7.362603224763611797e+04 2.733053899053365827e+36 6.966782121999604005e-02 1.826724305881779285e-06 3.476557666908111423e+05 8.516574318245002627e+07 1.184789651209471458e+03 4.325761590201316897e-01 4.184949787004553556e+00 5.187477168530549854e+00 5.745984340901946208e-01 1.174718907609150875e+00 4.316714795922988457e-01 
3.872038781812557220e+09 6.517565339106414285e+03 5.378535797910179781e+02 2.796204184023742976e+18 7.174085502011053904e+04 2.781971152655461928e+36 6.970068435476112212e-02 1.735943031774330523e-06 3.384881089998488897e+05 7.879912247016066313e+07 1.181650949140269176e+03 4.201284151297692837e-01 4.246323320616045116e+00 5.196208530100048684e+00 5.740131718305450104e-01 1.174043628503309122e+00 4.320568805143329971e-01 
4.008806328898464680e+09 6.747777760683567067e+03 5.288131917339231904e+02 2.796204184023742976e+18 6.990382935655125766e+04 2.831744833025238661e+36 6.973684207850960881e-02 1.649309663633202059e-06 3.295457936007818207e+05 7.288874485589176416e+07 1.178281083508777101e+03 4.080678585009874793e-01 4.308295743942640144e+00 5.204671704338907468e+00 5.734462653691770884e-01 1.173383659913791455e+00 4.324340103437512295e-01 
4.150404757850472450e+09 6.986121709340381130e+03 5.198521485684163963e+02 2.796204184023742976e+18 6.811373045130723040e+04 2.882389934193521710e+36 6.977623021586436269e-02 1.566661134340798848e-06 3.208240478341855342e+05 6.740381519190718234e+07 1.174686563502812305e+03 3.963811078788873066e-01 4.370872336444611150e+00 5.212869983453106926e+00 5.728973633816401012e-01 1.172738701975047704e+00 4.328029885745597327e-01 
4.297004704320835114e+09 7.232884405602121660e+03 5.109729838242839151e+02 2.796204184023742976e+18 6.636936443211558799e+04 2.933921712701568282e+36 6.981878399625963960e-02 1.487838883289756298e-06 3.123181659766149824e+05 6.231543710196490586e+07 1.170873934853658966e+03 3.850553016942933615e-01 4.434058549303130370e+00 5.220806435994560957e+00 5.723661334020859748e-01 1.172108456952828615e+00 4.331639355007687042e-01 
4.448782831127575874e+09 7.488363215152433440e+03 5.021780660298283010e+02 2.796204184023742976e+18 6.466956758858333342e+04 2.986355692197010531e+36 6.986444123128614236e-02 1.412688872614117856e-06 3.040235097260352341e+05 5.759651260251543671e+07 1.166849767714079917e+03 3.740780756218246017e-01 4.497860005636653113e+00 5.228484378724531645e+00 5.718522363026558031e-01 1.171492630317216399e+00 4.335169726612838059e-01 
4.605922041145112991e+09 7.752866007179077315e+03 4.934696022365054660e+02 2.796204184023742976e+18 6.301320561947698297e+04 3.039707668110271051e+36 6.991314149361410601e-02 1.341061590669684964e-06 2.959355086661073728e+05 5.322164551184112579e+07 1.162620645430722334e+03 3.634375412790564197e-01 4.562282499904133815e+00 5.235907251180215383e+00 5.713553329183006513e-01 1.170890930675518415e+00 4.338622224773643898e-01 
4.768611697714474678e+09 8.026711525376917962e+03 4.848496414919729887e+02 2.796204184023742976e+18 6.139917289838271972e+04 3.093993712412819344e+36 6.996482383388887005e-02 1.272812043515064721e-06 2.880496606777519919e+05 4.916704863386080414e+07 1.158193153508553678e+03 3.531222659391953789e-01 4.627331996940903025e+00 5.243078270219303505e+00 5.708751022448654844e-01 1.170303069275808516e+00 4.341998075927555045e-01 
4.937047852839003563e+09 8.310229772055761714e+03 4.763200792326310307e+02 2.796204184023742976e+18 5.982639175730492570e+04 3.149230178458795768e+36 7.001942991336795874e-02 1.207799734949066950e-06 2.803615322277868981e+05 4.541045467776197940e+07 1.153573869198397460e+03 3.431212530499076485e-01 4.693014632025249711e+00 5.250000897224396113e+00 5.704112163647190314e-01 1.169728761029715125e+00 4.345298513492460990e-01 
5.111433483440165520e+09 8.603762405815257807e+03 4.678826611454173872e+02 2.796204184023742976e+18 5.829381178778649337e+04 3.205433705911340568e+36 7.007690284082503107e-02 1.145888636549367333e-06 2.728667586388484342e+05 4.193103092710939795e+07 1.148769351788981112e+03 3.334239237491577468e-01 4.759336710059576703e+00 5.256678661508900952e+00 5.699633497236029633e-01 1.169167724308789680e+00 4.348524773831826673e-01 
5.291978735958436966e+09 8.907663153266568770e+03 4.595389870420808620e+02 2.796204184023742976e+18 5.680040915913728531e+04 3.262621225755198181e+36 7.013718531649393295e-02 1.086947148355578138e-06 2.655610443008414586e+05 3.870929759788395464e+07 1.143786133375400141e+03 3.240200992400289470e-01 4.826304704549759350e+00 5.263114879105170729e+00 5.695311937979835593e-01 1.168619680529323857e+00 4.351678090808425159e-01 
5.478901179593934059e+09 9.222298235296788334e+03 4.512905154906158600e+02 2.796204184023742976e+18 5.534518595336878207e+04 3.320809965397084961e+36 7.020022270072140413e-02 1.030848050777526869e-06 2.584401627714643255e+05 3.572704981458464265e+07 1.138630710054146675e+03 3.148999838654399919e-01 4.893925257587463662e+00 5.269313111928617843e+00 5.691144326291318611e-01 1.168084355125177387e+00 4.354759700778630949e-01 
5.672426068491989136e+09 9.548046808389835860e+03 4.431385678503748409e+02 2.796204184023742976e+18 5.392716951644176152e+04 3.380017453855342672e+36 7.026596142453903071e-02 9.774684490145227661e-07 2.514999568624767999e+05 3.296728317216877267e+07 1.133309533686403711e+03 3.060541490566095479e-01 4.962205178848742015e+00 5.275276927298545360e+00 5.687127553975614980e-01 1.167561477187728736e+00 4.357770837921077778e-01 
5.872786613189489365e+09 9.885301421535425106e+03 4.350843324063501427e+02 2.796204184023742976e+18 5.254541182544199546e+04 3.440261527040432026e+36 7.033434766762475254e-02 9.266897104983984233e-07 2.447363386624077393e+05 3.041412279050476477e+07 1.127829004244189946e+03 2.974735180035713022e-01 5.031151444607747436e+00 5.281009697453602492e+00 5.683258667508872541e-01 1.167050779168071761e+00 4.360712730152856986e-01 
6.080224261649427414e+09 1.023446848927727842e+04 4.271288690968563628e+02 2.796204184023742976e+18 5.119898887130524963e+04 3.501560333127935011e+36 7.040533034094999254e-02 8.783973959453283721e-07 2.381452894621171290e+05 2.805275577034842968e+07 1.122195462473693851e+03 2.891493509370942627e-01 5.100771197689369707e+00 5.286515046880281510e+00 5.679534631271102585e-01 1.166551997799088580e+00 4.363586604286286974e-01 
6.294988990221887589e+09 1.059596878146991730e+04 4.192731135826518880e+02 2.796204184023742976e+18 4.988700005672621774e+04 3.563932338025560059e+36 7.047885898288203110e-02 8.324811851318311601e-07 2.317228596720614005e+05 2.586936698706573620e+07 1.116415183276990092e+03 2.810732311789382321e-01 5.171071746311146633e+00 5.291796534731200374e+00 5.675952492904893232e-01 1.166064873557154380e+00 4.366393680478701800e-01 
6.517339604882420540e+09 1.097023793033472066e+04 4.115178815228928215e+02 2.796204184023742976e+18 4.860856760888853023e+04 3.627396330935897330e+36 7.055488308561436162e-02 7.888347977673320047e-07 2.254651686712243245e+05 2.385107810829480365e+07 1.110494369475414032e+03 2.732370517925237219e-01 5.242060563218111646e+00 5.296857552531602842e+00 5.672509434661757721e-01 1.165589150520365269e+00 4.369135169746395375e-01 
6.747544053110686302e+09 1.135772695542612564e+04 4.038638732799399804e+02 2.796204184023742976e+18 4.736283600666418351e+04 3.691971430016552135e+36 7.063335496599376651e-02 7.473559100398662176e-07 2.193684045739821449e+05 2.198588973417082429e+07 1.104439145993528655e+03 2.656330027717964670e-01 5.313745285649334349e+00 5.301701755323139587e+00 5.669202546596286973e-01 1.165124577237449666e+00 4.371812279198244999e-01 
6.985879746785234451e+09 1.175890280714059736e+04 3.963116779073896510e+02 2.796204184023742976e+18 4.614897142193774198e+04 3.757677088139384904e+36 7.071422705459255720e-02 7.079460677781495381e-07 2.134288239956063044e+05 2.026262657654977962e+07 1.098255554558083759e+03 2.582535589082800009e-01 5.386133714035270970e+00 5.306332653229770990e+00 5.666029038398008311e-01 1.164670905987193139e+00 4.374426205347672902e-01 
7.232633896483548164e+09 1.217424892942338374e+04 3.888617774718138094e+02 2.796204184023742976e+18 4.496616117471808684e+04 3.824533098750577805e+36 7.079745199382653231e-02 6.705105964622414218e-07 2.076427517447198043e+05 1.867088555292985588e+07 1.091949548858095341e+03 2.510914681502037227e-01 5.459233811338060072e+00 5.310753625937839395e+00 5.662986229732246413e-01 1.164227892834237776e+00 4.376978133490181389e-01 
7.488103857590030670e+09 1.260426584235085284e+04 3.815145516381388120e+02 2.796204184023742976e+18 4.381361320170915133e+04 3.892559601833263486e+36 7.088298536657745841e-02 6.349585086439696130e-07 2.020065804496210767e+05 1.720098669082294405e+07 1.085526990237430482e+03 2.441397404397568360e-01 5.533053703065007767e+00 5.314968332653680072e+00 5.660071335780352264e-01 1.163795298440589043e+00 4.379469242917640170e-01 
7.752597488629464149e+09 1.304947174529122822e+04 3.742702814844702175e+02 2.796204184023742976e+18 4.269055553801505448e+04 3.961777089974629691e+36 7.097078228118532117e-02 6.012024095540788869e-07 1.965167701907437877e+05 1.584392674851812050e+07 1.078993643746709722e+03 2.373916371514395440e-01 5.607601675819964271e+00 5.318980198573828311e+00 5.657281732618907322e-01 1.163372887096306041e+00 4.381900698816633688e-01 
8.026433522257173538e+09 1.351040314136956840e+04 3.671291537947220718e+02 2.796204184023742976e+18 4.159623581166817166e+04 4.032206414539153152e+36 7.106079837374294772e-02 5.691584009953682838e-07 1.911698480551965768e+05 1.459133542514357716e+07 1.072355174085348381e+03 2.308406609257371567e-01 5.682886176932482769e+00 5.322792565858886604e+00 5.654614876924142219e-01 1.162960427017570852e+00 4.384273653809083182e-01 
8.309941949353386879e+09 1.398761548399023923e+04 3.600912654489226838e+02 2.796204184023742976e+18 4.052992075066955294e+04 4.103868791949967413e+36 7.115299235905282738e-02 5.387459840650981551e-07 1.859624076415996242e+05 1.343543405840501189e+07 1.065617142614938530e+03 2.244805459321200791e-01 5.758915814541290423e+00 5.326409076695014733e+00 5.652068106589344110e-01 1.162557691094491252e+00 4.386589253039280267e-01 
8.603464416684492111e+09 1.448168384619571225e+04 3.531566269938250002e+02 2.796204184023742976e+18 3.949089570224233466e+04 4.176785810080179741e+36 7.124732181041852630e-02 5.098879613283003720e-07 1.808911085787705379e+05 1.236899671246012300e+07 1.058785005011592375e+03 2.183052486672324710e-01 5.835699355984924175e+00 5.329833040041348724e+00 5.649638966899507286e-01 1.162164455664119966e+00 4.388848624366467055e-01 
8.907354638610458374e+09 1.499320361366841098e+04 3.463251668504584586e+02 2.796204184023742976e+18 3.847846416400327143e+04 4.250979434756102809e+36 7.134374520763350769e-02 4.825103384204108862e-07 1.759526759612970054e+05 1.138531353168726340e+07 1.051864108137807762e+03 2.123089390617200478e-01 5.913245727804469887e+00 5.333067739860138268e+00 5.647325049447257106e-01 1.161780501098874652e+00 4.391052882403338464e-01 
9.221978823334341049e+09 1.552279120221035373e+04 3.395967354524684652e+02 2.796204184023742976e+18 3.749194732676629064e+04 4.326472016374296594e+36 7.144222426950180838e-02 4.565422256048867235e-07 1.711438997520428675e+05 1.047815626508959942e+07 1.044859687821759508e+03 2.064859919772970287e-01 5.991564015910100238e+00 5.336116784851330230e+00 5.645123810913857954e-01 1.161405612481946958e+00 4.393203133355200740e-01 
9.547716114208065033e+09 1.607108480056609915e+04 3.329711085204265260e+02 2.796204184023742976e+18 3.653068362869507837e+04 4.403286296634550275e+36 7.154271882411414318e-02 4.319157397662486298e-07 1.664616342061279574e+05 9.641745865349134430e+06 1.037776867355985587e+03 2.008309791825635682e-01 6.070663463783929181e+00 5.338983340641292763e+00 5.643032967385699372e-01 1.161039578091621394e+00 4.395300463199504071e-01 
9.884959046625585556e+09 1.663874513948298409e+04 3.264479911564578742e+02 2.796204184023742976e+18 3.559402832053307793e+04 4.481445415390647032e+36 7.164519016913679927e-02 4.085659067087081626e-07 1.619027972054447746e+05 8.870722044927701354e+06 1.030620655891543720e+03 1.953386615580948171e-01 6.150553472976212355e+00 5.341670634352261082e+00 5.641050232924369467e-01 1.160682190365681210e+00 4.397345944856991262e-01 
1.023411402105452728e+10 1.722645628793625292e+04 3.200270216316777123e+02 2.796204184023742976e+18 3.468135304164073750e+04 4.560972917621122405e+36 7.174960255469646497e-02 3.864305642881398906e-07 1.574643695813299273e+05 8.160114703291980550e+06 1.023395947266576854e+03 1.900039816703462670e-01 6.231243603195163239e+00 5.344182176470090972e+00 5.639173204824439178e-01 1.160333246320877087e+00 4.399340641323368217e-01 
1.059560179277614784e+10 1.783492647747830415e+04 3.137077744456604478e+02 2.796204184023742976e+18 3.379204540657905454e+04 4.641892760522049206e+36 7.185591820829401177e-02 3.654502666784784652e-07 1.531433944544263068e+05 7.505317132175902836e+06 1.016107519212257898e+03 1.848220567524027913e-01 6.312743570611023536e+00 5.346521018507272238e+00 5.637399743639349703e-01 1.159992546060882201e+00 4.401285594167390625e-01 
1.096985797892381859e+10 1.846488895570543900e+04 3.074897641696025516e+02 2.796204184023742976e+18 3.292550860198320152e+04 4.724229320724004709e+36 7.196410104990497159e-02 3.455681896406015800e-07 1.489369764935321873e+05 6.902060893798092380e+06 1.008760033347237936e+03 1.797881718733662648e-01 6.395063248628770403e+00 5.348690309562660339e+00 5.635727686075924225e-01 1.159659893842702960e+00 4.403181831722623452e-01 
1.135733358343102837e+10 1.911710286987065774e+04 3.013724488939838011e+02 2.796204184023742976e+18 3.208116099347660565e+04 4.808007401635387139e+36 7.207411757480962355e-02 3.267300372389387730e-07 1.448422811735160358e+05 6.346392293152948841e+06 1.001358033660559158e+03 1.748977734415263774e-01 6.478212667961606996e+00 5.350693428163765475e+00 5.634154776764903616e-01 1.159335098312584966e+00 4.405030371002850442e-01 
1.175849554052158165e+10 1.979235418170735284e+04 2.953552330821654550e+02 2.796204184023742976e+18 3.125843574238074871e+04 4.893252240914310380e+36 7.218593237908826898e-02 3.088839501884678804e-07 1.408565340464126202e+05 5.834650358381469734e+06 9.939059459901299078e+02 1.701464630513716270e-01 6.562202015152058365e+00 5.352533317131427992e+00 5.632679007791794312e-01 1.159017971143027292e+00 4.406832207299254955e-01 
1.217382727739661980e+10 2.049145661456585003e+04 2.894374711056170213e+02 2.796204184023742976e+18 3.045678043198329033e+04 4.979989518071256297e+36 7.229951183983637786e-02 2.919804157131840809e-07 1.369770199440083525e+05 5.363446237284887582e+06 9.864080785746965603e+02 1.655299914938896666e-01 6.647041633529851445e+00 5.354213033397064336e+00 5.631298336001804294e-01 1.158708328089692596e+00 4.408588322504156665e-01 
1.260382929679727364e+10 2.121525263400539188e+04 2.836184703577381470e+02 2.796204184023742976e+18 2.967565670312968723e+04 5.068245362204943235e+36 7.241482452865251329e-02 2.759721792642971150e-07 1.332010821859817952e+05 4.929643938350807875e+06 9.788686215839722990e+02 1.610442530637352931e-01 6.732742023301311995e+00 5.355735809773117140e+00 5.630010650782210080e-01 1.158405989082105902e+00 4.410299686056141089e-01 
1.304901978014401627e+10 2.196461446302160402e+04 2.778974938889738269e+02 2.796204184023742976e+18 2.891453989891300080e+04 5.158046359873519845e+36 7.253183727394667268e-02 2.608141581980763380e-07 1.295261217983888928e+05 4.530342339175351895e+06 9.712916482684390758e+02 1.566852801569248443e-01 6.819313840317347442e+00 5.357104472185973520e+00 5.628814070811338777e-01 1.158110777004383030e+00 4.411967245728490861e-01 
1.350993521198025131e+10 2.274044513313407515e+04 2.722737636272078134e+02 2.796204184023742976e+18 2.817291871823811380e+04 5.249419563103623082e+36 7.265051878923903250e-02 2.464633573042504224e-07 1.259495966753162938e+05 4.162858382850247901e+06 9.636811151671341804e+02 1.524492380110447076e-01 6.906767897221495645e+00 5.358321979889962172e+00 5.627706667081133762e-01 1.157822518739861417e+00 4.413591936031817653e-01 
1.398713102647235870e+10 2.354367957260022740e+04 2.667464631536549291e+02 2.796204184023742976e+18 2.745029487804397286e+04 5.342392497539642666e+36 7.277083955866810172e-02 2.328787864518246274e-07 1.224690207520642580e+05 3.824711398605962284e+06 9.560408629723696095e+02 1.483324197107968034e-01 6.995115163529013635e+00 5.359391408958016356e+00 5.626686470709909571e-01 1.157541045098551491e+00 4.415174678005934217e-01 
1.448118227674535942e+10 2.437528573306697945e+04 2.613147401192088637e+02 2.796204184023742976e+18 2.674618278397183167e+04 5.436993170735673630e+36 7.289276851432135995e-02 2.200213803843294313e-07 1.190819631854030886e+05 3.513608478724846151e+06 9.483746175186264509e+02 1.443312414363319696e-01 7.084366764684406625e+00 5.360315463083746401e+00 5.625751721493316149e-01 1.157266189768960007e+00 4.416716371397096941e-01 
1.499268432786047173e+10 2.523626575601734658e+04 2.559777091510000844e+02 2.796204184023742976e+18 2.606010920927295228e+04 5.533250080592580100e+36 7.301627659180280616e-02 2.078539205681631292e-07 1.157860474880941038e+05 3.227430844010228291e+06 9.406859908672258825e+02 1.404422378377272185e-01 7.174533983399336456e+00 5.361097000832843129e+00 5.624900598207718261e-01 1.156997790346050881e+00 4.418217903077489850e-01 
1.552225357427047920e+10 2.612765718041906075e+04 2.507344542941625036e+02 2.796204184023742976e+18 2.539161298175267802e+04 5.631192223942893343e+36 7.314133602990141592e-02 1.963409592927442558e-07 1.125789506803121039e+05 2.964221142075733282e+06 9.329784830805850788e+02 1.366620576477770299e-01 7.265628259689322022e+00 5.361738932972439642e+00 5.624131270326713228e-01 1.156735688076791613e+00 4.419680145498315893e-01 
1.607052818261638451e+10 2.705053419302859038e+04 2.455840312153908940e+02 2.796204184023742976e+18 2.474024467855505281e+04 5.730849105285889345e+36 7.326791774315018213e-02 1.854487460003091011e-07 1.094584024445051909e+05 2.722171619372733403e+06 9.252554822213251100e+02 1.329874594948046718e-01 7.357661190265724294e+00 5.362243838067439761e+00 5.623442092916206558e-01 1.156479727011536118e+00 4.421103950468688870e-01 
1.663816886076127434e+10 2.800600892285868395e+04 2.405254698027789857e+02 2.796204184023742976e+18 2.410556632859427555e+04 5.832250745675665740e+36 7.339599478061077653e-02 1.751451557637388812e-07 1.064221842449762189e+05 2.499613109907545615e+06 9.175202659776676910e+02 1.294153078289272119e-01 7.450644530059503445e+00 5.362614473007713656e+00 5.622831345989813823e-01 1.156229755009460014e+00 4.422490157522622756e-01 
1.722585965398783875e+10 2.899523278136879526e+04 2.355577762834937516e+02 2.796204184023742976e+18 2.348715112244544434e+04 5.935427691764794747e+36 7.352554098465219345e-02 1.653996200549298054e-07 1.034681284691161563e+05 2.295004792557768524e+06 9.097760038656905408e+02 1.259425690634416173e-01 7.544590192177298427e+00 5.362853576926863042e+00 5.622297333708566880e-01 1.155985623283541930e+00 4.423839590848631098e-01 
1.783430876931905746e+10 3.001939784999353651e+04 2.306799352249131232e+02 2.796204184023742976e+18 2.288458312951084008e+04 6.040411025006339486e+36 7.365652913811111813e-02 1.561830597395518169e-07 1.005941175681353197e+05 2.106924666266999207e+06 9.020257591567793725e+02 1.225663078778723297e-01 7.639510247676376764e+00 5.362963602406481733e+00 5.621838520334927480e-01 1.155747185780319430e+00 4.425153054893128934e-01 
1.846424942895546341e+10 3.107973831668125422e+04 2.258909118394776385e+02 2.796204184023742976e+18 2.229745702228258597e+04 6.147232371016965558e+36 7.378893429979692387e-02 1.474678202324141307e-07 9.779808317231423280e+04 1.934060695559186395e+06 8.942724884976818203e+02 1.192836836248744592e-01 7.735416927265966081e+00 5.362947205247240667e+00 5.621453280554812304e-01 1.155514300155638274e+00 4.426431342598343144e-01 
1.911644075385703659e+10 3.217753196317323454e+04 2.211896537930866486e+02 2.796204184023742976e+18 2.172537780752706021e+04 6.255923909103924654e+36 7.392273177244738924e-02 1.392276089102002591e-07 9.507800523200532189e+04 1.775202585361912381e+06 8.865190447132839608e+02 1.160919469322439224e-01 7.832322621140432872e+00 5.362806948694796461e+00 5.621140049281315720e-01 1.155286827101307479e+00 4.427675230631094583e-01 
1.979166867853557205e+10 3.331410170481757814e+04 2.165750930169720903e+02 2.796204184023742976e+18 2.116796056421930552e+04 6.366518381958957279e+36 7.405789609968435605e-02 1.314374346861456567e-07 9.243191115400193667e+04 1.629234142054946395e+06 8.787681789279904478e+02 1.129884364322527451e-01 7.930239879188178520e+00 5.362545160156471979e+00 5.620897393801378428e-01 1.155064629981204183e+00 4.428885477034462670e-01 
2.049074689815846252e+10 3.449081718477088725e+04 2.120461477326813906e+02 2.796204184023742976e+18 2.062483018806213659e+04 6.479049105521788653e+36 7.419440425032883257e-02 1.240735496969177532e-07 8.985787492153063067e+04 1.495126181468253490e+06 8.710225423030332195e+02 1.099705755877415786e-01 8.029181412859612621e+00 5.362164396078441087e+00 5.620723777041557456e-01 1.154847575769399892e+00 4.430062829256032342e-01 
2.121451784910627747e+10 3.570909642451067339e+04 2.076017239695280807e+02 2.796204184023742976e+18 2.009562114242616735e+04 6.593549979016374678e+36 7.433223285329261520e-02 1.171133931617248550e-07 8.735401624343667936e+04 1.371929949206644204e+06 8.632846878999855562e+02 1.070358696959748807e-01 8.129160094831293648e+00 5.361667041524753152e+00 5.620617760459026835e-01 1.154635534142274711e+00 4.431208017510930852e-01 
2.196385372416542435e+10 3.697040753264690284e+04 2.032407172018613721e+02 2.796204184023742976e+18 1.957997721555237149e+04 6.710055495162837642e+36 7.447135811150340512e-02 1.105355372962594407e-07 8.491849969454313396e+04 1.258771017044696026e+06 8.555570730952284748e+02 1.041819029891632581e-01 8.230188959702529061e+00 5.361055300848414085e+00 5.620578008208502174e-01 1.154428377397159089e+00 4.432321754698240746e-01 
2.273965752357932281e+10 3.827627047409196530e+04 1.989620141115920546e+02 2.796204184023742976e+18 1.907755128386215074e+04 6.828600750568230865e+36 7.461175880695038176e-02 1.043196352470903996e-07 8.254953384800183994e+04 1.154843623227344360e+06 8.478420607332857344e+02 1.014063358266424908e-01 8.332281206015913710e+00 5.360331633622473113e+00 5.620603065297031797e-01 1.154225981344288776e+00 4.433404744135758802e-01 
2.354286414322420120e+10 3.962825890172019717e+04 1.947644938355873308e+02 2.796204184023742976e+18 1.858800508122388055e+04 6.949221456299100284e+36 7.475341277082905855e-02 9.844637107760239522e-08 8.024537043963895121e+04 1.059405427702653455e+06 8.401419204839179429e+02 9.870690204966832415e-02 8.435450195704891740e+00 5.359498246334628568e+00 5.620691615213769810e-01 1.154028224150920989e+00 4.434457670914184191e-01 
2.437444150122221756e+10 4.102800205272666062e+04 1.906470294433616175e+02 2.796204184023742976e+18 1.811100897402744158e+04 7.071953948639351703e+36 7.489629776924572324e-02 9.289741167391456343e-08 7.800430351934061036e+04 9.717726520267575979e+05 8.324588312142428776e+02 9.608140640565697443e-02 8.539709455332781474e+00 5.358557223386739565e+00 5.620842412941280397e-01 1.153834986565304366e+00 4.435481204274477895e-01 
2.523539170434766006e+10 4.247718671196715877e+04 1.866084894560582086e+02 2.796204184023742976e+18 1.764624174192397186e+04 7.196835200036259473e+36 7.504039430218741036e-02 8.765536055049656780e-08 7.582466860204009572e+04 8.913155777974179946e+05 8.247948832729990727e+02 9.352772206050523340e-02 8.645072678249896114e+00 5.357510930327968879e+00 5.621054079806918624e-01 1.153646152753946774e+00 4.436476004966435349e-01 
2.612675225563326645e+10 4.397755924464781856e+04 1.826477388463665648e+02 2.796204184023742976e+18 1.719339036408919856e+04 7.323902830238237506e+36 7.518568129098167352e-02 8.270371356418957645e-08 7.370484185286468710e+04 8.174543795564557659e+05 8.171520812431965624e+02 9.104378826018373616e-02 8.751553723776742899e+00 5.356361396560750165e+00 5.621325416460098978e-01 1.153461608887985657e+00 4.437442714480744899e-01 
2.704959730463131714e+10 4.553092770081294293e+04 1.787636403712249091e+02 2.796204184023742976e+18 1.675214981087362685e+04 7.453195117627556646e+36 7.533213797336238415e-02 7.802681639747536754e-08 7.164323925540396885e+04 7.496552670939859236e+05 8.095323454739179851e+02 8.862760803780127261e-02 8.859166619040259150e+00 5.355110590319260844e+00 5.621655262879153847e-01 1.153281243690521318e+00 4.438381960050770680e-01 
2.800503894183625412e+10 4.713916399416715285e+04 1.749550558669392331e+02 2.796204184023742976e+18 1.632222284070563546e+04 7.584751010751479359e+36 7.547974647244895530e-02 7.360982380294357395e-08 6.963831578637762868e+04 6.874269160442746943e+05 8.019375142918120218e+02 8.627724600627803553e-02 8.967925561248694777e+00 5.353760785985831383e+00 5.622042311473678389e-01 1.153104949210906449e+00 4.439294361555346513e-01 
2.899422853882881165e+10 4.880420615785781411e+04 1.712208470253351322e+02 2.796204184023742976e+18 1.590331980211670270e+04 7.718610140055313367e+36 7.562848670089658554e-02 6.943866060089936200e-08 6.768856462602414831e+04 6.303171669321004301e+05 7.943693450665539331e+02 8.399082628837385711e-02 9.077844916568054146e+00 5.352313839289585040e+00 5.622485474743655898e-01 1.152932619149152238e+00 4.440180518559475598e-01 
3.001835813575592041e+10 5.052806067993483157e+04 1.675598765948148241e+02 2.796204184023742976e+18 1.549515844076179928e+04 7.854812829820780790e+36 7.577833928023337828e-02 6.549998428859798776e-08 6.579251634804118657e+04 5.779099720438305521e+05 7.868295170222402248e+02 8.176653047140029773e-02 9.188939222602513723e+00 5.350771606480856590e+00 5.622983672121771859e-01 1.152764149737221411e+00 4.441041018049826095e-01 
3.107866187782014084e+10 5.231280492130517086e+04 1.639710094717026720e+02 2.796204184023742976e+18 1.509746371130960324e+04 7.993400110313564511e+36 7.592928786061922675e-02 6.178114926328490567e-08 6.394873812187953445e+04 5.298225731766348472e+05 7.793196342282185469e+02 7.960259564569245605e-02 9.301223190771874982e+00 5.349136273294522681e+00 5.623535662502995303e-01 1.152599440443747625e+00 4.441876440815372140e-01 
3.217641750250735474e+10 5.416058961909202480e+04 1.604531132768244390e+02 2.796204184023742976e+18 1.470996759408237449e+04 8.134413730143376383e+36 7.608131326238674885e-02 5.827017263871164611e-08 6.215583295173295483e+04 4.857028940038427245e+05 7.718412284430874024e+02 7.749731256972755555e-02 9.414711704841499440e+00 5.347409527200968071e+00 5.624140464390562366e-01 1.152438392038408699e+00 4.442687346278719751e-01 
3.331294787934670258e+10 5.607364147841822705e+04 1.570050594421492747e+02 2.796204184023742976e+18 1.433240891632626517e+04 8.277896168840496351e+36 7.623439750780339197e-02 5.495570151520208580e-08 6.041243889168524038e+04 4.452271301861333777e+05 7.643957572529774325e+02 7.544902384154829333e-02 9.529419824140898498e+00 5.345593131127665210e+00 5.624797064210148578e-01 1.152280907842491375e+00 4.443474283281221848e-01 
3.448962260405752563e+10 5.805426585573602642e+04 1.536257241590265892e+02 2.796204184023742976e+18 1.396453317799685101e+04 8.423890649652490733e+36 7.638852537104916240e-02 5.182698122919575539e-08 5.871722871557221515e+04 4.080975229218099848e+05 7.569846074037785684e+02 7.345612448048016718e-02 9.645362525824266342e+00 5.343689090088831861e+00 5.625504360579365315e-01 1.152126905739834006e+00 4.444237544906556869e-01 
3.570785964900469971e+10 6.010484953693725402e+04 1.503139886364279505e+02 2.796204184023742976e+18 1.360609238194717182e+04 8.572441152564967828e+36 7.654367881776902305e-02 4.887382696363401605e-08 5.706890792393984884e+04 3.740403066570893861e+05 7.496090971304662389e+02 7.151705356745231834e-02 9.762555433772401869e+00 5.341699016912034637e+00 5.626261403054366728e-01 1.151976283453522987e+00 4.444977861179164602e-01 
3.696912707195031738e+10 6.222786361359026341e+04 1.470687402024534549e+02 2.796204184023742976e+18 1.325684486840852151e+04 8.723592427550234935e+36 7.669984107916345828e-02 4.608659390817685466e-08 5.546621509779571352e+04 3.428038093246388016e+05 7.422704785349226313e+02 6.963029852170757317e-02 9.881014205444333953e+00 5.339624582591929070e+00 5.627067234531868412e-01 1.151828948077387338e+00 4.445695805973531312e-01 
3.827494478516314697e+10 6.442586646077330079e+04 1.438888729969021654e+02 2.796204184023742976e+18 1.291655515365613974e+04 8.877390008048062044e+36 7.685699796373673953e-02 4.345615027769436879e-08 5.390792099346657051e+04 3.141567018560275319e+05 7.349699398905780754e+02 6.779439262938767585e-02 1.000075461687860745e+01 5.337467717115656818e+00 5.627920778536400492e-01 1.151684812411210235e+00 4.446391885580965320e-01 
3.962688638701478577e+10 6.670150682008796139e+04 1.407732882992392263e+02 2.796204184023742976e+18 1.258499377275608458e+04 9.033880224682298215e+36 7.701513252112156260e-02 4.097385150367714619e-08 5.239282772912411019e+04 2.878863830812742235e+05 7.277086082491371144e+02 6.600791299464504880e-02 1.012179262487462950e+01 5.335229879089746774e+00 5.628821203265979012e-01 1.151543790297867353e+00 4.447066586061513283e-01 
4.102658105827190399e+10 6.905752699157160532e+04 1.377208953100786175e+02 2.796204184023742976e+18 1.226193712629043330e+04 9.193110219217719466e+36 7.717422909940252485e-02 3.863151546701657096e-08 5.091976806470283191e+04 2.637974892242801725e+05 7.204875496443247584e+02 6.426947908097684070e-02 1.024414437076898210e+01 5.332912624782516708e+00 5.629767631952291573e-01 1.151405797907227635e+00 4.447720384498448087e-01 
4.247571552536894226e+10 7.149676613835382159e+04 1.347306117329169979e+02 2.796204184023742976e+18 1.194716733096169264e+04 9.355127958761214265e+36 7.733427448224608480e-02 3.642139890022703341e-08 4.948760470244556927e+04 2.417105194349385274e+05 7.133077702170083967e+02 6.257775132387397021e-02 1.036782618277758772e+01 5.330517765294551680e+00 5.630759062464685272e-01 1.151270754076799019e+00 4.448353752448762632e-01 
4.397603609302712250e+10 7.402216370803931204e+04 1.318013640208991717e+02 2.796204184023742976e+18 1.164047207397910279e+04 9.519982250211585082e+36 7.749525272675243659e-02 3.433617491920790977e-08 4.809522961586092424e+04 2.214605686701407831e+05 7.061702194577604814e+02 6.093142982741809460e-02 1.049285457477060923e+01 5.328046653062410876e+00 5.631794730449339870e-01 1.151138578561146097e+00 4.448967141901822298e-01 
4.552935074866938019e+10 7.663676297494048777e+04 1.289320880298029124e+02 2.796204184023742976e+18 1.134164447113220194e+04 9.687722754962351917e+36 7.765714920717955994e-02 3.236891159256406499e-08 4.674156336411321536e+04 2.028961592901883414e+05 6.990757928896368867e+02 5.932925305890012629e-02 1.061924625027111091e+01 5.325500744727896141e+00 5.632873822576105471e-01 1.151009193326593127e+00 4.449560996648913580e-01 
4.713753134116728973e+10 7.934371470742842939e+04 1.261211310977234632e+02 2.796204184023742976e+18 1.105048292845917604e+04 9.858400003861973195e+36 7.780650632460610339e-02 3.051308556183495606e-08 4.542558883013500599e+04 1.858785123333605879e+05 6.920258129202136388e+02 5.777006346077575433e-02 1.074701000251348404e+01 5.321038216128274989e+00 5.634935967358348785e-01 1.150878006872802839e+00 4.450097805620020774e-01 
4.880251583654433441e+10 8.214628096481988905e+04 1.233563504441249279e+02 2.796204184023742976e+18 1.076679100742005903e+04 1.003206541243588293e+37 7.769692774510188193e-02 2.876310979814405764e-08 4.414692101924134477e+04 1.702859255689953570e+05 6.850302336778710242e+02 5.625390744480401189e-02 1.087600697074146083e+01 5.281046034202622863e+00 5.655221500225900977e-01 1.150659138588619790e+00 4.449853569497722039e-01 
5.052631065335679626e+10 8.504783902838063659e+04 1.206337184921491854e+02 2.796204184023742976e+18 1.049037729348635366e+04 1.020877129637524713e+37 7.729644713503174003e-02 2.711325243626734390e-08 4.290476348185088136e+04 1.560018057173595298e+05 6.780912050872552754e+02 5.478002092642004356e-02 1.100618460813666566e+01 5.201843583315624464e+00 5.696131167383122751e-01 1.150324017482442285e+00 4.448557088461028708e-01 
5.231099308056258392e+10 8.805188547117575945e+04 1.179502568777079716e+02 2.796204184023742976e+18 1.022105526806207490e+04 1.038857088729668139e+37 7.663350676455278621e-02 2.555811328745802386e-08 4.169836522730175784e+04 1.429191140341146092e+05 6.712054435290746142e+02 5.334768408046079713e-02 1.113748172351479049e+01 5.088348867470761761e+00 5.756101458438465102e-01 1.149852544778115382e+00 4.445944149545814073e-01 
5.415871378079464722e+10 9.116204037167616480e+04 1.153109771686906129e+02 2.796204184023742976e+18 9.958643183651978688e+03 1.057151834877797298e+37 7.585054729680880403e-02 2.409234544660225310e-08 4.052671455336484360e+04 1.309371774195398029e+05 6.643702852739676246e+02 5.195560251601159113e-02 1.126991657127616087e+01 4.960591980366243270e+00 5.825517546090405174e-01 1.149294002279425131e+00 4.442196113159974646e-01 
5.607169938205469513e+10 9.438205167619766144e+04 1.127168335070361991e+02 2.796204184023742976e+18 9.702963942195654454e+03 1.075766879267457961e+37 7.498853543248305831e-02 2.271109158800949765e-08 3.938904592992303515e+04 1.199653887911590573e+05 6.577119931288247017e+02 5.060292846336294365e-02 1.140345092585411457e+01 4.824531824937316138e+00 5.901768706368200057e-01 1.148667888911667267e+00 4.437232423519870128e-01 
5.805225516094907379e+10 9.771579971542734711e+04 1.101657585676719862e+02 2.796204184023742976e+18 9.453844976488058819e+03 1.094707829572165423e+37 7.404476776938889726e-02 2.140991319308732104e-08 3.828479107155432575e+04 1.099217625248744298e+05 6.513386644790423361e+02 4.928913680837793132e-02 1.153799997027541302e+01 4.680275483072442455e+00 5.985332151728529615e-01 1.147969680571639506e+00 4.430749728150414901e-01 
6.010276782070388031e+10 1.011673018804859312e+05 1.076558446580294373e+02 2.796204184023742976e+18 9.211118134608432229e+03 1.113980391642697470e+37 7.301346294013774663e-02 2.018472283395558819e-08 3.721350310007877124e+04 1.007316250350992777e+05 6.445081806156498487e+02 4.801380756108116626e-02 1.167346384444941165e+01 4.527589897452729772e+00 6.076974408464130839e-01 1.147199459755375628e+00 4.422377617982667930e-01 
6.222570836730231476e+10 1.047407174641533493e+05 1.051851996238442979e+02 2.796204184023742976e+18 8.974619567282561547e+03 1.133590371225938847e+37 7.188914443754267081e-02 1.903175131743250691e-08 3.617485818027069763e+04 9.232686454673668777e+04 6.378931736267338692e+02 4.677664098571660684e-02 1.180972275608655764e+01 4.366355984131168100e+00 6.177499533619842387e-01 1.146361018071360371e+00 4.411664293406339921e-01 
6.442363508721369934e+10 1.084403526730973244e+05 1.027521998346780663e+02 2.796204184023742976e+18 8.744189618104157489e+03 1.153543675713831533e+37 7.066535954066197056e-02 1.794758223890312028e-08 3.516867539540735743e+04 8.464561384224978974e+04 6.316336610513119467e+02 4.557738000860838551e-02 1.194665787349318720e+01 4.196420006213869236e+00 6.287867502935239328e-01 1.145465709003180566e+00 4.398079279064446845e-01 
6.669919663030114746e+10 1.122706658171427553e+05 1.003556802305523803e+02 2.796204184023742976e+18 8.519672716543498609e+03 1.173846315922943531e+37 6.933511962278876561e-02 1.692916131305703510e-08 3.419494385524886457e+04 7.763183179070596816e+04 6.259830746804552746e+02 4.441580282499486138e-02 1.208416014816897821e+01 4.017665958875738852e+00 6.409182643068388474e-01 1.144536420800526866e+00 4.381005256416652949e-01 
6.905513520162316895e+10 1.162362726818354713e+05 9.799520510448809318e+01 2.796204184023742976e+18 8.300917273673225282e+03 1.194504407905188278e+37 6.789114320176722894e-02 1.597382564516448691e-08 3.325382839488262107e+04 7.123494390460349678e+04 6.213846914567403701e+02 4.329156529039990264e-02 1.222217845414731485e+01 3.830064920250338734e+00 6.542696715176317124e-01 1.143612097434624664e+00 4.359758779225402225e-01 
7.149428986597561646e+10 1.203419520907750266e+05 9.567144429750207735e+01 2.796204184023742976e+18 8.087775580542767784e+03 1.215524174790254517e+37 6.632595517761070980e-02 1.507934414307369769e-08 3.234566994975064517e+04 6.540954064246135385e+04 6.139132292099737924e+02 4.220396694128531606e-02 1.236079899015624584e+01 3.633707925740784717e+00 6.689828924363009355e-01 1.142753814876546814e+00 4.333630862981986964e-01 
7.401959996915652466e+10 1.245926516644199291e+05 9.338663428557518387e+01 2.796204184023742976e+18 7.880103709134698875e+03 1.236911948660286377e+37 6.463219842429013262e-02 1.424395300012062107e-08 3.147098769229520622e+04 6.011507602450016566e+04 6.078888356210273969e+02 4.115170769900997755e-02 1.250034393063480564e+01 3.428861582447284118e+00 6.852176382896554285e-01 1.142052736445118510e+00 4.301938549580104354e-01 
7.663410868007463074e+10 1.289934937823015207e+05 9.114523811958788713e+01 2.796204184023742976e+18 7.677761415838026551e+03 1.258674172457378250e+37 6.280285965656182134e-02 1.346641564004878456e-08 3.063044601259684350e+04 5.531562592562309146e+04 6.038065748355218147e+02 4.013240828792342951e-02 1.264155385442222546e+01 3.216014502598415259e+00 7.031539868953943229e-01 1.141640053161716795e+00 4.264134418232675139e-01 
7.934096665797491455e+10 1.335497817558398528e+05 8.895473505845343709e+01 2.796204184023742976e+18 7.480612047374656868e+03 1.280817401924487715e+37 6.083178302770105017e-02 1.274608031602107852e-08 2.982479238974858526e+04 5.097961784095234179e+04 6.038891388845594292e+02 3.914199090604594117e-02 1.278584353054247913e+01 2.995949581585266142e+00 7.229934961379244074e-01 1.141698718800762347e+00 4.219962043781884664e-01 
8.214343584919421387e+10 1.382670062191894394e+05 8.682657747917519941e+01 2.796204184023742976e+18 7.288522449117572251e+03 1.303348307580305354e+37 5.871429338550745308e-02 1.208293644428557841e-08 2.905475991087333750e+04 4.707954725491970748e+04 5.951512812930152450e+02 3.817391101783604995e-02 1.293564820969742080e+01 2.769814154127490546e+00 7.449609234989305051e-01 1.142477575939500278e+00 4.169663172367673032e-01 
8.504489341802668762e+10 1.431508517458239221e+05 8.477748673850777550e+01 2.796204184023742976e+18 7.101362875740065647e+03 1.326273676728711893e+37 5.644780529652923540e-02 1.147768104512651522e-08 2.832091289387643701e+04 4.359170899908253341e+04 5.927998952902751171e+02 3.721815734624244615e-02 1.309490682224333113e+01 2.539169784020340881e+00 7.693094862460724270e-01 1.144309735943542794e+00 4.114263048547745494e-01 
8.804883581643446350e+10 1.482072036988303880e+05 8.283081919105360669e+01 2.796204184023742976e+18 6.919006904137292622e+03 1.349600415503413891e+37 5.403288758338265635e-02 1.093174728584566626e-08 2.762344545009996000e+04 4.049579466718468757e+04 5.999386110470936728e+02 3.626028655361122899e-02 1.326963381848444179e+01 2.306052841590875868e+00 7.963254249422361264e-01 1.147633071328307830e+00 4.055886936887365679e-01 
9.115888299750837708e+10 1.534421553231693106e+05 8.101826541463795195e+01 2.796204184023742976e+18 6.741331348562766834e+03 1.373335550948378521e+37 5.147429720052743712e-02 1.044731326908198696e-08 2.696192904447953333e+04 3.777444345919041371e+04 5.905714667293410685e+02 3.528056581600938491e-02 1.346860170636950649e+01 2.072984490923313494e+00 8.263402494605857074e-01 1.153016852650084800e+00 3.998117723725589934e-01 
9.437878277775390625e+10 1.588620150884428294e+05 7.938178397413585685e+01 2.796204184023742976e+18 6.568216177923926807e+03 1.397486233134679444e+37 4.878215169126016992e-02 1.002725920065631914e-08 2.633502876039454713e+04 3.541265871427828824e+04 5.951016171694202512e+02 3.425361596231917688e-02 1.370407819284706719e+01 1.842934530211997712e+00 8.597521953397846417e-01 1.161195299206118747e+00 3.946358394425449889e-01 
9.771241535346501160e+10 1.644733142910298484e+05 7.797605329412274955e+01 2.796204184023742976e+18 6.399544435181973313e+03 1.422059737314429549e+37 4.597292993253850740e-02 9.675081316684916260e-09 2.574021412079931906e+04 3.339713981213791703e+04 6.122709971510020068e+02 3.314889963465245115e-02 1.399260403807272013e+01 1.619208458395006156e+00 8.970666238648173918e-01 1.173114340065297689e+00 3.908217144644642871e-01 
1.011637979766206970e+11 1.702828149247356923e+05 7.687155351106889611e+01 2.796204184023742976e+18 6.235202158803150269e+03 1.447063466112398187e+37 4.307014103756632434e-02 9.394768410634617479e-09 2.517348231473221676e+04 3.171552254318295309e+04 6.176528425090344854e+02 3.193236511623608748e-02 1.435583886233951212e+01 1.405258274116003125e+00 9.389623183433741804e-01 1.189995240869820892e+00 3.893986819970214341e-01 
1.047370897959448700e+11 1.762975178294513607e+05 7.615884843322385223e+01 2.796204184023742976e+18 6.075078306209339644e+03 1.472504951756011082e+37 4.010441044598356264e-02 9.190682213715652785e-09 2.462908592356233567e+04 3.035558027221963130e+04 6.198033203092801386e+02 3.056922345727644541e-02 1.482165757393614314e+01 1.204429896573655734e+00 9.863930061631951407e-01 1.213423596972977858e+00 3.917443721800157319e-01 
1.084365968689608612e+11 1.825246711276373244e+05 7.595473101917569636e+01 2.796204184023742976e+18 5.919064679177527069e+03 1.498391858344388394e+37 3.711265191960975984e-02 9.067514831244619851e-09 2.409924433261985541e+04 2.930449185318716627e+04 6.288777497829921685e+02 2.902747600159979319e-02 1.542589121069047486e+01 1.019673002849792454e+00 1.040731481840940553e+00 1.245471930121162307e+00 3.997376122200037574e-01 
1.122667773510811310e+11 1.889717789587998996e+05 7.641212595103964134e+01 2.796204184023742976e+18 5.767055851138788057e+03 1.524731984157113949e+37 3.413612978997567632e-02 9.030511342497381360e-09 2.357365509431149985e+04 2.854839933883822960e+04 6.462058016247015075e+02 2.728071242577571540e-02 1.621582447974114416e+01 8.532660499133757348e-01 1.103962718828238820e+00 1.288871759757046931e+00 4.160844861385091797e-01 
1.162322468679849396e+11 1.956466105224850180e+05 7.773515191186463369e+01 2.796204184023742976e+18 5.618949096328781707e+03 1.551533264003415401e+37 3.121779638814369331e-02 9.086094910706094353e-09 2.303862747613359534e+04 2.807219468092518218e+04 6.585209483819382967e+02 2.530928132045955417e-02 1.725714305808259397e+01 7.066259501645463237e-01 1.178911787507934461e+00 1.347235388097915321e+00 4.449913902760177509e-01 
1.203377840777590485e+11 2.025572094406883989e+05 8.020498973129163289e+01 2.796204184023742976e+18 5.474644320742822856e+03 1.578803771612488724e+37 2.839905551284931107e-02 9.243428396060194686e-09 2.247519291243260886e+04 2.785986483115211013e+04 7.008216699015720224e+02 2.309747351540811580e-02 1.864904828762770705e+01 5.802411996434052588e-01 1.269499119127583064e+00 1.425345197207519954e+00 4.936728697876067162e-01 
1.245883364295008087e+11 2.097119034509588964e+05 8.422609246362003432e+01 2.796204184023742976e+18 5.334043994849987030e+03 1.606551722065644930e+37 2.571673571422503773e-02 9.517867944616435295e-09 2.185494986220836290e+04 2.789536092839068806e+04 7.121163606315388961e+02 2.062514656421306561e-02 2.055884754975231843e+01 4.737633238457304441e-01 1.380968439983725427e+00 1.529484772455220076e+00 5.760282870390340815e-01 
1.289890261253308105e+11 2.171193144418885931e+05 9.041710677879029845e+01 2.796204184023742976e+18 5.197053088021425538e+03 1.634785474271075904e+37 2.320093908469188226e-02 9.939191024645636444e-09 2.113007342915809568e+04 2.816401321153955723e+04 7.681477985229142860e+02 1.785004256397936667e-02 2.331152253771891836e+01 3.862751570957987379e-01 1.519886807145118590e+00 1.667640880621004573e+00 7.231312160025376023e-01 
1.335451562929897461e+11 2.247883688430664479e+05 9.982469544675366535e+01 2.796204184023742976e+18 5.063579004629810697e+03 1.663513533481914658e+37 2.087412831172005129e-02 1.057577961257751192e-08 2.020438633040570494e+04 2.865500916539246828e+04 7.895842302338046466e+02 1.466600656529620621e-02 2.767943220810994376e+01 3.168421861593002098e-01 1.693008415119005905e+00 1.848668647065581094e+00 1.021913538498964602e+00 
1.382622173764653625e+11 2.327283083820286265e+05 1.145832597052600335e+02 2.796204184023742976e+18 4.933531521777327725e+03 1.692744553858393759e+37 1.875212204634730054e-02 1.163826186982079561e-08 1.881579066859810700e+04 2.936656115131936167e+04 8.402687134477745303e+02 1.076382350800159961e-02 3.628787327856884559e+01 2.662247214464513179e-01 1.898668363183788399e+00 2.073630200377268196e+00 1.842449971539162901e+00 
1.431458937523481445e+11 2.409487012211640249e+05 1.420344073780323697e+02 2.796204184023742976e+18 4.806822728610999548e+03 1.722487341074869529e+37 1.684968435533546610e-02 1.488034580530174063e-08 1.520110908047828343e+04 3.033407770454489946e+04 8.825267458533860463e+02 4.439152626546581139e-03 7.868586761623393500e+01 2.586002591895814606e-01 1.978699663208320692e+00 2.173784991897301122e+00 1.047593753430365737e+01 
1.482020705798860168e+11 2.494594534879911516e+05 1.692849501053283348e+02 2.796204184023742976e+18 4.683366967185213070e+03 1.752750854972459605e+37 1.517806556701563336e-02 3.525308012670791379e-08 6.526936009380465293e+03 3.085666023729991139e+04 1.394250814286272089e+01 1.483263368338688778e-04 4.600721077587425767e-01 4.740542340244697228e-01 1.067383758359818025e+00 1.166817237199561763e+00 1.935578837800882468e+00 
1.534368408930013123e+11 2.582708212127153529e+05 1.754487177071200961e+02 2.796204184023742976e+18 4.563080774831961207e+03 1.783544212258168161e+37 1.365138548290061732e-02 4.166455194699297494e-08 5.558168874332714950e+03 3.105567329337892079e+04 5.134179130333105689e+00 7.750251082487120372e-05 9.755277257504482713e-02 4.349923670163131084e-01 1.005187567397560100e+00 1.084709327717268135e+00 7.288980143713880144e-01 
1.588565129428052673e+11 2.673934226874327287e+05 1.770224240119228227e+02 2.796204184023742976e+18 4.445882828000877453e+03 1.814876689251225127e+37 1.224264730564822434e-02 4.606619453357289979e-08 5.073773799349964975e+03 3.134410938610684025e+04 2.974914607452244564e+00 5.332099461672333042e-05 4.052955110790372462e-02 3.701814164797964102e-01 9.879514138606878548e-01 1.052368482553881490e+00 3.965326916662842982e-01 
1.644676177994662781e+11 2.768382512618888286e+05 1.764123092350753552e+02 2.796204184023742976e+18 4.331693887531542714e+03 1.846757724677526723e+37 1.094662079003966455e-02 4.983115989511185989e-08 4.754053782484798830e+03 3.176929535775537806e+04 2.065365907707756410e+00 4.054885080246234180e-05 2.170074137726180422e-02 3.050852872667164095e-01 9.831899202247155189e-01 1.035103623642821491e+00 2.473713523543399628e-01 
1.702769172225897827e+11 2.866166885912062135e+05 1.745655046410551563e+02 2.796204184023742976e+18 4.220436745321819217e+03 1.879196922512997343e+37 9.760825702628893319e-03 5.341992547213479216e-08 4.514556094084566212e+03 3.234154976711200288e+04 1.586080020297096382e+00 3.239135811901018368e-05 1.324498980392179240e-02 2.467240214920554120e-01 9.830663218232051914e-01 1.024587794827781062e+00 1.655582019020293560e-01 
1.762914118095944214e+11 2.967405183515462559e+05 1.719670780604429865e+02 2.796204184023742976e+18 4.112036172356759380e+03 1.912204054876729678e+37 8.682346472479842217e-03 5.704669952734726906e-08 4.321259377875415339e+03 3.305851596648155100e+04 1.300784599463320923e+00 2.660037485470064441e-05 8.740042104453619315e-03 1.969901003521006277e-01 9.847285398548781821e-01 1.017694998315826771e+00 1.155357741260388399e-01 
1.825183494319038696e+11 3.072219404402329237e+05 1.688992725029838198e+02 2.796204184023742976e+18 4.006418868063544323e+03 1.945789064974781885e+37 7.707023276229540455e-03 6.082824596484507490e-08 4.157356885449832589e+03 3.391291307964474254e+04 1.117714137689859832e+00 2.221436507277673494e-05 6.065615021940631499e-03 1.558343065304362285e-01 9.869593975255585017e-01 1.012964918885015164e+00 8.283808997787583950e-02 
# Non-converged_fits = 0