# r 	r/rg 	Sigma0 	Mdot 	Teff 	F 	z0r 	rho_c 	T_c 	P_c 	tau 	PradPgas_c 	varkappa_c 	Pi1 	Pi2 	Pi3 	Pi4
# All values are in CGS units.
# M = 1.005829e+00 Msun, alpha = 0.1, structure = BellLin, mu = 0.62
1.000000000000000000e+09 3.366477303750272768e+03 3.736115525250276733e+03 1.398102092011871488e+18 1.397238580973638745e+05 4.955583040057713573e+35 1.010920767059968750e-01 3.275606869393425820e-05 1.083051827357627219e+06 4.757551610127757072e+09 8.517226766210183996e+03 7.293621464426686130e-01 4.364944846603607154e+00 5.431155936083717606e+00 5.641328756241034137e-01 1.189825002263968257e+00 4.235021815637729503e-01 
1.035321843295661569e+09 3.485387487531741499e+03 3.684261630187817445e+03 1.398102092011871488e+18 1.361512100385763042e+05 5.045013386226058613e+35 1.010567145297363856e-01 3.126446208916805415e-05 1.055605168580490863e+06 4.425832407553527832e+09 8.531156007843994303e+03 7.075234486776682541e-01 4.436268822800091272e+00 5.447283920541233115e+00 5.631563103790754310e-01 1.188856515562617400e+00 4.240524575560730147e-01 
1.071891319205126405e+09 3.608497798190996946e+03 3.632443432553118328e+03 1.398102092011871488e+18 1.326696011411550571e+05 5.136009448714552695e+35 1.010279966229016696e-01 2.983210945351224793e-05 1.028785583439630922e+06 4.115772197309448719e+09 8.542803360767973572e+03 6.864010201501851149e-01 4.508339159740127222e+00 5.463113533758585660e+00 5.622020250062989000e-01 1.187907551876018486e+00 4.245930991373620955e-01 
1.109752496412069798e+09 3.735956591951439350e+03 3.580689945990955493e+03 1.398102092011871488e+18 1.292767250316722348e+05 5.228598639556132689e+35 1.010058018598118806e-01 2.845723164083367317e-05 1.002581621437568916e+06 3.826087376378729343e+09 8.552191405048883098e+03 6.659687385698225270e-01 4.581159056080457148e+00 5.478644840030235663e+00 5.612697299302294995e-01 1.186977873750613810e+00 4.251241468263253220e-01 
1.148951000187310934e+09 3.867917465251757676e+03 3.529029323492216918e+03 1.398102092011871488e+18 1.259703331734084932e+05 5.322808850704377948e+35 1.009900103302086710e-01 2.713806579797791284e-05 9.769819339015049627e+05 3.555559245599359512e+09 8.559344925106766823e+03 6.462015307253973218e-01 4.654731922327210114e+00 5.493878054867369798e+00 5.603591348425318586e-01 1.186067237902814320e+00 4.256456483241403688e-01 
1.189534067370320797e+09 4.004539439839933038e+03 3.477488840316487767e+03 1.398102092011871488e+18 1.227482334423746215e+05 5.418668462435738078e+35 1.009805053788614543e-01 2.587286780025468941e-05 9.519752762361360947e+05 3.303031644762759209e+09 8.564290806929871906e+03 6.270753275702107832e-01 4.729061384604837492e+00 5.508813758271763561e+00 5.594699379938538053e-01 1.185175395933377063e+00 4.261576581543861098e-01 
1.231550603292826176e+09 4.145987154405255751e+03 3.426094878824181251e+03 1.398102092011871488e+18 1.196082887371872639e+05 5.516206351899000399e+35 1.009771717704536081e-01 2.465991451373598483e-05 9.275505101810686756e+05 3.067408600512017250e+09 8.567057919935825339e+03 6.085670213001113105e-01 4.804151287911012425e+00 5.523452687743589884e+00 5.586018368511839194e-01 1.184302094748825196e+00 4.266602371686559203e-01 
1.275051240713012934e+09 4.292431062978984301e+03 3.374872916750665354e+03 1.398102092011871488e+18 1.165484156220582518e+05 5.615451901814318449e+35 1.009798954384432540e-01 2.349750588808937986e-05 9.036966060489704832e+05 2.847651993829874992e+09 8.567677010080224136e+03 5.906544242431037706e-01 4.880005699530261865e+00 5.537795701986601316e+00 5.577545299275733504e-01 1.183447077145148629e+00 4.271534521855105959e-01 
1.320088400831416845e+09 4.444047640342957493e+03 3.323847517850585973e+03 1.398102092011871488e+18 1.135665830021569273e+05 5.716435009324591407e+35 1.009885655692306233e-01 2.238396687119983890e-05 8.804026449033479439e+05 2.642779251741907120e+09 8.566180603031925784e+03 5.733162296781545431e-01 4.956628911117297420e+00 5.551844000904956999e+00 5.569277058128725422e-01 1.182610082337504975e+00 4.276373755676841637e-01 
1.366716356462004423e+09 4.601019594693605541e+03 3.273042325412686750e+03 1.398102092011871488e+18 1.106608108306267823e+05 5.819186095001809449e+35 1.010030726872229723e-01 2.131764912022387687e-05 8.576578212801706977e+05 2.451861067508975029e+09 8.562602867169307501e+03 5.565319764539720104e-01 5.034025424363369083e+00 5.565598897107055798e+00 5.561210553063303808e-01 1.181790848971762342e+00 4.281120823174963674e-01 
1.414991297434578896e+09 4.763536087817661610e+03 3.222480065831191041e+03 1.398102092011871488e+18 1.078291688465478655e+05 5.923736112011082608e+35 1.010233084960847488e-01 2.029693144207794729e-05 8.354514604962299345e+05 2.274019072855850697e+09 8.556979458227358919e+03 5.402820731833077872e-01 5.112199461754475927e+00 5.579061469645204774e+00 5.553343056301685010e-01 1.180989186246141687e+00 4.285775782983732851e-01 
1.464971398307287931e+09 4.931792963044786120e+03 3.172182522271325524e+03 1.398102092011871488e+18 1.050697753431531455e+05 6.030116555435050793e+35 1.010491679576871887e-01 1.932022492923849506e-05 8.137729730704787653e+05 2.108423925803251505e+09 8.549347471066375874e+03 5.245475737528866311e-01 5.191156465333074621e+00 5.592233780856497027e+00 5.545671066704885854e-01 1.180204754458475724e+00 4.290340193098774457e-01 
1.516716888470924139e+09 5.105992981252100435e+03 3.122170558860688743e+03 1.398102092011871488e+18 1.023807959656125895e+05 6.138359471761671456e+35 1.010805471981870568e-01 1.838597042653452766e-05 7.926119038851707010e+05 1.954292850907483101e+09 8.539745281963214438e+03 5.093103350717285149e-01 5.270901645928496748e+00 5.605117657219750527e+00 5.538191443893248911e-01 1.179437282613440940e+00 4.294814963795464124e-01 
1.570290124729377508e+09 5.286346065204634215e+03 3.072464115155466061e+03 1.398102092011871488e+18 9.976044253772433149e+04 6.248497468537984420e+35 1.011173435729995906e-01 1.749264092062139292e-05 7.719579186739727156e+05 1.810887635172122955e+09 8.528212453895506769e+03 4.945529229835839979e-01 5.351440449341580141e+00 5.617715007015282147e+00 5.530901077000585087e-01 1.178686498203486144e+00 4.299201044159076668e-01 
1.625755666443793535e+09 5.473069552526430016e+03 3.023082210875162673e+03 1.398102092011871488e+18 9.720697191685246071e+04 6.360563724192958829e+35 1.011594577353618213e-01 1.663874250648675793e-05 7.518008058066501981e+05 1.677512570631658792e+09 8.514789623053646210e+03 4.802585822935277471e-01 5.432778557435614886e+00 5.630028043038264762e+00 5.523796775197397091e-01 1.177952127753641109e+00 4.303499419470117604e-01 
1.683180353330955029e+09 5.666388457607024975e+03 2.974042951632197855e+03 1.398102092011871488e+18 9.471868487647271832e+04 6.474591998032303588e+35 1.012067912302090089e-01 1.582281521287798529e-05 7.321304779902270529e+05 1.553512450814588547e+09 8.499518387946209259e+03 4.664112081232313356e-01 5.514921888910722991e+00 5.642059008931876285e+00 5.516875401377308030e-01 1.177233897043857835e+00 4.307711107171683373e-01 
1.742633386009647131e+09 5.866535742758965171e+03 2.925363536972051406e+03 1.398102092011871488e+18 9.229392501569545129e+04 6.590616640408254041e+35 1.012592469376392273e-01 1.504343369196341630e-05 7.129369738607348409e+05 1.438270623237409592e+09 8.482441210818087711e+03 4.529953185142989169e-01 5.597876599938085285e+00 5.653810221323502638e+00 5.510133850239040676e-01 1.176531531500809136e+00 4.311837153958981150e-01 
1.804186409392075539e+09 6.073752598953120469e+03 2.877060270312837019e+03 1.398102092011871488e+18 8.993107769514984102e+04 6.708672603067441286e+35 1.013167310836850243e-01 1.429920777951728194e-05 6.942104594653081149e+05 1.331207099822921038e+09 8.463601309377625512e+03 4.399960282299590353e-01 5.681649084646995362e+00 5.665284288155222114e+00 5.503568941814862558e-01 1.175844756673344094e+00 4.315878633558126176e-01 
1.867913599020784616e+09 6.288288736469959076e+03 2.829148569501803195e+03 1.398102092011871488e+18 8.762856899862657883e+04 6.828795449679831051e+35 1.013791504263696769e-01 1.358878293239831698e-05 6.759412296474486357e+05 1.231776726794109344e+09 8.443042554946046948e+03 4.273990237210212872e-01 5.766245975324235218e+00 5.676483788756103266e+00 5.497177575760704427e-01 1.175173298364344587e+00 4.319836642945310001e-01 
1.933891750455232143e+09 6.510402685817425663e+03 2.781642979469495458e+03 1.398102092011871488e+18 8.538486471988289850e+04 6.951021366552168377e+35 1.014464132187611195e-01 1.291084054918479860e-05 6.581197093096507015e+05 1.139467415052289963e+09 8.420809367754553023e+03 4.151905391802535594e-01 5.851674142543091151e+00 5.687411375179725503e+00 5.490956680765314291e-01 1.174516882995752409e+00 4.323712300017015786e-01 
2.002200371815584421e+09 6.740362109277522904e+03 2.734557186306091353e+03 1.398102092011871488e+18 8.319846937403590709e+04 7.075387173528830152e+35 1.015184311280743629e-01 1.226409818076033721e-05 6.407364545591266360e+05 1.053798431862295032e+09 8.396946631982627878e+03 4.033573336459964076e-01 5.937940695177214678e+00 5.698069982139986500e+00 5.484903113002217445e-01 1.173875238018269762e+00 4.327506741736967810e-01 
2.072921779595369816e+09 6.978444123457437854e+03 2.687904031581394975e+03 1.398102092011871488e+18 8.106792523297184380e+04 7.201930335083601446e+35 1.015951158994820580e-01 1.164730963779861525e-05 6.237821537500271806e+05 9.743187543614448309e+08 8.371499607747837217e+03 3.918866691255682988e-01 6.025052980146076820e+00 5.708462447912147297e+00 5.479013836993206210e-01 1.173248091950960248e+00 4.331221120542209646e-01 
2.146141197858401537e+09 7.224935633233732915e+03 2.641695528599348108e+03 1.398102092011871488e+18 7.899181138421721698e+04 7.330688971605631131e+35 1.016763809929736168e-01 1.105926500110863762e-05 6.072476283955419203e+05 9.006054849610505104e+08 8.344513838933191437e+03 3.807662896656900386e-01 6.113018582168623816e+00 5.718591692626463718e+00 5.473285838447540241e-01 1.172635174735853880e+00 4.334856602631892430e-01 
2.221946860939519405e+09 7.480133677492056449e+03 2.595942879596551393e+03 1.398102092011871488e+18 7.696874281272631197e+04 7.461701870882978693e+35 1.017621433730657721e-01 1.049879054171360372e-05 5.911238339618938044e+05 8.322623285984678268e+08 8.316035071788490313e+03 3.699844013413955968e-01 6.201845323424148404e+00 5.728460915294522948e+00 5.467716029732836436e-01 1.172036218085487080e+00 4.338414366446693426e-01 
2.300430119772921562e+09 7.744345787079062575e+03 2.550656492829206854e+03 1.398102092011871488e+18 7.499736950505238201e+04 7.595008499787217265e+35 1.018523195285638144e-01 9.964748557407948355e-06 5.754018605578375282e+05 7.689181315360734463e+08 8.286109175703793881e+03 3.595296531380949290e-01 6.291541262951291458e+00 5.738073141754457041e+00 5.462301463566925364e-01 1.171450955428303242e+00 4.341895599183847598e-01 
2.381685551976160526e+09 8.017890355397685198e+03 2.505846001501474348e+03 1.398102092011871488e+18 7.307637557538133115e+04 7.730649016162549087e+35 1.019468280317797765e-01 9.456037131497867210e-06 5.600729334909591125e+05 7.102254810458135605e+08 8.254782062210795630e+03 3.493911186550992531e-01 6.382114696149847610e+00 5.747431508296410918e+00 5.457039196518327362e-01 1.170879122275527484e+00 4.345301495774375189e-01 
2.465811075822603703e+09 8.301097022092839325e+03 2.461520283092182126e+03 1.398102092011871488e+18 7.120447841291381337e+04 7.868664280923200919e+35 1.020455907487098912e-01 8.971589820384637368e-06 5.451284137108462164e+05 6.558593652839373350e+08 8.222099612721280209e+03 3.395582786146900123e-01 6.473574154182530016e+00 5.756539394702319790e+00 5.451926225479106769e-01 1.170320456482731419e+00 4.348633257501903215e-01 
2.552908068239516735e+09 8.594307070289285548e+03 2.417687478433955675e+03 1.398102092011871488e+18 6.938042785010035732e+04 8.009095870362483320e+35 1.021485288973591615e-01 8.510375276175806314e-06 5.305597981485452037e+05 6.055158924297658205e+08 8.188107611744089809e+03 3.300210041503698344e-01 6.565928403146167547e+00 5.765399976192973952e+00 5.446959697555954216e-01 1.169774698152653558e+00 4.351892088835843109e-01 
2.643081486974102974e+09 8.897873837860839558e+03 2.374355012353662914e+03 1.398102092011871488e+18 6.760300535123626469e+04 8.151986088677422985e+35 1.022555659605186018e-01 8.071396809654931054e-06 5.163587199268583790e+05 5.589110679156788588e+08 8.152851681892107990e+03 3.207695408092674505e-01 6.659186443409516265e+00 5.774016548539453453e+00 5.442136755141725457e-01 1.169241589982409790e+00 4.355079196870002556e-01 
2.736439997074666500e+09 9.212163143226327520e+03 2.331529614325926559e+03 1.398102092011871488e+18 6.587102322093960538e+04 8.297377980712641295e+35 1.023666283655992326e-01 7.653691899714040761e-06 5.025169484645041521e+05 5.157796285752108097e+08 8.116377218269478362e+03 3.117944932597281338e-01 6.753357508847338764e+00 5.782392602130485670e+00 5.437454500438546612e-01 1.168720877448417905e+00 4.358195790059130603e-01 
2.833096101839318275e+09 9.537553726185436972e+03 2.289217338817368272e+03 1.398102092011871488e+18 6.418332383204261714e+04 8.445315344927380899e+35 1.024816419730514849e-01 7.256331654741321685e-06 4.890263894801239949e+05 4.758739323585134149e+08 8.078729332988185888e+03 3.030868106771905102e-01 6.848451065886554723e+00 5.790531422522393612e+00 5.432910180942900347e-01 1.168212308698528767e+00 4.361243075482439391e-01 
2.933166278390048504e+09 9.874437704325753657e+03 2.247423586830800105e+03 1.398102092011871488e+18 6.253877887243874284e+04 8.595842746589543848e+35 1.026005349569440450e-01 6.878420230789593930e-06 4.758790848759334185e+05 4.389629021105875373e+08 8.039952798305524084e+03 2.946377727521377610e-01 6.944476812755064010e+00 5.798436413286623292e+00 5.428501036797871437e-01 1.167715634859661344e+00 4.364222258572831858e-01 
3.036771118035460472e+09 1.022322104555071928e+04 2.206153127204744123e+03 1.398102092011871488e+18 6.093628861043763754e+04 8.749005531200651959e+35 1.027232380696046360e-01 6.519094211888638617e-06 4.630672125236972934e+05 4.048310219249600172e+08 8.000091995295799279e+03 2.864389763142239920e-01 7.041444678629521725e+00 5.806111123818731734e+00 5.424224287009490331e-01 1.167230610159465609e+00 4.367134541974913575e-01 
3.144035471591500282e+09 1.058432405729857237e+04 2.165410117554038152e+03 1.398102092011871488e+18 5.937478117818709143e+04 8.904849838156012031e+35 1.028496816126198005e-01 6.177521957243831631e-06 4.505830859568843152e+05 3.732773844658141136e+08 7.959190867249078110e+03 2.784823225463748386e-01 7.139364822636881769e+00 5.813558904815754325e+00 5.420077288090235923e-01 1.166756991816578326e+00 4.369981123229707554e-01 
3.255088599835056305e+09 1.095818189304097177e+04 2.125198126087429955e+03 1.398102092011871488e+18 5.785321187273624673e+04 9.063422614643880028e+35 1.029797982704094006e-01 5.852902919535962222e-06 4.384191539534570766e+05 3.441147875670839548e+08 7.917292875849060692e+03 2.707600047407079380e-01 7.238247633087143917e+00 5.820783226843283309e+00 5.416057384549362030e-01 1.166294540313295158e+00 4.372763194757728344e-01 
3.370064329271924973e+09 1.134524507667232137e+04 2.085520152956527454e+03 1.398102092011871488e+18 5.637056247431831434e+04 9.224771629788039634e+35 1.031135228764426676e-01 5.544466938892578914e-06 4.265680000313625787e+05 3.171688784502732754e+08 7.874440961651991529e+03 2.632644965930249770e-01 7.338103726595722520e+00 5.827787652341593905e+00 5.412161920956878314e-01 1.165843019453508100e+00 4.375481942768437160e-01 
3.489101213406766415e+09 1.174598004542141643e+04 2.046378651246380286e+03 1.398102092011871488e+18 5.492584058144344453e+04 9.388945489037967113e+35 1.032507899732966472e-01 5.251473516493658103e-06 4.150223418579690042e+05 2.922773438300225139e+08 7.830677501820070574e+03 2.559885410094654978e-01 7.438943947112278465e+00 5.834575558329729184e+00 5.408388368528276313e-01 1.165402196263221057e+00 4.378138545381154434e-01 
3.612342699709437847e+09 1.216086971193981117e+04 2.007775548549066571e+03 1.398102092011871488e+18 5.351807896240036644e+04 9.555993648810977213e+35 1.033915365777490908e-01 4.973211071379648759e-06 4.037750305626059999e+05 2.692891441460102797e+08 7.786044278538411163e+03 2.489251393853672001e-01 7.540779365197007422e+00 5.841150447926009903e+00 5.404734179937246141e-01 1.164971841231919658e+00 4.380734172822655093e-01 
3.739937302478801727e+09 1.259041404624390634e+04 1.969712267877770728e+03 1.398102092011871488e+18 5.214633492277580808e+04 9.725966431390579591e+35 1.035357013552864053e-01 4.708996184245447981e-06 3.928190499734046753e+05 2.480637902049088478e+08 7.740582440855818277e+03 2.420675413551493793e-01 7.643621277164822203e+00 5.847515855972925891e+00 5.401196831810564092e-01 1.164551728305078804e+00 4.383269986314125566e-01 
3.872038781812557220e+09 1.303513067821282857e+04 1.932189748271085364e+03 1.398102092011871488e+18 5.080968968860569294e+04 9.898915040085897980e+35 1.036832228927873495e-01 4.458172831416882680e-06 3.821475157765101758e+05 2.284706604792353809e+08 7.694332479026413239e+03 2.354092349857377087e-01 7.747481204204782479e+00 5.853675153057683822e+00 5.397773913251090461e-01 1.164141634807861259e+00 4.385747136654333800e-01 
4.008806328898464680e+09 1.349555552136713413e+04 1.895208465711897361e+03 1.398102092011871488e+18 4.950724780478676257e+04 1.007489157465630190e+36 1.038340423661471140e-01 4.220111611945216270e-06 3.717536745917910011e+05 2.103883573205913603e+08 7.647334199213089960e+03 2.289439373820781332e-01 7.852370891746939918e+00 5.859631846386739618e+00 5.394462986518933079e-01 1.163741341657867689e+00 4.388166764590458735e-01 
4.150404757850472450e+09 1.397224341868076226e+04 1.858768453226605743e+03 1.398102092011871488e+18 4.823813654837992362e+04 1.025394904700616212e+36 1.039881020201697953e-01 3.994208970856646718e-06 3.616309029849705985e+05 1.937041003967867196e+08 7.599626700008233456e+03 2.226655857048867315e-01 7.958302308663530944e+00 5.865389407501774954e+00 5.391261664933325592e-01 1.163350633289181424e+00 4.390529999605399247e-01 
4.297004704320835114e+09 1.446576881120424332e+04 1.822869320768280204e+03 1.398102092011871488e+18 4.700150535644810589e+04 1.043614139715437415e+36 1.041453442946587427e-01 3.779886421037432280e-06 3.517727064107299666e+05 1.783131556521072984e+08 7.551248351880990413e+03 2.165683285714635198e-01 8.065287646534352817e+00 5.870951173470786877e+00 5.388167656562066199e-01 1.162969297613045239e+00 4.392837959001064108e-01 
4.448782831127575874e+09 1.497672643030486688e+04 1.787510275167110422e+03 1.398102092011871488e+18 4.579652526807871618e+04 1.062152350948349294e+36 1.043057143574890322e-01 3.576589766100435792e-06 3.421727180860499502e+05 1.641182981299970150e+08 7.502236780274262856e+03 2.106465178168176189e-01 8.173339319140124459e+00 5.876320632632254792e+00 5.385178632699149093e-01 1.162597126203661624e+00 4.395091748399065357e-01 
4.605922041145112991e+09 1.550573201435815463e+04 1.752690139129117597e+03 1.398102092011871488e+18 4.462238838024861616e+04 1.081015122927333413e+36 1.044691577781781677e-01 3.383788326590738469e-06 3.328246978121504653e+05 1.510293070522297025e+08 7.452628846812818665e+03 2.048947006159139717e-01 8.282469961745176690e+00 5.881501162056649079e+00 5.382292346487423940e-01 1.162233914149368497e+00 4.397292460349249699e-01 
4.768611697714474678e+09 1.605342305075383592e+04 1.718407370153268175e+03 1.398102092011871488e+18 4.347830731719813048e+04 1.100208137952395755e+36 1.046356206648245829e-01 3.200974171364264764e-06 3.237225307357280399e+05 1.389624915569315553e+08 7.402460635387520597e+03 1.993076119356954612e-01 8.392692430556923711e+00 5.886496043415577972e+00 5.379506624285864680e-01 1.161879460065056824e+00 4.399441173961711193e-01 
4.937047852839003563e+09 1.662045954411152343e+04 1.684660079285658185e+03 1.398102092011871488e+18 4.236351471298566321e+04 1.119737177807341190e+36 1.048050520171605465e-01 3.027661355959877574e-06 3.148602260541254072e+05 1.278402455577051491e+08 7.351767441765499825e+03 1.938801673029297290e-01 8.504019802372372538e+00 5.891308728212378831e+00 5.376819244257908803e-01 1.161533566251580885e+00 4.401538955493038974e-01 
5.111433483440165520e+09 1.720752481163051561e+04 1.651446048814839969e+03 1.398102092011871488e+18 4.127726270690662204e+04 1.139608125501490253e+36 1.049774004745214623e-01 2.863385169722469412e-06 3.062319156809310080e+05 1.175906302401664704e+08 7.300583764142612381e+03 1.886074558887753383e-01 8.616465373956726737e+00 5.895942472001769907e+00 5.374228101292505277e-01 1.161196038468383929e+00 4.403586856694415297e-01 
5.291978735958436966e+09 1.781532630653313754e+04 1.618762750055947663e+03 1.398102092011871488e+18 4.021882245146288187e+04 1.159826967041906410e+36 1.051526156364610831e-01 2.707701392945734203e-06 2.978318528586212196e+05 1.081469827325970680e+08 7.248943295581639177e+03 1.834847338761431690e-01 8.730042661740506915e+00 5.900400483901755422e+00 5.371731137931627931e-01 1.160866686013418692e+00 4.405585915053018553e-01 
5.478901179593934059e+09 1.844459647059357667e+04 1.586607360754719366e+03 1.398102092011871488e+18 3.918748363257904566e+04 1.180399793236644822e+36 1.053306501819733926e-01 2.560185565403250903e-06 2.896544107284857891e+05 9.944754955949983001e+07 7.196878918286651242e+03 1.785074181048176001e-01 8.844765401635948265e+00 5.904686165054866542e+00 5.369326235756747279e-01 1.160545321855605883e+00 4.407537154416706349e-01 
5.672426068491989136e+09 1.909609361677967172e+04 1.554976781347506630e+03 1.398102092011871488e+18 3.818255400176793046e+04 1.201332801529573986e+36 1.055114555666213511e-01 2.420432267509732139e-06 2.816940808721377398e+05 9.143514353751066327e+07 7.144422699721851131e+03 1.736710799946513395e-01 8.960647548519251160e+00 5.908802626195456931e+00 5.367011432358318457e-01 1.160231762322031290e+00 4.409441582999998888e-01 
5.872786613189489365e+09 1.977060284307085021e+04 1.523867651526592226e+03 1.398102092011871488e+18 3.720335891995517159e+04 1.222632297867311520e+36 1.056949848668356506e-01 2.288054414899285750e-06 2.739454718068654183e+05 8.405682280058059096e+07 7.091605890494298365e+03 1.689714397099838228e-01 9.077703276212544026e+00 5.912753008157789480e+00 5.364784775453471655e-01 1.159925827272746401e+00 4.411300194368696914e-01 
6.080224261649427414e+09 2.046893697855455684e+04 1.493276366124398919e+03 1.398102092011871488e+18 3.624924091267761833e+04 1.244304698598867806e+36 1.058811938345703141e-01 2.162682567427016025e-06 2.664033074523113901e+05 7.726359072067148983e+07 7.038458924077312986e+03 1.644043605707967981e-01 9.195946977431134428e+00 5.916540600442981912e+00 5.362644268832469363e-01 1.159627340151316188e+00 4.413113967733735543e-01 
6.294988990221887589e+09 2.119193756293983461e+04 1.463199090021550319e+03 1.398102092011871488e+18 3.531955923638044624e+04 1.266356532408523572e+36 1.060700369523248088e-01 2.043964253361473920e-06 2.590624255757189821e+05 7.101011553182908893e+07 6.985011416038888456e+03 1.599658437044389203e-01 9.315393263469367469e+00 5.920168400688324617e+00 5.360588069727648675e-01 1.159336127685294704e+00 4.414883866175745020e-01 
6.517339604882420540e+09 2.194047586066944132e+04 1.433631773292949219e+03 1.398102092011871488e+18 3.441368945554052334e+04 1.288794442282560659e+36 1.062614705104268087e-01 1.931563309227567318e-06 2.519177762013704923e+05 6.525446850432796031e+07 6.931292167850083388e+03 1.556520229071705896e-01 9.436056964406013492e+00 5.923639460492712061e+00 5.358614332193326613e-01 1.159052020070592937e+00 4.416610837831153602e-01 
6.747544053110686302e+09 2.271545391085225128e+04 1.404570165593242336e+03 1.398102092011871488e+18 3.353102303035227669e+04 1.311625187510423098e+36 1.064554530452559988e-01 1.825159235945773640e-06 2.449644200015128008e+05 5.995787958746487647e+07 6.877329169322552843e+03 1.514591597225068142e-01 9.557953129214618926e+00 5.926956934913229169e+00 5.356721184294715998e-01 1.158774850972166037e+00 4.418295816013164123e-01 
6.985879746785234451e+09 2.351780561428119472e+04 1.376009829705803895e+03 1.398102092011871488e+18 3.267096691471778468e+04 1.334855645720912857e+36 1.066519419712600864e-01 1.724446571680599882e-06 2.381975266725713736e+05 5.508450947976798564e+07 6.823149603672930425e+03 1.473836387279164328e-01 9.681097025681388857e+00 5.930123708148077988e+00 5.354906895201078099e-01 1.158504457255426168e+00 4.419939717737002560e-01 
7.232633896483548164e+09 2.434849785884676749e+04 1.347946155232303909e+03 1.398102092011871488e+18 3.183294316428866296e+04 1.358492814954039582e+36 1.068508966178910308e-01 1.629134281598245337e-06 2.316123732856152346e+05 5.060123712792036682e+07 6.768779852919141376e+03 1.434219630049697880e-01 9.805504140824163883e+00 5.933142733772135635e+00 5.353169721699191363e-01 1.158240679163515141e+00 4.421543444978122683e-01 
7.488103857590030670e+09 2.520853168470170567e+04 1.320374371493878925e+03 1.398102092011871488e+18 3.101638855431428237e+04 1.382543815769127501e+36 1.070522780966921689e-01 1.538945164881595630e-06 2.252043426269280317e+05 4.647746171902789176e+07 6.714245507543836538e+03 1.395707497997101254e-01 9.931190181172198095e+00 5.936017020675407707e+00 5.351507913941808692e-01 1.157983360272420104e+00 4.423107884618205365e-01 
7.752597488629464149e+09 2.609894349058245643e+04 1.293289559736495448e+03 1.398102092011871488e+18 3.022075420705416764e+04 1.407015893389856689e+36 1.072560465931170354e-01 1.453615279140454146e-06 2.189689215298154741e+05 4.268491826919772476e+07 6.659571370634826053e+03 1.358267263633443078e-01 1.005817107293178836e+01 5.938749333811077946e+00 5.349919848546482726e-01 1.157732347261412498e+00 4.424633907299135305e-01 
8.026433522257173538e+09 2.702080628273913680e+04 1.266686665469363334e+03 1.398102092011871488e+18 2.944550522852199720e+04 1.431916419886838733e+36 1.074621643350733430e-01 1.372893382315388211e-06 2.129016991907133197e+05 3.919750595715449005e+07 6.604781468483580284e+03 1.321867259460952904e-01 1.018646296321137079e+01 5.941342525536590813e+00 5.348403879610683642e-01 1.157487490154989862e+00 4.426122369191513584e-01 
8.309941949353386879e+09 2.797523096798047845e+04 1.240560509585900036e+03 1.398102092011871488e+18 2.869012035433033452e+04 1.457252896398406678e+36 1.076705948031980858e-01 1.296540391600331720e-06 2.069983654783192324e+05 3.599112838558029383e+07 6.549899052713171841e+03 1.286476839966805008e-01 1.031608221810551562e+01 5.943799448941782693e+00 5.346958377024393361e-01 1.157248641939535139e+00 4.427574109850461181e-01 
8.603464416684492111e+09 2.896336769239142450e+04 1.214905799768143879e+03 1.398102092011871488e+18 2.795409160441298809e+04 1.483032955390294242e+36 1.078813008032012827e-01 1.224328860802127865e-06 2.012547092483835877e+05 3.304354505180428922e+07 6.494946610771648011e+03 1.252066344400621090e-01 1.044704542665632019e+01 5.946122746605134957e+00 5.345581819845186544e-01 1.157015658815033099e+00 4.428989954237713134e-01 
8.907354638610458374e+09 2.998640722733682196e+04 1.189717141026912486e+03 1.398102092011871488e+18 2.723692394640634302e+04 1.509264362954871649e+36 1.080942473252681640e-01 1.156042473983261089e-06 1.956666166405322438e+05 3.033423324338833243e+07 6.439945879298445107e+03 1.218607061745627385e-01 1.057936939934937470e+01 5.948315168289036947e+00 5.344272654023982660e-01 1.156788400068847755e+00 4.430370712177557069e-01 
9.221978823334341049e+09 3.104558240442070746e+04 1.164989045841343113e+03 1.398102092011871488e+18 2.653813496747679164e+04 1.535955021150623398e+36 1.083094000254551381e-01 1.091475556850897221e-06 1.902300693842043984e+05 2.784425972969237715e+07 6.384917855977206273e+03 1.186071196768323233e-01 1.071307116930170622e+01 5.950379404500282909e+00 5.343029366070599639e-01 1.156566727996035659e+00 4.431717178261233570e-01 
9.547716114208065033e+09 3.214216960113219830e+04 1.140715943836064980e+03 1.398102092011871488e+18 2.585725455438496283e+04 1.563112970382617940e+36 1.085267241848958952e-01 1.030432605045557584e-06 1.849411431038946903e+05 2.555616158613518253e+07 6.329882811227126695e+03 1.154431837489052204e-01 1.084816799296437395e+01 5.952317974079875285e+00 5.341850532437514287e-01 1.156350507779460690e+00 4.433030131494399839e-01 
9.884959046625585556e+09 3.327749027896596817e+04 1.116892191338770317e+03 1.398102092011871488e+18 2.519382458158501322e+04 1.590746391824618604e+36 1.087461874296282299e-01 9.727278291895565125e-07 1.797960056231717463e+05 2.345383554879519716e+07 6.274860303596607991e+03 1.123662923900151100e-01 1.098467735117827182e+01 5.954133524943467926e+00 5.340734685083055044e-01 1.156139607641569755e+00 4.434310336608108249e-01 
1.023411402105452728e+10 3.445291257587250584e+04 1.093512080116513062e+03 1.398102092011871488e+18 2.454739860715949180e+04 1.618863609883617296e+36 1.089677573991315873e-01 9.181847165066586749e-07 1.747909152786729101e+05 2.152243533303983510e+07 6.219869189401862059e+03 1.093739217980636003e-01 1.112261694992270478e+01 5.955828579387369537e+00 5.339680424313698603e-01 1.155933898630768786e+00 4.435558543165870060e-01 
1.059560179277614784e+10 3.566985295495660830e+04 1.070569845902017505e+03 1.398102092011871488e+18 2.391754157639657933e+04 1.647473094707515295e+36 1.091914017165877410e-01 8.666356086703854830e-07 1.699222192375663144e+05 1.974827637780364603e+07 6.164927630857241638e+03 1.064636274864100979e-01 1.126200472130403263e+01 5.957405533295097477e+00 5.338686418507541109e-01 1.155733254572660629e+00 4.436775485683495113e-01 
1.096985797892381859e+10 3.692977791141087800e+04 1.048059676716590729e+03 1.398102092011871488e+18 2.330382953282056405e+04 1.676583464736703750e+36 1.094170905223110363e-01 8.179212955744555151e-07 1.651863518201204424e+05 1.811874751239946857e+07 6.110053114828074285e+03 1.036330415111476888e-01 1.140285882481372859e+01 5.958866934701971374e+00 5.337751279867134491e-01 1.155537552209588981e+00 4.437961884901119869e-01 
1.135733358343102837e+10 3.823420573974131548e+04 1.025975720373395916e+03 1.398102092011871488e+18 2.270584933649131199e+04 1.706203489300320716e+36 1.096447932582506612e-01 7.718906247473495033e-07 1.605798328369842493e+05 1.662222907526142895e+07 6.055262472546040954e+03 1.008798698128501037e-01 1.154519764821350947e+01 5.960215134082194055e+00 5.336873719307542174e-01 1.155346670919329854e+00 4.439118446512364535e-01 
1.175849554052158165e+10 3.958470836341470567e+04 1.004312091940879441e+03 1.398102092011871488e+18 2.212319838939227702e+04 1.736342091257962741e+36 1.098744797631027031e-01 7.284001259939673434e-07 1.560992659323607222e+05 1.524801703818792291e+07 6.000571887254154717e+03 9.820188965713883000e-02 1.168903980881951021e+01 5.961452406428312756e+00 5.336052491688455524e-01 1.155160492748167345e+00 4.440245861808466143e-01 
1.217382727739661980e+10 4.098291322913170006e+04 9.830628809199774878e+02 1.398102092011871488e+18 2.155548436773225330e+04 1.767008349687629302e+36 1.101061225746791938e-01 6.873136509241203938e-07 1.517413369377649215e+05 1.398625272129545361e+07 5.945996895041257631e+03 9.559694717347480553e-02 1.183440415495531894e+01 5.962581202825185223e+00 5.335286283810909413e-01 1.154978902535527929e+00 4.441344808883225803e-01 
1.260382929679727364e+10 4.243050526801078377e+04 9.622221576080543173e+02 1.398102092011871488e+18 2.100232496098785123e+04 1.798211502620765772e+36 1.103396927669414856e-01 6.485020270313831641e-07 1.475028122443653410e+05 1.282785771044920012e+07 5.891552409298122257e+03 9.306295499518583980e-02 1.198130976696189443e+01 5.963603699981343986e+00 5.334573913812363788e-01 1.154801787559464055e+00 4.442415950940502012e-01 
1.304901978014401627e+10 4.392922892604320805e+04 9.417839795947083985e+02 1.398102092011871488e+18 2.046334761752122358e+04 1.829960949825149552e+36 1.105751623282680840e-01 6.118427258608730321e-07 1.433805371829378710e+05 1.176447360957321338e+07 5.837252740234088378e+03 9.059788998386106296e-02 1.212977595879021564e+01 5.964522060937625270e+00 5.333914215062085518e-01 1.154629037665831248e+00 4.443459937537950211e-01 
1.350993521198025131e+10 4.548089026626815030e+04 9.217423978682109009e+02 1.398102092011871488e+18 1.993818929660843060e+04 1.862266255636520783e+36 1.108125059199861900e-01 5.772195449154521560e-07 1.393714344193319848e+05 1.078840628826535493e+07 5.783111604431242085e+03 8.819979104169387019e-02 1.227982227961931194e+01 5.965338626015238788e+00 5.333305951226413599e-01 1.154460545354901280e+00 4.444477405575429363e-01 
1.398713102647235870e+10 4.708735914520045480e+04 9.020914621737158541e+02 1.398102092011871488e+18 1.942649622671964607e+04 1.895137151839781953e+36 1.110516962504704830e-01 5.445223029248362528e-07 1.354725023709399975e+05 9.892574306336890906e+06 5.729142143462659078e+03 8.586675701279808393e-02 1.243146851502254968e+01 5.966055415181800825e+00 5.332748036370431599e-01 1.154296205388900098e+00 4.445468977385743092e-01 
1.448118227674535942e+10 4.875057146613395889e+04 8.828252266032133093e+02 1.398102092011871488e+18 1.892792366989559741e+04 1.928583540600644784e+36 1.112927073949164375e-01 5.136465480039183960e-07 1.316808136327541433e+05 9.070461214785780758e+06 5.675356927545761209e+03 8.359694465716135947e-02 1.258473468884147906e+01 5.966674488763002770e+00 5.332239374746234883e-01 1.154135914994406598e+00 4.446435262430032953e-01 
1.499268432786047173e+10 5.047253151203469315e+04 8.639377547122397800e+02 1.398102092011871488e+18 1.844213569206890315e+04 1.962615497448585331e+36 1.115355157154942489e-01 4.844932783492224184e-07 1.279935134228864044e+05 8.316071456704490818e+06 5.621767971492814468e+03 8.138856670345707978e-02 1.273964106493871107e+01 5.967198046912021603e+00 5.331778816480324812e-01 1.153979573888111787e+00 4.447376857924401627e-01 
1.552225357427047920e+10 5.225531436083812150e+04 8.454231240294799363e+02 1.398102092011871488e+18 1.796880493918140928e+04 1.997243274312060919e+36 1.117800957220818348e-01 4.569686750751731214e-07 1.244078180499245937e+05 7.623889608454864472e+06 5.568386748644144973e+03 7.923988997915905330e-02 1.289620814859132913e+01 5.967627987355561991e+00 5.331365353004536844e-01 1.153827083917905449e+00 4.448294347138669336e-01 
1.607052818261638451e+10 5.410106838605718076e+04 8.272754307668022875e+02 1.398102092011871488e+18 1.750761241895424246e+04 2.032477302606829511e+36 1.120264233712373880e-01 4.309838467343173601e-07 1.209210133928868454e+05 6.988842717278540134e+06 5.515224211891135383e+03 7.714923360469924662e-02 1.305445668856674857e+01 5.967966261551739926e+00 5.330997959058283442e-01 1.153678349267699188e+00 4.449188301107995791e-01 
1.663816886076127434e+10 5.601201784571736789e+04 8.094887940742599994e+02 1.398102092011871488e+18 1.705824728816891002e+04 2.068328196378353732e+36 1.122744765968268638e-01 4.064545851665779749e-07 1.175304534026597103e+05 6.406265510990100913e+06 5.462290800496053635e+03 7.511496725733586566e-02 1.321440767904477021e+01 5.968214931907657395e+00 5.330675567121373470e-01 1.153533276455734446e+00 4.450059279094254472e-01 
1.722585965398783875e+10 5.799046556273759052e+04 7.920573597847378551e+02 1.398102092011871488e+18 1.662040664532218580e+04 2.104806755499224611e+36 1.125242316001569542e-01 3.833011322815063456e-07 1.142335586261218705e+05 5.871868269364048727e+06 5.409596458685001380e+03 7.313550950266370365e-02 1.337608236122609640e+01 5.968375778186976177e+00 5.330397241229511973e-01 1.153391774005672499e+00 4.450907827064047861e-01 
1.783430876931905746e+10 6.003879569998707302e+04 7.749753043332202651e+02 1.398102092011871488e+18 1.619379532852074226e+04 2.141923968922556573e+36 1.127756661117363668e-01 3.614479573410397617e-07 1.110278147451789846e+05 5.381707160282594152e+06 5.357150649971266830e+03 7.120932618271688663e-02 1.353950222558628624e+01 5.968450647287110833e+00 5.330162021952138396e-01 1.153253752651017150e+00 4.451734479394677813e-01 
1.846424942895546341e+10 6.215947663336250844e+04 7.582368382426388962e+02 1.398102092011871488e+18 1.577812571848455445e+04 2.179691017992351288e+36 1.130287595185110877e-01 3.408235443974884171e-07 1.079107711387858726e+05 4.932156859552402049e+06 5.304962368912912098e+03 6.933492886559460000e-02 1.370468901397819828e+01 5.968441467254439026e+00 5.329968919960499374e-01 1.153119125306399040e+00 4.452539759167673528e-01 
1.911644075385703659e+10 6.435506392634646909e+04 7.418362091892973922e+02 1.398102092011871488e+18 1.537311754653177741e+04 2.218119279811793454e+36 1.132834896092743543e-01 3.213601895010401692e-07 1.048800394680604659e+05 4.519885284710049629e+06 5.253040156016486435e+03 6.751087335441580128e-02 1.387166472145073826e+01 5.968349904574824727e+00 5.329817067303205258e-01 1.152987806771266666e+00 4.453324176836550019e-01 
1.979166867853557205e+10 6.662820340963515628e+04 7.257677052201565857e+02 1.398102092011871488e+18 1.497849770741979592e+04 2.257220330670566117e+36 1.135398357832991534e-01 3.029938072758174671e-07 1.019332922781219386e+05 4.141830284533889033e+06 5.201392106025444264e+03 6.573575824620027375e-02 1.404045159871421689e+01 5.968177705846696490e+00 5.329705566076670120e-01 1.152859713936602803e+00 4.454088231940264708e-01 
2.049074689815846252e+10 6.898163436954177450e+04 7.100256575530751206e+02 1.398102092011871488e+18 1.459400007692202416e+04 2.297005949532119685e+36 1.137977787737669139e-01 2.856637465319818628e-07 9.906826162387919612e+04 3.795178138687198982e+06 5.150025888751795719e+03 6.400822354558230454e-02 1.421107215436358651e+01 5.967926669115291460e+00 5.329633500881539865e-01 1.152734765723368193e+00 4.454832413188627438e-01 
2.121451784910627747e+10 7.141819284902134677e+04 6.946044430444071622e+02 1.398102092011871488e+18 1.421936533402117493e+04 2.337488121582021506e+36 1.140572978584151742e-01 2.693126145514619917e-07 9.628273771902137378e+04 3.477343731323952787e+06 5.098948761293561802e+03 6.232694933022119715e-02 1.438354915692457858e+01 5.967598352503674874e+00 5.329600067398634344e-01 1.152612882822425577e+00 4.455557197337635111e-01 
2.196385372416542435e+10 7.394081506529380567e+04 6.794984867843327265e+02 1.398102092011871488e+18 1.385434078760369266e+04 2.378679041838423451e+36 1.143183740009480476e-01 2.538861096771716329e-07 9.357456760305743956e+04 3.185952271922166459e+06 5.048167578319605127e+03 6.069065446052815394e-02 1.455790563750691291e+01 5.967194406303519827e+00 5.329604425366299969e-01 1.152493987900663930e+00 4.456263050890282296e-01 
2.273965752357932281e+10 7.655254094818393060e+04 6.647022642959312861e+02 1.398102092011871488e+18 1.349868020754260760e+04 2.420591118825745166e+36 1.145809891869611352e-01 2.393328618939747871e-07 9.094165383287376608e+04 2.918822446832714602e+06 4.997688800982077737e+03 5.909809533813076277e-02 1.473416489217220793e+01 5.966716503920609149e+00 5.329645728904131019e-01 1.152378005510207082e+00 4.456950429992246332e-01 
2.354286414322420120e+10 7.925651780344039435e+04 6.502103034776439472e+02 1.398102092011871488e+18 1.315214366005897136e+04 2.463236978312647915e+36 1.148451240891524561e-01 2.256042810637060361e-07 8.838195319731945347e+04 2.673950892673500348e+06 4.947518506715129661e+03 5.754806470959386577e-02 1.491235048419336273e+01 5.966166100094204339e+00 5.329723233193023324e-01 1.152264861863521173e+00 4.457619779505337387e-01 
2.437444150122221756e+10 8.205600410545332124e+04 6.360171866523563722e+02 1.398102092011871488e+18 1.281449734725405870e+04 2.506629467115506165e+36 1.151107611308763434e-01 2.126544124780092053e-07 8.589347545075055677e+04 2.449497890498786233e+06 4.897662406233826914e+03 5.603939050949902079e-02 1.509248624689180218e+01 5.965544752339714485e+00 5.329836152195672749e-01 1.152154485038092258e+00 4.458271534688612037e-01 
2.523539170434766006e+10 8.495437342393431754e+04 6.221175522424896371e+02 1.398102092011871488e+18 1.248551345070850584e+04 2.550781656968414665e+36 1.153778834707157308e-01 2.004397994406696839e-07 8.347428207130360533e+04 2.243774187837181613e+06 4.848125853013222695e+03 5.457093474690529605e-02 1.527459628614734655e+01 5.964854015840102441e+00 5.329983704934241340e-01 1.152046804858711138e+00 4.458906120915279159e-01 
2.612675225563326645e+10 8.795511848929563712e+04 6.085060962405503915e+02 1.398102092011871488e+18 1.216496997904572345e+04 2.595706848460975944e+36 1.156464728046908697e-01 1.889193525695414387e-07 8.112248504197807051e+04 2.055228861882317113e+06 4.798913860048452079e+03 5.314159243163676938e-02 1.545870498283649219e+01 5.964095217814557870e+00 5.330165215075444163e-01 1.151941752682964726e+00 4.459523952790524493e-01 
2.704959730463131714e+10 9.106185540162588586e+04 5.951775738548591335e+02 1.398102092011871488e+18 1.185265061936029815e+04 2.641418575045029046e+36 1.159165138974777853e-01 1.780542255115691580e-07 7.883624565023269679e+04 1.882438143439635169e+06 4.750031104972867979e+03 5.175029053458624073e-02 1.564483699601155386e+01 5.963269927832843820e+00 5.330379902830090222e-01 1.151839261729429520e+00 4.460125436575508862e-01 
2.800503894183625412e+10 9.427832798833430570e+04 5.821268005675362929e+02 1.398102092011871488e+18 1.154834459241427248e+04 2.687930607111518102e+36 1.161879897641330817e-01 1.678076968201177857e-07 7.661377331493783277e+04 1.724095128029342741e+06 4.701481945606310546e+03 5.039598698940186278e-02 1.583301726518893560e+01 5.962379461209346587e+00 5.330627104361933544e-01 1.151739266653168281e+00 4.460710968012477906e-01 
2.899422853882881165e+10 9.760841231571562821e+04 5.693478850040684165e+02 1.398102092011871488e+18 1.125184651150656282e+04 2.735256956138753040e+36 1.164436875507531555e-01 1.581450853871621454e-07 7.445333318064831838e+04 1.579000766974264756e+06 4.653270764676773069e+03 4.907767843122771978e-02 1.602326915275756392e+01 5.959663990852797077e+00 5.331685305090000382e-01 1.151640294320533275e+00 4.461272297610865412e-01 
3.001835813575592041e+10 1.010561213598696631e+05 5.568268699983520946e+02 1.398102092011871488e+18 1.096295624492343995e+04 2.783411878913257804e+36 1.164875111717540990e-01 1.490338949554005647e-07 7.235333095362254244e+04 1.446059213822538033e+06 4.605405425870120780e+03 4.779448782787157346e-02 1.621559410373074783e+01 5.935132006661921089e+00 5.342429942028730228e-01 1.151525554514454930e+00 4.461705799265489047e-01 
3.107866187782014084e+10 1.046256098426103417e+05 5.445556379579586519e+02 1.398102092011871488e+18 1.068147878187943570e+04 2.832409881824582328e+36 1.162821870333540508e-01 1.404432153049099123e-07 7.031215470851449936e+04 1.324261235256840009e+06 4.557889775064676542e+03 4.654550346439396274e-02 1.641000474787290386e+01 5.885302251783114613e+00 5.364583340135197220e-01 1.151387918369158436e+00 4.461964824216631542e-01 
3.217641750250735474e+10 1.083211792381840496e+05 5.325275237500256935e+02 1.398102092011871488e+18 1.040722410186159868e+04 2.882265725235243239e+36 1.158574648179069577e-01 1.323438260093436878e-07 6.832823449889442418e+04 1.212680462421995588e+06 4.510700889487484346e+03 4.532984008859220620e-02 1.660651232150494039e+01 5.813665365163057430e+00 5.396928547786862262e-01 1.151222661746490239e+00 4.462010584783474565e-01 
3.331294787934670258e+10 1.121472829568364541e+05 5.207423581583534542e+02 1.398102092011871488e+18 1.014000704729090467e+04 2.932994427927202013e+36 1.153357054851176233e-01 1.247080018870441741e-07 6.639999353871354833e+04 1.110464945485196076e+06 4.463794720689583301e+03 4.414658004387970319e-02 1.680514225086790603e+01 5.732950657475756273e+00 5.434026438892044508e-01 1.151038021287961621e+00 4.461873504491501996e-01 
3.448962260405752563e+10 1.161085317114720528e+05 5.091961106310129708e+02 1.398102092011871488e+18 9.879647199417495358e+03 2.984611271626186628e+36 1.147501171258968056e-01 1.175096512084066492e-07 6.452593835493141523e+04 1.016834707828600542e+06 4.417300165227828984e+03 4.299487832613806820e-02 1.700590776695010931e+01 5.646697878596685705e+00 5.474443339433374689e-01 1.150834985443477620e+00 4.461538068333312790e-01 
3.570785964900469971e+10 1.202096990738745080e+05 4.978824254845838482e+02 1.398102092011871488e+18 9.625968757368280421e+03 3.037131805605229134e+36 1.140980689197001879e-01 1.107242087837083997e-07 6.270465081484286202e+04 9.310753626587567851e+05 4.371254543144573290e+03 4.187395194873678311e-02 1.720881053193739163e+01 5.554833666002973125e+00 5.518386341404866169e-01 1.150609864063963927e+00 4.460953561265043055e-01 
3.696912707195031738e+10 1.244557272271805268e+05 4.867947665752067792e+02 1.398102092011871488e+18 9.378800420267580193e+03 3.090571851368766214e+36 1.133753710283881833e-01 1.043285161047148173e-07 6.093477535854560847e+04 8.525321000679794233e+05 4.325722333074589187e+03 4.078306745264282523e-02 1.741384181099550332e+01 5.457151842455264301e+00 5.566150659929579581e-01 1.150358601477540876e+00 4.460053735723560897e-01 
3.827494478516314697e+10 1.288517329215466016e+05 4.759263461397811170e+02 1.398102092011871488e+18 9.137975272352965476e+03 3.144947507418815059e+36 1.125775932504589349e-01 9.830077041777842169e-08 5.921500995615385909e+04 7.806048113263985142e+05 4.280801137391025804e+03 3.972151214026161531e-02 1.762099179634670421e+01 5.353449794606795820e+00 5.618059016363249336e-01 1.150076400913697672e+00 4.458759624990847881e-01 
3.962688638701478577e+10 1.334030136401759228e+05 4.652701922157975787e+02 1.398102092011871488e+18 8.903330671011332015e+03 3.200275154104525574e+36 1.116991123611883047e-01 9.262044295459958705e-08 5.754413163721987803e+04 7.147437888464820571e+05 4.236669563345711140e+03 3.868864712236314007e-02 1.783022960506442800e+01 5.243439872951551450e+00 5.674514487196185009e-01 1.149758421568680244e+00 4.456965710685428794e-01 
4.102658105827190399e+10 1.381150539831432106e+05 4.548190959352127720e+02 1.398102092011871488e+18 8.674708137661114961e+03 3.256571458556672027e+36 1.107340212453788164e-01 8.726823547376326525e-08 5.592099445985651982e+04 6.544456364455185831e+05 4.193665117046169144e+03 3.768389091308335659e-02 1.804150690684194913e+01 5.126843719086133788e+00 5.735959841807490855e-01 1.149399638627367271e+00 4.454538522800562395e-01 
4.247571552536894226e+10 1.429935322767076432e+05 4.445656498803951422e+02 1.398102092011871488e+18 8.451953251409004224e+03 3.313853379708532709e+36 1.096758118086173378e-01 8.222605292721856654e-08 5.434453264079237124e+04 5.992496612723907456e+05 4.152571174445036377e+03 3.670670536960932845e-02 1.825476258229408799e+01 5.003368267963542060e+00 5.802897545481447983e-01 1.148995031107487019e+00 4.451314510923440326e-01 
4.397603609302712250e+10 1.480443274160786241e+05 4.345023558092455573e+02 1.398102092011871488e+18 8.234915545411107814e+03 3.372138173404663466e+36 1.085171067534975581e-01 7.747694806668306201e-08 5.281378918847523164e+04 5.487345783775279997e+05 4.108956980352621940e+03 3.575664416749982366e-02 1.846990151650562240e+01 4.872686834341148021e+00 5.875912883554944566e-01 1.148540606257721697e+00 4.447083453699636757e-01 
4.552935074866938019e+10 1.532735259498809755e+05 4.246216564816269852e+02 1.398102092011871488e+18 8.023448405870264651e+03 3.431443397599124064e+36 1.072501902371646304e-01 7.300511909441531408e-08 5.132791070222178678e+04 5.025154236402287497e+05 4.062192580949737476e+03 3.483330809778307363e-02 1.868681180156482569e+01 4.734497845824666484e+00 5.955651850747826215e-01 1.148033509705461475e+00 4.441590735865090789e-01 
4.713753134116728973e+10 1.586874294148568588e+05 4.149161324247749576e+02 1.398102092011871488e+18 7.817408973602912738e+03 3.491786917644716366e+36 1.058667512037065189e-01 6.879586482161602868e-08 4.988618685388802987e+04 4.602408245807118947e+05 4.016646704856681026e+03 3.393640761057604982e-02 1.890533630896596762e+01 4.588507267784092569e+00 6.042846617342801929e-01 1.147473744331053203e+00 4.434514717210554791e-01 
4.880251583654433441e+10 1.642925619296397781e+05 4.053787596499606138e+02 1.398102092011871488e+18 7.616658048110733944e+03 3.553186911674788565e+36 1.043578051883454622e-01 6.483562703633526092e-08 4.848804684488423663e+04 4.215905829353649169e+05 3.972351465168967479e+03 3.306569314880751509e-02 1.912530488067237400e+01 4.434434617847275995e+00 6.138328561434471808e-01 1.146865139129292332e+00 4.425473084462004936e-01 
5.052631065335679626e+10 1.700956780567612732e+05 3.960032587505817219e+02 1.398102092011871488e+18 7.421059994093413479e+03 3.615661876079332672e+36 1.027138254399498490e-01 6.111196336109804302e-08 4.713310776843984786e+04 3.862734055681692553e+05 3.929482985746880331e+03 3.222101871345025431e-02 1.934650677769448279e+01 4.272033697949455089e+00 6.243038818081972918e-01 1.146218105194654724e+00 4.413997277349365200e-01 
5.231099308056258392e+10 1.761037709423515189e+05 3.867846453472628241e+02 1.398102092011871488e+18 7.230482650341265980e+03 3.679230631076888799e+36 1.009248073009671870e-01 5.761360623696574119e-08 4.582118304259193246e+04 3.540249365016116062e+05 3.888410212530856370e+03 3.140227470057967152e-02 1.956872880596773001e+01 4.101112982021944298e+00 6.358040289271317258e-01 1.145552214360389787e+00 4.399538047213372161e-01 
5.415871378079464722e+10 1.823240807433523296e+05 3.777201082287896838e+02 1.398102092011871488e+18 7.044797240947209502e+03 3.743912326384033000e+36 9.898026961396756696e-02 5.433051941430691678e-08 4.455230989750682056e+04 3.246060263939620345e+05 3.849810946666493692e+03 3.060934913410231009e-02 1.979178907557617251e+01 3.921550782971810811e+00 6.484541568468655814e-01 1.144900608929424912e+00 4.381466796330476532e-01 
5.607169938205469513e+10 1.887641033523953229e+05 3.688101505063061154e+02 1.398102092011871488e+18 6.863878288779533250e+03 3.809726446984121000e+36 9.686930176414111637e-02 5.125398621707745722e-08 4.332676936074373225e+04 2.978012049371763715e+05 3.814941460782501508e+03 2.984204279554790451e-02 2.001560696471527478e+01 3.733317437947691442e+00 6.623923894115620881e-01 1.144315547607371197e+00 4.359091375131692869e-01 
5.805225516094907379e+10 1.954315994308546942e+05 3.600600378800872363e+02 1.398102092011871488e+18 6.687603531158333681e+03 3.876692818997001426e+36 9.458101181047760819e-02 4.837671018369562222e-08 4.214509243078363943e+04 2.734172037403583527e+05 3.786375134763602546e+03 2.909993209074058715e-02 2.024032016761755060e+01 3.536531083007617760e+00 6.777749986087303613e-01 1.143875210086062966e+00 4.331692391984549029e-01 
6.010276782070388031e+10 2.023346037609718624e+05 3.514818183330417583e+02 1.398102092011871488e+18 6.515853837679570461e+03 3.944831615651559753e+36 9.210474505940167977e-02 4.569295748605446506e-08 4.100805208343579579e+04 2.512817250063730171e+05 3.771114343751117758e+03 2.838215890764389168e-02 2.046647308126740228e+01 3.331494395144610099e+00 6.947797033833430502e-01 1.143692773465767809e+00 4.298588997255523569e-01 
6.222570836730231476e+10 2.094814349283066986e+05 3.430968708943353249e+02 1.398102092011871488e+18 6.348513130132750121e+03 4.014163363362758775e+36 8.943061982032307622e-02 4.319871810477187231e-08 3.991662298613591702e+04 2.312422291486762988e+05 3.813020111982337767e+03 2.768712054350315824e-02 2.069530613373363792e+01 3.118754216300709370e+00 7.136081673966871985e-01 1.143927452889041518e+00 4.259246829272583801e-01 
6.442363508721369934e+10 2.168807053461946489e+05 3.349392184518358704e+02 1.398102092011871488e+18 6.185468304458941020e+03 4.084708947915104688e+36 8.655015865250506590e-02 4.089187592847374537e-08 3.887191227497954242e+04 2.131647729567885108e+05 3.676369332006908280e+03 2.701207570356675691e-02 2.092915526056516740e+01 2.899160628478008928e+00 7.344899844255505794e-01 1.144798780486636858e+00 4.213429176631467987e-01 
6.669919663030114746e+10 2.245413316342855105e+05 3.270595377665364367e+02 1.398102092011871488e+18 6.026609154697521262e+03 4.156489620754371648e+36 8.345721812530028372e-02 3.877238030704391126e-08 3.787502851692231343e+04 1.969327420731978782e+05 3.641266062835043158e+03 2.635261494394415885e-02 2.117201606297079408e+01 2.673935134212874321e+00 7.576870275150808798e-01 1.146603465016083456e+00 4.161410356775795960e-01 
6.905513520162316895e+10 2.324725453636709426e+05 3.195300290808842192e+02 1.398102092011871488e+18 5.871828298871290826e+03 4.229527005389476129e+36 8.014913468627087034e-02 3.684238705440216762e-08 3.692688810503926652e+04 1.824454205110150797e+05 3.642071615922132878e+03 2.570204296300842087e-02 2.143027505759600615e+01 2.444730489075528812e+00 7.835001872925685396e-01 1.149736003555069663e+00 4.104244733387685806e-01 
7.149428986597561646e+10 2.406839041815500532e+05 3.124501985902754200e+02 1.398102092011871488e+18 5.721021106760797920e+03 4.303843103906428966e+36 7.662811109722872382e-02 3.510630847956798133e-08 3.602797488008101936e+04 1.696162711738883809e+05 3.708678688287959631e+03 2.505080370471157725e-02 2.171355659775746361e+01 2.213669929535515113e+00 8.122807622864026689e-01 1.154714697046171690e+00 4.044062338420690295e-01 
7.401959996915652466e+10 2.491853033288398583e+05 3.059538108873359192e+02 1.398102092011871488e+18 5.574085629519977374e+03 4.379460303596349080e+36 7.290272889489121666e-02 3.357076111436824463e-08 3.517804242218143190e+04 1.583708878777185746e+05 3.604340168256255765e+03 2.438602933989398105e-02 2.203568046744164732e+01 1.983347189744059769e+00 8.444504372555127203e-01 1.162214847507262228e+00 3.984386691334264596e-01 
7.663410868007463074e+10 2.579869875646030414e+05 3.002163700957059973e+02 1.398102092011871488e+18 5.430922531086516756e+03 4.456401383699464428e+36 6.898974905137754410e-02 3.224428585137638888e-08 3.437579835759246635e+04 1.486442285333694599e+05 3.651996285834044102e+03 2.369151818066170603e-02 2.241557572514799190e+01 1.756783911284885757e+00 8.805315783056171242e-01 1.173109501595644755e+00 3.930418566229152977e-01 
7.934096665797491455e+10 2.670995635116797057e+05 2.954655840074457842e+02 1.398102092011871488e+18 5.291435021341166248e+03 4.534689522267277777e+36 6.491520066940480171e-02 3.113697405091410603e-08 3.361860831329158100e+04 1.403778645540730213e+05 3.650649352000784347e+03 2.294827596511973128e-02 2.287815366536646522e+01 1.537287649862154160e+00 9.212056851578694916e-01 1.188529836656249117e+00 3.889323742200641587e-01 
8.214343584919421387e+10 2.765340124383788789e+05 2.919929778308307391e+02 1.398102092011871488e+18 5.155528790971979106e+03 4.614348303144793920e+36 6.071539354596295485e-02 3.025981642483582196e-08 3.290226110183497804e+04 1.335163738877987780e+05 3.792352803747207872e+03 2.213595275195833628e-02 2.345496216356550434e+01 1.328261483321656611e+00 9.673963485974879095e-01 1.209941953179203056e+00 3.870511021462023638e-01 
8.504489341802668762e+10 2.863017034916478442e+05 2.901708378716147081e+02 1.398102092011871488e+18 5.023111947999969743e+03 4.695401723075009560e+36 5.643656202265975863e-02 2.962409058439272332e-08 3.222079906956955892e+04 1.280040849114925222e+05 3.778926743527843428e+03 2.123494632794664314e-02 2.418490077142959649e+01 1.132932688238707852e+00 1.020398825681088084e+00 1.239258280715440419e+00 3.886114140736218192e-01 
8.804883581643446350e+10 2.964144073976607760e+05 2.904751669862976087e+02 1.398102092011871488e+18 4.894094955924082569e+03 4.777874198927803892e+36 5.213332312446138789e-02 2.924083995414592983e-08 3.156640841810785423e+04 1.237820042998345452e+05 3.883067972768657455e+03 2.022893155084234604e-02 2.511525736273533127e+01 9.540642382800473831e-01 1.082057011692061810e+00 1.278988695281411569e+00 3.951907761752035397e-01 
9.115888299750837708e+10 3.068843106463386212e+05 2.935198450719549328e+02 1.398102092011871488e+18 4.768390573444406982e+03 4.861790575055382714e+36 4.786560221599614473e-02 2.912082930795422834e-08 3.092927750835394181e+04 1.207858359925713157e+05 4.082796822134459035e+03 1.910701575532612606e-02 2.630393777944831157e+01 7.936914772003511587e-01 1.154997948487680226e+00 1.332450679436655516e+00 4.089193827541022785e-01 
9.437878277775390625e+10 3.177240301768856589e+05 3.001078869077906575e+02 1.398102092011871488e+18 4.645913795723568001e+03 4.947176130776454830e+36 4.369443680059185292e-02 2.927534696665635334e-08 3.029725528381786353e+04 1.189454497583291231e+05 4.233556172644684921e+03 1.786467347277031353e-02 2.782432619607964952e+01 6.529468267418554461e-01 1.242924774291541690e+00 1.404056137077175803e+00 4.328573390692289635e-01 
9.771241535346501160e+10 3.289466285820596968e+05 3.113105792238974914e+02 1.398102092011871488e+18 4.526581797147086945e+03 5.034056587991541494e+36 3.967732857735934565e-02 2.971839557071464205e-08 2.965505335289531286e+04 1.181861442855707137e+05 4.140419023278171153e+03 1.650281551671676367e-02 2.977539336145444793e+01 5.320115088746657506e-01 1.350972012320165172e+00 1.499701905768270116e+00 4.717471827775490123e-01 
1.011637979766206970e+11 3.405656298494713847e+05 3.285957112738272485e+02 1.398102092011871488e+18 4.410313875544866278e+03 5.122458118931506762e+36 3.586404577634156460e-02 3.047121903988684337e-08 2.898250192587959464e+04 1.184317640110596258e+05 4.277458288083360458e+03 1.502467428561123086e-02 3.230254883905169550e+01 4.302037437727804781e-01 1.486132939754444493e+00 1.627303516014014573e+00 5.335860416470195045e-01 
1.047370897959448700e+11 3.525950356589027215e+05 3.540474495558391368e+02 1.398102092011871488e+18 4.297031397836482938e+03 5.212407354041799796e+36 3.229368814747916872e-02 3.157127476759298285e-08 2.825080331825881149e+04 1.196094284468121332e+05 4.474768174062655817e+03 1.343035714047701758e-02 3.564257407814272227e+01 3.461810608331130079e-01 1.657758284770320278e+00 1.797509528710421023e+00 6.332172090349061921e-01 
1.084365968689608612e+11 3.650493422552746488e+05 3.907821291104501142e+02 1.398102092011871488e+18 4.186657747064213254e+03 5.303931390004723097e+36 2.899347916783324638e-02 3.309141824771414607e-08 2.741414849798051364e+04 1.216557491039547167e+05 5.321882704171367550e+03 1.170836295227510072e-02 4.023052365318920209e+01 2.782197202541317749e-01 1.878075753475369813e+00 2.024608336841316802e+00 8.017379671798883223e-01 
1.122667773510811310e+11 3.779435579175997991e+05 4.438453289394226431e+02 1.398102092011871488e+18 4.079118270778449642e+03 5.397057797902146269e+36 2.597937899516934365e-02 3.518901323189046874e-08 2.638802819155730685e+04 1.245249922851295123e+05 5.170702959012856809e+03 9.819762958128797764e-03 4.700389638997987163e+01 2.245684251276243437e-01 2.162293026069958213e+00 2.327288730251346305e+00 1.116796959546578316e+00 
1.162322468679849396e+11 3.912932210449700360e+05 5.226284949310195316e+02 1.398102092011871488e+18 3.974340230741188861e+03 5.491814631521138076e+36 2.325840209198687045e-02 3.827482123704707659e-08 2.497713528163876981e+04 1.282030309027955373e+05 5.484157018449800489e+03 7.656001008982348671e-03 5.857014410060628506e+01 1.840650857796759798e-01 2.525476959026109913e+00 2.726514219277717643e+00 1.839629313368849717e+00 
1.203377840777590485e+11 4.051144188813767978e+05 6.508209702896751878e+02 1.398102092011871488e+18 3.872252753914014647e+03 5.588230435805014920e+36 2.083371170859968022e-02 4.406696041445944872e-08 2.246322286580930086e+04 1.327478992074800190e+05 5.715146017446661062e+03 4.837159155841589363e-03 8.774256733831511212e+01 1.590584555618972384e-01 2.945437329799498904e+00 3.207608595864946732e+00 4.727262050569902563e+00 
1.245883364295008087e+11 4.194238069019177929e+05 9.052919443166646261e+02 1.398102092011871488e+18 3.772786784698012070e+03 5.686334255452287939e+36 1.872722916512470706e-02 1.617776249989731288e-07 6.329438616773354624e+03 1.373175807249094069e+05 4.899675019683325417e+01 2.947571825081721531e-05 5.622870428722289704e-01 4.426748954846568274e-01 1.199193574629449088e+00 1.317987836056981443e+00 6.024295787740686414e+00 
1.289890261253308105e+11 4.342386288837771863e+05 9.722228562279764219e+02 1.398102092011871488e+18 3.675875038393564864e+03 5.786155643666293724e+36 1.686414541558167376e-02 2.174206113049812175e-07 4.742116312257360732e+03 1.382660034954792063e+05 7.979488299269393181e+00 9.223657500801619996e-06 3.457978245862895761e-02 4.627995510463020490e-01 1.027822253620210402e+00 1.117068523039930428e+00 1.137924658754930318e+00 
1.335451562929897461e+11 4.495767376861328958e+05 9.921041542668434658e+02 1.398102092011871488e+18 3.581451955849259321e+03 5.887724671057856289e+36 1.514786215519331111e-02 2.465212030896034163e-07 4.213243915840397676e+03 1.392878954138593399e+05 3.865709540314402393e+00 5.705356718040280178e-06 1.105225210221091187e-02 4.059277034749123603e-01 9.947031857341925853e-01 1.066860168201592574e+00 5.367220483849817203e-01 
1.382622173764653625e+11 4.654566167640572530e+05 9.943081990222062814e+02 1.398102092011871488e+18 3.489453659269441687e+03 5.991071934703911081e+36 1.356550534527209244e-02 2.691391112349133030e-07 3.902330376269438148e+03 1.408456193956301722e+05 2.473054796448059811e+00 4.152241114853522584e-06 5.287283733136136261e-03 3.394969070233749830e-01 9.848604934881580730e-01 1.043209956470404709e+00 3.151073375642703400e-01 
1.431458937523481445e+11 4.818974024423280498e+05 9.871996086756569184e+02 1.398102092011871488e+18 3.399817909151011918e+03 6.096228567364702531e+36 1.211327419947068849e-02 2.896519483804922575e-07 3.682662059844071791e+03 1.430476795610580884e+05 1.809855676272611458e+00 3.242622734551576605e-06 3.035597317921737669e-03 2.770602040604654426e-01 9.827840105085363653e-01 1.029644162137270058e+00 2.040777090219050849e-01 
1.482020705798860168e+11 4.989189069759823033e+05 9.746025634173400931e+02 1.398102092011871488e+18 3.312484062320746489e+03 6.203226246862298807e+36 1.078825826141462454e-02 3.098314286617125221e-07 3.511621088208577476e+03 1.459068271705754451e+05 1.437168331527358678e+00 2.628359402005146585e-06 1.929530468151641632e-03 2.226039321415803629e-01 9.837086226365944208e-01 1.021056147952252857e+00 1.395838144634462263e-01 
1.534368408930013123e+11 5.165416424254307058e+05 9.586145103308787156e+02 1.398102092011871488e+18 3.227393031044998224e+03 6.312097205623422509e+36 9.586421955590038874e-03 3.305737881396119983e-07 3.370064156778926645e+03 1.493994775688110094e+05 1.206546434180857386e+00 2.177375673056277140e-06 1.306585473493884590e-03 1.769039552700899243e-01 9.857332342090254773e-01 1.015292305696348985e+00 9.876608817068067980e-02 
1.588565129428052673e+11 5.347868453748654574e+05 9.405040369449442323e+02 1.398102092011871488e+18 3.144487243184645649e+03 6.422874240389232348e+36 8.502203016361155330e-03 3.523940294539109256e-07 3.247915594939487164e+03 1.534884752006996423e+05 1.054762966303571137e+00 1.828407258246548214e-06 9.226922204890198589e-04 1.394586997787852223e-01 9.880197607555467609e-01 1.011274806910751112e+00 7.147747628224671024e-02 
# Non-converged_fits = 0