# Sigma0 	Teff 	Mdot 	F 	z0r 	rho_c 	T_c 	P_c 	tau 	PradPgas_c 	varkappa_c 	Pi1 	Pi2 	Pi3 	Pi4
# All values are in CGS units.
# M = 1.005829e+01 Msun, alpha = 0.1, r = 1.000000e+10 cm, r = 3366.4773037502728 rg, structure = BellLin, mu = 0.62
3.704146385557636023e+01 1.000000000000000000e+04 3.668230432466068000e+15 1.300206946403600972e+34 1.519762154839818420e-02 2.064941071158063581e-07 4.727821619676591217e+04 1.309215807110225549e+06 1.213313251815598051e+03 9.624160549242271115e-03 6.407033710437798391e+01 4.816412309465656350e+00 5.901669133024317615e-01 1.145826442805627288e+00 4.453198946707582206e-01 
3.658686262045163318e+01 9.954061083088736268e+03 3.601287680866792000e+15 1.276479039380531251e+34 1.510466273245877553e-02 2.046333420111606913e-07 4.699137552379044064e+04 1.289546628823774401e+06 1.205921762649034463e+03 9.535980429259729649e-03 6.446424453648013753e+01 4.787131184502277037e+00 5.918446749299848264e-01 1.145707630796592769e+00 4.451884804884301827e-01 
3.613764621466798133e+01 9.908333204586158899e+03 3.535566589704101000e+15 1.253184150788293005e+34 1.501148938753901416e-02 2.027899265140348093e-07 4.670636705549257749e+04 1.270179097126382636e+06 1.198581073997279873e+03 9.448636924369001322e-03 6.486045432197698801e+01 4.757518403188802480e+00 5.935532738964404142e-01 1.145585864236519535e+00 4.450503882692522506e-01 
3.569374930870859686e+01 9.862815395004698075e+03 3.471044864492265000e+15 1.230314378330193858e+34 1.491809239216514843e-02 2.009637395459373299e-07 4.642318617449969315e+04 1.251108985632798867e+06 1.191291294115738992e+03 9.362124319215544069e-03 6.525896721596738814e+01 4.727568829917399462e+00 5.952935505251460979e-01 1.145461196773151613e+00 4.449052009664627994e-01 
3.525510390030463270e+01 9.817506689310463116e+03 3.407700617604948500e+15 1.207861963921150179e+34 1.482448592663487136e-02 1.991546731593080415e-07 4.614182210163702985e+04 1.232332032974444330e+06 1.184052501820461202e+03 9.276432622624640467e-03 6.565980950479915634e+01 4.697292833170671145e+00 5.970653382074978532e-01 1.145333411790638189e+00 4.447528659905391479e-01 
3.482164947232828212e+01 9.772406126902860706e+03 3.345512360850403500e+15 1.185819291055958589e+34 1.473064055285882093e-02 1.973626071672676416e-07 4.586227543621839868e+04 1.213844255546010332e+06 1.176865826329271385e+03 9.191559353454779521e-03 6.606296336408853165e+01 4.666672034925907653e+00 5.988703860927213629e-01 1.145202796616046070e+00 4.445926747918731436e-01 
3.439332024561756640e+01 9.727512751594169458e+03 3.284458998181975000e+15 1.164178882225529005e+34 1.463656570614979731e-02 1.955874367624829486e-07 4.558453719922632445e+04 1.195641554889942287e+06 1.169731435644972635e+03 9.107495586211851804e-03 6.646844939818413422e+01 4.635713794728059334e+00 6.007087611313792763e-01 1.145069198007848232e+00 4.444244696232308445e-01 
3.397005490735966760e+01 9.682825611589285472e+03 3.224519818541743000e+15 1.142933396380309058e+34 1.454224928698010476e-02 1.938290621326478953e-07 4.530860241418718942e+04 1.177720015779499896e+06 1.162650157828335296e+03 9.024234639401045033e-03 6.687627569704703490e+01 4.604411508058571023e+00 6.025814715297924673e-01 1.144932683996096268e+00 4.442478974443364592e-01 
3.355179154876131520e+01 9.638343759465578842e+03 3.165674488834778000e+15 1.122075626440003164e+34 1.444768814925176913e-02 1.920873809477372967e-07 4.503446595197756687e+04 1.160075747761412058e+06 1.155622937732348191e+03 8.941769912876510948e-03 6.728644989716894997e+01 4.572764362885044953e+00 6.044891711002990942e-01 1.144793273897358299e+00 4.440625877309087866e-01 
3.313846638476793771e+01 9.594066252152739253e+03 3.107903047031484000e+15 1.101598496848693405e+34 1.435289225237448146e-02 1.903622742679846103e-07 4.476212417391491181e+04 1.142704842793397140e+06 1.148649567844314333e+03 8.860096520686536886e-03 6.769896797280266298e+01 4.540779787394325417e+00 6.064319873433645647e-01 1.144650935326728236e+00 4.438679960347511888e-01 
3.273002265224440777e+01 9.549992150912858051e+03 3.051185895396002500e+15 1.081495061174641884e+34 1.425783763622095329e-02 1.886536771308402357e-07 4.449156987786366517e+04 1.125603669486824889e+06 1.141731713913029580e+03 8.779205000084425517e-03 6.811385803746019008e+01 4.508444234675382134e+00 6.084114389541195322e-01 1.144505753999922160e+00 4.436640103851727801e-01 
3.232640080444345898e+01 9.506120521320448461e+03 2.995503793837994500e+15 1.061758499753825932e+34 1.416252380583808007e-02 1.869614832130629662e-07 4.422280160998764768e+04 1.108768535125183640e+06 1.134871062645307575e+03 8.699091277371307288e-03 6.853111195489739771e+01 4.475758522807924855e+00 6.104281598668953590e-01 1.144357849856389553e+00 4.434500030574908824e-01 
3.192754436682657726e+01 9.462450433242707732e+03 2.940837853385944000e+15 1.042382117376544842e+34 1.406693483872188677e-02 1.852856237601070293e-07 4.395581359081310802e+04 1.092195901243708795e+06 1.128069324462912391e+03 8.619747015172887772e-03 6.895075139794452923e+01 4.442714298630806802e+00 6.124833988695160825e-01 1.144207310903026631e+00 4.432257415135154588e-01 
3.153338804254837768e+01 9.418980960819737447e+03 2.887169529779397000e+15 1.023359341016184920e+34 1.397110405028432339e-02 1.836259677969579926e-07 4.369060316888445959e+04 1.075881980348150944e+06 1.121324685511285452e+03 8.541168666451387156e-03 6.937276295084305389e+01 4.409334096886800225e+00 6.145763087623902221e-01 1.144053969276886074e+00 4.429905051916505632e-01 
3.114388443155003827e+01 9.375711182444940277e+03 2.834480617178252000e+15 1.004683717599472283e+34 1.387498230524136789e-02 1.819824834636103544e-07 4.342716738113149040e+04 1.059823598805516958e+06 1.114642990319238152e+03 8.463347929509701384e-03 6.979717091983381749e+01 4.375588561997669323e+00 6.167096698475976746e-01 1.143898262614803096e+00 4.427440636611186253e-01 
3.075897281930985727e+01 9.332640180745505859e+03 2.782753241986840000e+15 9.863489118174145798e+33 1.377858776091759642e-02 1.803550642911688692e-07 4.316550402952513105e+04 1.044017199833807885e+06 1.108023987931320562e+03 8.386280460145004861e-03 7.022396856661436004e+01 4.341490875412461037e+00 6.188833291684632254e-01 1.143740150599279914e+00 4.424857571739950757e-01 
3.037860101366518961e+01 9.289767042562896677e+03 2.731969856790612000e+15 9.683487039761543067e+33 1.368190379789911704e-02 1.787436546578910108e-07 4.290561003649783379e+04 1.028459537968115765e+06 1.101471292145134157e+03 8.309959073859816275e-03 7.065317184270611506e+01 4.307032517914612946e+00 6.210986831562644861e-01 1.143579854650844219e+00 4.422152127418972900e-01 
3.000271209122683302e+01 9.247090858933566778e+03 2.682113234403643500e+15 9.506769878871030864e+33 1.358493776980329061e-02 1.771481696484971033e-07 4.264748329553374060e+04 1.013147256522809039e+06 1.094986181088828062e+03 8.234378553030620093e-03 7.108478141744062384e+01 4.272220118327306082e+00 6.233560746534307917e-01 1.143417425512304852e+00 4.419318392512200933e-01 
2.963125596280456620e+01 9.204610725069620457e+03 2.633166462024594500e+15 9.333277687955174608e+33 1.348767210121546399e-02 1.755685645373897652e-07 4.239112130085502577e+04 9.980772541375568835e+05 1.088573546146877788e+03 8.159531616646944693e-03 7.151881547993467336e+01 4.237044813956210021e+00 6.256569983789777023e-01 1.143253136440038897e+00 4.416352571838837449e-01 
2.926417780938667335e+01 9.162325740339661934e+03 2.585112935499438500e+15 9.162951613469188718e+33 1.339011260844590566e-02 1.740047617332261119e-07 4.213652341226072167e+04 9.832463181252648355e+05 1.082235875849674358e+03 8.085413624117078826e-03 7.195527137021414887e+01 4.201512418789287828e+00 6.280019159902425763e-01 1.143087112881409739e+00 4.413247964229734532e-01 
2.890142899732536819e+01 9.120235008249721432e+03 2.537936353688879000e+15 8.995733875906203051e+33 1.329224382639547682e-02 1.724567231469744519e-07 4.188368804021875985e+04 9.686514693229539553e+05 1.075979618592595216e+03 8.012017579975654058e-03 7.239416643324949519e+01 4.165615647759910445e+00 6.303922884767032553e-01 1.142919670624708006e+00 4.410000280271965112e-01 
2.854295623376919977e+01 9.078337636424193988e+03 2.491620712938473500e+15 8.831567750196573530e+33 1.319407190339078224e-02 1.709243847236070309e-07 4.163261384703717340e+04 9.542896182360206731e+05 1.069808748275182779e+03 7.939337872461021267e-03 7.283550650147658700e+01 4.129360919434169830e+00 6.328285792646098917e-01 1.142750931879397802e+00 4.406603573638172566e-01 
2.818871266213731985e+01 9.036632736586983810e+03 2.446150301649800500e+15 8.670397546465355907e+33 1.309558241423229054e-02 1.694077157961570539e-07 4.138330050026290701e+04 9.401579155110365245e+05 1.063732097877076740e+03 7.867367943693073448e-03 7.327930725112224764e+01 4.092741838298212365e+00 6.353122688584393885e-01 1.142581280764216833e+00 4.403052913264361989e-01 
2.783864790174268578e+01 8.995119424542615889e+03 2.401509694950577500e+15 8.512168591140483258e+33 1.299677678493664675e-02 1.679066625768910462e-07 4.113574882317208539e+04 9.262534368614332052e+05 1.057757406338040937e+03 7.796102991959695874e-03 7.372556964586647155e+01 4.055762000665331435e+00 6.378441150659972525e-01 1.142410977462557931e+00 4.399341303908257950e-01 
2.749271641688742207e+01 8.953796820157509501e+03 2.357683749462116500e+15 8.356827208405990987e+33 1.289764474029381734e-02 1.664212031139427400e-07 4.088995878222229658e+04 9.125734420874622883e+05 1.051898340128347627e+03 7.725536268989708841e-03 7.417431234764772796e+01 4.018417973744110583e+00 6.404254602842797128e-01 1.142240436486081867e+00 4.395463793419521759e-01 
2.715087336103780302e+01 8.912664047341353580e+03 2.314657598162295000e+15 8.204320701993766086e+33 1.279817604582578379e-02 1.649513035648737720e-07 4.064593459302328847e+04 8.991152452054205351e+05 1.046172096770014832e+03 7.655664004045426713e-03 7.462552998654692260e+01 3.980706143471942848e+00 6.430577499382508222e-01 1.142070211490558318e+00 4.391412153862020995e-01 
2.681306530548443590e+01 8.871720234028462073e+03 2.272416645342157500e+15 8.054597337307194842e+33 1.269838916555395512e-02 1.634969338337505905e-07 4.040366906788833876e+04 8.858759537195335142e+05 1.040592874487229665e+03 7.586475824061702199e-03 7.507927113850992384e+01 3.942642092672992593e+00 6.457407966051632586e-01 1.141900151530363283e+00 4.387184727785173877e-01 
2.647925482138625242e+01 8.830964512159360311e+03 2.230946561654712000e+15 7.907606323871579615e+33 1.259825842493679342e-02 1.620580878711058409e-07 4.016317036300934706e+04 8.728531696515179938e+05 1.035197382026497735e+03 7.517968932353982954e-03 7.553552586662658541e+01 3.904212622667486254e+00 6.484769448801958047e-01 1.141731204313114034e+00 4.382772226674565563e-01 
2.614939832839193556e+01 8.790396017662311351e+03 2.190233279253927500e+15 7.763297798104282664e+33 1.249777995603565568e-02 1.606347608127259010e-07 3.992443900279951777e+04 8.600443534899490187e+05 1.030030709236641769e+03 7.450136174847478941e-03 7.599432034706812544e+01 3.865419109400639819e+00 6.512673407961794281e-01 1.141563832776748777e+00 4.378169656879195015e-01 
2.582345466992526184e+01 8.750013890435060603e+03 2.150262987022585750e+15 7.621622806399810075e+33 1.239694642116581473e-02 1.592269528899355216e-07 3.968747810412979015e+04 8.474470704912547953e+05 1.025166500387080987e+03 7.382971632097451962e-03 7.645567193586389010e+01 3.826260758150219932e+00 6.541133876323708130e-01 1.141398670952309624e+00 4.373370644009129116e-01 
2.550137351399393992e+01 8.709817274326551342e+03 2.111022125887099000e+15 7.482533288523152314e+33 1.229577608000286849e-02 1.578346373390641292e-07 3.945228596145784104e+04 8.350586607279607560e+05 1.018330374973600556e+03 7.316467960239008209e-03 7.691960904995787018e+01 3.786753264939555219e+00 6.570150446990198345e-01 1.141235795265945541e+00 4.368369872532461562e-01 
2.518312356169642285e+01 8.669805317118783933e+03 2.072497384217894000e+15 7.345982061306408854e+33 1.219424159648762815e-02 1.564578577507521361e-07 3.921886938641333836e+04 8.228770397182151210e+05 1.011175962465896987e+03 7.250619318933539982e-03 7.738615405263526270e+01 3.746883598803216309e+00 6.599749108614550996e-01 1.141076363621499778e+00 4.363161010330598999e-01 
2.486866156468636291e+01 8.629977170508787822e+03 2.034675693313765250e+15 7.211922802643047557e+33 1.209234893175644039e-02 1.550966176170093079e-07 3.898722996231629804e+04 8.108998162443003384e+05 1.004274526326818886e+03 7.185418820673568005e-03 7.785533646547514763e+01 3.706660032730916932e+00 6.629937268735236477e-01 1.140920848415218458e+00 4.357738273992390332e-01 
2.455795557169559373e+01 8.590331990090568070e+03 1.997544222968525250e+15 7.080310035773863570e+33 1.199007997274966104e-02 1.537509741919160100e-07 3.875737185769167991e+04 7.991249524439963279e+05 9.975980965549504162e+02 7.120858533961892806e-03 7.832720138941068910e+01 3.666076075156485370e+00 6.660736567755278781e-01 1.140770307524067162e+00 4.352097430097146558e-01 
2.425095708618816914e+01 8.550868935337273797e+03 1.961090377118701000e+15 6.951099113860205916e+33 1.188745742663714286e-02 1.524208952392996207e-07 3.852929990125929908e+04 7.875499738002793165e+05 9.911205869856737536e+02 7.056935041049152216e-03 7.880174684563934306e+01 3.625150411608407897e+00 6.692145961745835647e-01 1.140625058078246878e+00 4.346228272754106836e-01 
2.394763940719954221e+01 8.511587169583317518e+03 1.925301789570527250e+15 6.824246204838277117e+33 1.178445680417744904e-02 1.511064799324783425e-07 3.830301661934860749e+04 7.761730570008929353e+05 9.848289059810625758e+02 6.993637580133296033e-03 7.927905089355560619e+01 3.583873367646553731e+00 6.724191246007753531e-01 1.140486352328215824e+00 4.340129799269689115e-01 
2.364796482918591991e+01 8.472485860006661824e+03 1.890166319805002000e+15 6.699708276550118989e+33 1.168108162798684423e-02 1.498077618744380303e-07 3.807852675080514018e+04 7.649920970144425519e+05 9.787109397380685323e+02 6.930959656077806223e-03 7.975914943787167033e+01 3.542252455128729771e+00 6.756883026854186847e-01 1.140355005962537804e+00 4.333795585093618286e-01 
2.335190558536948302e+01 8.433564177611189734e+03 1.855672048859497250e+15 6.577443082145955818e+33 1.157731786405708820e-02 1.485248245225327839e-07 3.785583679426884191e+04 7.540052922205054201e+05 9.727613005973374811e+02 6.868893433358619002e-03 8.024209757705750690e+01 3.500284654465862122e+00 6.790243134933027225e-01 1.140232369477917951e+00 4.327221134955615001e-01 
2.305941760006200880e+01 8.394821297209071417e+03 1.821807275284452500e+15 6.457409145752660628e+33 1.147318622499981372e-02 1.472576861296465254e-07 3.763494857493127347e+04 7.432104279657403240e+05 9.669718573088620133e+02 6.807431555741501501e-03 8.072794261049038766e+01 3.457988701131941678e+00 6.824271925691713925e-01 1.140118868933039487e+00 4.320400522408499033e-01 
2.277047979514637532e+01 8.356256397403332812e+03 1.788560511173963000e+15 6.339565748404147930e+33 1.136866486445811675e-02 1.460064676424076979e-07 3.741587013276655489e+04 7.326059460457843961e+05 9.613457130794619161e+02 6.746565313660309905e-03 8.121675715970208387e+01 3.415357312071697127e+00 6.858997234347006255e-01 1.140016248753062511e+00 4.313330470399990846e-01 
2.248505912759832626e+01 8.317868660570378779e+03 1.755920478268695250e+15 6.223872914228132402e+33 1.126375824412564723e-02 1.447712408238813830e-07 3.719860665614024037e+04 7.221899910222475883e+05 9.558840223643081799e+02 6.686286730054405436e-03 8.170860559587173100e+01 3.372399679898989255e+00 6.894430864879000920e-01 1.139925600489171131e+00 4.306006213608621902e-01 
2.220313250685251205e+01 8.279657272842696329e+03 1.723876104130011750e+15 6.110291396885280528e+33 1.115845577600155930e-02 1.435521262205090610e-07 3.698316543072384957e+04 7.119610012731363531e+05 9.505946955146573600e+02 6.626586720216866462e-03 8.220357153313482002e+01 3.329116091889483098e+00 6.930595131260871566e-01 1.139848598300167160e+00 4.298424802666680478e-01 
2.192466180013564525e+01 8.241621424091608787e+03 1.692416518383887750e+15 5.998782666255750378e+33 1.105277488678584226e-02 1.423491987241693127e-07 3.676954608044264751e+04 7.019170486344933743e+05 9.454821278952296097e+02 6.567454210849870896e-03 8.270175924616096097e+01 3.285524580773951708e+00 6.967493232269250658e-01 1.139785929827241695e+00 4.290584890855777545e-01 
2.164963058270934582e+01 8.203760307910057236e+03 1.661531049033331500e+15 5.889308895368538948e+33 1.094669921462222174e-02 1.411626104155496718e-07 3.655775889110334538e+04 6.920568005540894810e+05 9.405645872992985232e+02 6.508880326100111198e-03 8.320326268511504963e+01 3.241622354362789782e+00 7.005153056102355613e-01 1.139739751076742191e+00 4.282483696855758359e-01 
2.137801388465519992e+01 8.166073121595555676e+03 1.631209218838179000e+15 5.781832947569634151e+33 1.084022980045534941e-02 1.399924855974152357e-07 3.634781076628613664e+04 6.823787257261902560e+05 9.358613731191433089e+02 6.450855670838934013e-03 8.370818329537004843e+01 3.197417662373124525e+00 7.043591256765010522e-01 1.139711711185152021e+00 4.274118629820094495e-01 
2.110978790586127829e+01 8.128559066133118904e+03 1.601440741760868500e+15 5.676318363924040373e+33 1.073336846106743084e-02 1.388389694942199119e-07 3.613970591469747160e+04 6.728813500044757966e+05 9.313999493170790629e+02 6.393368482565935096e-03 8.421665551229921221e+01 3.152919770828143786e+00 7.082824067606490193e-01 1.139703465709999808e+00 4.265490149806038800e-01 
2.084493020774031180e+01 8.091217346178379557e+03 1.572215519477166500e+15 5.572729350848019414e+33 1.062611710093949897e-02 1.377022139430488728e-07 3.593344981771849416e+04 6.635632603365347022e+05 9.272195216296951230e+02 6.336407420233208972e-03 8.472881663564542976e+01 3.108138192674404721e+00 7.122868544686392633e-01 1.139716818044198110e+00 4.256598387058624366e-01 
2.058342309398878101e+01 8.054047170040672427e+03 1.543523637950484000e+15 5.471030767966729874e+33 1.051847412388023581e-02 1.365823923717725189e-07 3.572904963667514676e+04 6.544231825817228528e+05 9.233805297168529478e+02 6.279961086516934812e-03 8.524481370218606457e+01 3.063080572160862936e+00 7.163745472745949305e-01 1.139753925428165449e+00 4.247443991286508624e-01 
2.032524907153937477e+01 8.017047749666274285e+03 1.515355364068766750e+15 5.371188116193662130e+33 1.041044027545113583e-02 1.354796979381046912e-07 3.552650911506685952e+04 6.454598763532324228e+05 9.199755319664184299e+02 6.224015430241717529e-03 8.576483345072043107e+01 3.017756570054300536e+00 7.205474141700086710e-01 1.139816896824084047e+00 4.238031121169967275e-01 
2.007038745141449354e+01 7.980218300621718299e+03 1.487701142342764000e+15 5.273167526027624980e+33 1.030202273599645571e-02 1.343943058270690162e-07 3.532583330621901405e+04 6.366720420425877674e+05 9.171517298131394682e+02 6.168557994521225649e-03 8.628905168504068968e+01 2.972179775618978503e+00 7.248070156503922945e-01 1.139907755941013123e+00 4.228361937888204802e-01 
1.981883186605905678e+01 7.943558042077109349e+03 1.460551591664487500e+15 5.176935746063081573e+33 1.019321371260734251e-02 1.333264533959354275e-07 3.512703152046087780e+04 6.280587530781559180e+05 9.151940547404215067e+02 6.113575774038320851e-03 8.681766599486809355e+01 2.926355094369185394e+00 7.291562474821394746e-01 1.140029532867517403e+00 4.218440490580027125e-01 
1.957055887425753227e+01 7.907066196789630339e+03 1.433897502124917500e+15 5.082460131710484224e+33 1.008402898052458176e-02 1.322763362740222397e-07 3.493010183824379055e+04 6.196186838586257072e+05 9.146665045478370075e+02 6.059051901875363647e-03 8.735092528807986412e+01 2.880302287090987789e+00 7.335960590803749515e-01 1.140183983408747492e+00 4.208274935297658947e-01 
1.932556874107448763e+01 7.870741991087012138e+03 1.407729831889697250e+15 4.989708634122152643e+33 9.974458217181285391e-03 1.312442293035399120e-07 3.473505488664189033e+04 6.113511056331669679e+05 9.082537953401639470e+02 6.004972545946826723e-03 8.788906299291143398e+01 2.834025396395223773e+00 7.381298283117470049e-01 1.140374711897625515e+00 4.197871508631736970e-01 
1.908384099377178700e+01 7.834584654851149935e+03 1.382039704131897000e+15 4.898649789320431680e+33 9.864520240946479668e-03 1.302303443413901436e-07 3.454189029281114199e+04 6.032547982367891818e+05 8.977613585822319919e+02 5.951321159802033453e-03 8.843235021810906460e+01 2.787546331383026210e+00 7.427585103646358045e-01 1.140603833349263407e+00 4.187238913072210966e-01 
1.884537605692702300e+01 7.798593421501802368e+03 1.356818404020757750e+15 4.809252707524272038e+33 9.754210624612664679e-03 1.292349818759513827e-07 3.435061413213626656e+04 5.953290672894963063e+05 8.896580761149318732e+02 5.898080643495921468e-03 8.898108849782359187e+01 2.740873529959230837e+00 7.474851981171414250e-01 1.140874988935278056e+00 4.176388499513489228e-01 
1.861016015131655621e+01 7.762767527980284285e+03 1.332057375765331000e+15 4.721487062670390127e+33 9.643543587215657256e-03 1.282584041370724227e-07 3.416122422950626060e+04 5.875728951217634603e+05 8.830594300069432165e+02 5.845231566135281227e-03 8.953561943249700050e+01 2.694026924815688062e+00 7.523113867264545895e-01 1.141190789502120939e+00 4.165334154151286716e-01 
1.837819715168107138e+01 7.727106214733349589e+03 1.307748219712150500e+15 4.635323082125946055e+33 9.532518585964674593e-03 1.273009315322621871e-07 3.397372736095809523e+04 5.799856848202885594e+05 8.775167339190559233e+02 5.792756655612795423e-03 9.009628059153619972e+01 2.647017693386325199e+00 7.572402114487406521e-01 1.141555316685891164e+00 4.154088876079650716e-01 
1.814947979354394292e+01 7.691608725697026784e+03 1.283882689495786000e+15 4.550731536588657250e+33 9.421148617835124056e-03 1.263628689771095758e-07 3.378812045850282448e+04 5.725665956591241993e+05 8.727912744832691487e+02 5.740634524441935727e-03 9.066347799632465865e+01 2.599865628366435644e+00 7.622735552279804594e-01 1.141971750728762558e+00 4.142670882454808079e-01 
1.792401039828632747e+01 7.656274308280651894e+03 1.260452689241481250e+15 4.467683730171531712e+33 9.309440384885802472e-03 1.254445543562586094e-07 3.360440526085120655e+04 5.653150169124101521e+05 8.687679877664994592e+02 5.688845018300026958e-03 9.123762545700265036e+01 2.552586849775217548e+00 7.674141511502212687e-01 1.142444144566088449e+00 4.131098239735944144e-01 
1.770179057417827906e+01 7.621102213350856800e+03 1.237450270818763250e+15 4.386151490668262910e+33 9.197404199426452084e-03 1.245463358379628456e-07 3.342258039454973914e+04 5.582303276903845835e+05 8.654126433402601606e+02 5.637366229246985536e-03 9.181918201849805428e+01 2.505199930503469563e+00 7.726645278885447832e-01 1.142976532152429670e+00 4.119392114691468598e-01 
1.748282317298355792e+01 7.586091695215711297e+03 1.214867631145222500e+15 4.306107159996463976e+33 9.085052186627326151e-03 1.236685769896647104e-07 3.324264248414520989e+04 5.513119396510631777e+05 8.627608876147581896e+02 5.586174884702816389e-03 9.240865004308447794e+01 2.457724753737287049e+00 7.780271984995015266e-01 1.143573093217628012e+00 4.107576523547630809e-01 
1.726711699463042038e+01 7.551242011608936082e+03 1.192697109539500000e+15 4.227523584815303759e+33 8.972394286250450282e-03 1.228116727032152524e-07 3.306458822032839817e+04 5.445594018325367942e+05 8.609357180980041448e+02 5.535246724450576528e-03 9.300657454020907267e+01 2.410180160206826017e+00 7.835051208645190668e-01 1.144238544601586138e+00 4.095678335240586221e-01 
1.705467532582108703e+01 7.516552423674113925e+03 1.170931185122527500e+15 4.150374107314192614e+33 8.859447794744824967e-03 1.219760002872561692e-07 3.288841181574406073e+04 5.379721404189066961e+05 8.601973614654800713e+02 5.484557475692658154e-03 9.361352558612706787e+01 2.362589250471125890e+00 7.891006819656105620e-01 1.144977313811712305e+00 4.083725007276455821e-01 
1.684551403891057220e+01 7.482022195949080924e+03 1.149562474266266250e+15 4.074632556169810299e+33 8.746222803834141288e-03 1.211619978024000274e-07 3.271410851959689535e+04 5.315498638218813576e+05 8.611263267915110191e+02 5.434081142335924625e-03 9.423013418469938074e+01 2.314971263542214164e+00 7.948172976992323724e-01 1.145794869841333607e+00 4.071748667004529976e-01 
1.663964140166138961e+01 7.447650596350286833e+03 1.128583728088938000e+15 4.000273237667938241e+33 8.632738446398866700e-03 1.203700967092663895e-07 3.254166477981522621e+04 5.252921031624270836e+05 8.652117688385540077e+02 5.383788199856587471e-03 9.485711371711965967e+01 2.267350936462635858e+00 8.006574971266284813e-01 1.146696045465189551e+00 4.059787030413296027e-01 
1.643707460922590613e+01 7.413436896157292722e+03 1.107987829996006625e+15 3.927270926987452508e+33 8.519010136997014898e-03 1.196007408958601846e-07 3.237107542826953795e+04 5.191985767583761481e+05 8.612734417508590923e+02 5.333653371435635553e-03 9.549515252882801519e+01 2.219750412398890038e+00 8.066247170391674937e-01 1.147686772480711381e+00 4.047874128201385813e-01 
1.623783107781832058e+01 7.379380369997345952e+03 1.087767793266040125e+15 3.855600859643389980e+33 8.405055929540525966e-03 1.188544061096843250e-07 3.220232706248022077e+04 5.132690042289173580e+05 8.453033745271253565e+02 5.283646556062415213e-03 9.614505044004899048e+01 2.172193775257278414e+00 8.127222122124903025e-01 1.148772918798096843e+00 4.036052318120463833e-01 
1.604192781264483614e+01 7.345480295829946044e+03 1.067916758680580875e+15 3.785238723086007677e+33 8.290897421078776211e-03 1.181315732384174621e-07 3.203540324280284767e+04 5.075030754097604658e+05 8.368643421631894626e+02 5.233736720543875551e-03 9.680766339747205507e+01 2.124707040345149345e+00 8.189531022334698429e-01 1.149960433510638591e+00 4.024367048295540705e-01 
1.584939320810068608e+01 7.311735954931599736e+03 1.048427992197337000e+15 3.716160648453394518e+33 8.176551462352917021e-03 1.174327712235833527e-07 3.187028947693960436e+04 5.019007138671927387e+05 8.320069921356858913e+02 5.183892533141803115e-03 9.748390297934236060e+01 2.077313501929079376e+00 8.253215025289386553e-01 1.151256386946539978e+00 4.012867227829243766e-01 
1.566024055401680393e+01 7.278146631880529640e+03 1.029294882665771625e+15 3.648343202474358904e+33 8.062047609727816116e-03 1.167584637412038214e-07 3.170696728284226265e+04 4.964614966029420029e+05 8.293922627234097718e+02 5.134084545472482851e-03 9.817468925313951900e+01 2.030042994293010494e+00 8.318302364591223519e-01 1.152666872212973148e+00 4.001599560431491898e-01 
1.547451225363389327e+01 7.244711614541526615e+03 1.010510939584422250e+15 3.581763379519230937e+33 7.947400560046580589e-03 1.161092689279732356e-07 3.154541429493236137e+04 4.911855948450357537e+05 8.286470284616136723e+02 5.084275677558520654e-03 9.888113516072633047e+01 1.982917816373922282e+00 8.384843872862762781e-01 1.154200227026765724e+00 3.990627188067409348e-01 
1.529222060337895606e+01 7.211430194050876707e+03 9.920697908991483750e+14 3.516398593795736180e+33 7.832645864306937711e-03 1.154856450498672006e-07 3.138560947203167234e+04 4.860725172696030349e+05 8.299717288878216550e+02 5.034437688951991924e-03 9.960424577807987134e+01 1.935970327661190815e+00 8.452867531433183590e-01 1.155862916301389376e+00 3.979999629444443965e-01 
1.511341072315594403e+01 7.178301664801280822e+03 9.739651808415201250e+14 3.452226671687147426e+33 7.717802883171499644e-03 1.148882343886760411e-07 3.122752442960576445e+04 4.811224336755221593e+05 8.344589404221760560e+02 4.984532016425301942e-03 1.003452781977043884e+02 1.889224869921964700e+00 8.522426251822979859e-01 1.157663870280732699e+00 3.969787840532751910e-01 
1.493811296290095036e+01 7.145325324426951738e+03 9.561909678067121250e+14 3.389225844230464542e+33 7.602903050099293035e-03 1.143175929396012149e-07 3.107113130160406581e+04 4.763351530765664065e+05 8.462486953569216439e+02 4.934525550209357611e-03 1.011054537557479591e+02 1.842711284799668281e+00 8.593562099776949070e-01 1.159611268946830309e+00 3.960056304838648900e-01 
1.476636630952148899e+01 7.112500473788671115e+03 9.387411222700658750e+14 3.327374739731654781e+33 7.487975257897618205e-03 1.137743270707982483e-07 3.091639908966330404e+04 4.717106438145906432e+05 8.278893799220389838e+02 4.884383030439866727e-03 1.018861056204392099e+02 1.796457815271130354e+00 8.666324884095690795e-01 1.161714173833326091e+00 3.950876831486806462e-01 
1.459821144436095430e+01 7.079826416958993832e+03 9.216097247417166250e+14 3.266652376515811999e+33 7.373051249007000173e-03 1.132590527413130167e-07 3.076329245876935965e+04 4.672488431731367018e+05 8.149619712398223328e+02 4.834068413639420851e-03 1.026886570466058259e+02 1.750493746425246133e+00 8.740765650486951310e-01 1.163981982944727767e+00 3.942326439879259015e-01 
1.443369280775253927e+01 7.047302461207507804e+03 9.047909637585393750e+14 3.207038155809596326e+33 7.258163444550523764e-03 1.127724027278757417e-07 3.061177432554486950e+04 4.629497268161716638e+05 8.109573253492202412e+02 4.783545950266925202e-03 1.035146098277853213e+02 1.704848114711094098e+00 8.816939991429540990e-01 1.166424713024769133e+00 3.934486114696510994e-01 
1.427285290967237330e+01 7.014927916986104719e+03 8.882791339127102500e+14 3.148511854753453592e+33 7.143348028916118517e-03 1.123150027620365568e-07 3.046180360178946285e+04 4.588131761526277987e+05 8.115275341171392256e+02 4.732780292079723054e-03 1.043655442905781996e+02 1.659551208189091076e+00 8.894902921704035403e-01 1.169052477758930397e+00 3.927440414898909493e-01 
1.411575183373602904e+01 6.982702097914411752e+03 8.720686339162957500e+14 3.091053619541539838e+33 7.028636828755548994e-03 1.118875534235239072e-07 3.031333713681592781e+04 4.548393421312212013e+05 8.163786304961073483e+02 4.681734121075795986e-03 1.052431821745381200e+02 1.614630586424648628e+00 8.974724743083549727e-01 1.171877176196600923e+00 3.921284206606595601e-01 
1.396242864320506172e+01 6.950624320765184166e+03 8.561539647011052500e+14 3.034643958686631742e+33 6.914072423503976085e-03 1.114906651013015188e-07 3.016632717103555115e+04 4.510279323375948006e+05 8.289641016433917002e+02 4.630374089274394769e-03 1.061492590218312699e+02 1.570118139751777830e+00 9.056461397372610467e-01 1.174909261947105099e+00 3.916108581166685698e-01 
1.381295375377283818e+01 6.918693905449879821e+03 8.405297275532791250e+14 2.979263736408165022e+33 6.799688550401236653e-03 1.111250813122226311e-07 3.002072308474598321e+04 4.473791456896633026e+05 8.206330729913485129e+02 4.578662461735980883e-03 1.070857221141927909e+02 1.526040879893874935e+00 9.140194751459486122e-01 1.178162157764112816e+00 3.912021907022766865e-01 
1.366738062781148599e+01 6.886910175004187295e+03 8.251906222818638750e+14 2.924894166140731812e+33 6.685527317081750749e-03 1.107914662700413685e-07 2.987647214025645735e+04 4.438928193055716692e+05 8.033743282969619486e+02 4.526566517847743949e-03 1.080545283421690641e+02 1.482428712867252862e+00 9.225997147418395494e-01 1.181648309567169930e+00 3.909128584405709983e-01 
1.352577375862283304e+01 6.855272455573694060e+03 8.101314454208443750e+14 2.871516804161171575e+33 6.571630082774905166e-03 1.104905376414197967e-07 2.973351410093312734e+04 4.405688853776329779e+05 8.018233043745771056e+02 4.474050768933587191e-03 1.090578226334527869e+02 1.439310454586866017e+00 9.313950539509252557e-01 1.185381329258550664e+00 3.907546349057385293e-01 
1.338820821944189987e+01 6.823780076399626523e+03 7.953470884639911250e+14 2.819113543331976810e+33 6.458036725067445652e-03 1.102230493429052872e-07 2.959178786328181741e+04 4.374073960989245097e+05 8.080640559293437946e+02 4.421080960444626583e-03 1.100978694895662215e+02 1.396713144797902206e+00 9.404149623998112606e-01 1.189376294114663501e+00 3.907400391361923742e-01 
1.325474226482380047e+01 6.792432369804572772e+03 7.808325361318815000e+14 2.767666606958733653e+33 6.344795068836721341e-03 1.099896663186816148e-07 2.945123055552881488e+04 4.344080110628405819e+05 8.264208932655525359e+02 4.367628858819762837e-03 1.111769406291085289e+02 1.354666122449331267e+00 9.496680079268046137e-01 1.193647326992180790e+00 3.908812085633139310e-01 
1.312546570934428836e+01 6.761228671178389959e+03 7.665828646706020000e+14 2.717158542759862784e+33 6.231945638441626842e-03 1.097912066232534201e-07 2.931176902279136266e+04 4.315708304800985497e+05 8.073588096614302003e+02 4.313658953564165725e-03 1.122976419393381349e+02 1.313194748663691236e+00 9.591654167949983378e-01 1.198211559270197846e+00 3.911929448912043750e-01 
1.300045279573352808e+01 6.730168318964057107e+03 7.525932401814425000e+14 2.667572216946206676e+33 6.119535545262223993e-03 1.096283980511248657e-07 2.917333152790955137e+04 4.288956000928527792e+05 7.971853472999481482e+02 4.259143659419021080e-03 1.134625688031446060e+02 1.272325774726457581e+00 9.689178421772400851e-01 1.203085462723450849e+00 3.916895282792202115e-01 
1.287979339834972947e+01 6.699250654643678899e+03 7.388589169811131250e+14 2.618890808408806988e+33 6.007610289860986809e-03 1.095020294438123453e-07 2.903583971013944756e+04 4.263821881509508239e+05 8.034417689410017829e+02 4.204053917889258654e-03 1.146745407395604133e+02 1.232084142977682983e+00 9.789375339151054067e-01 1.208287352739406240e+00 3.923869281595249170e-01 
1.276357706453404361e+01 6.668475022724538576e+03 7.253752359918780000e+14 2.571097803012721048e+33 5.896216807404840166e-03 1.094128885079039896e-07 2.889921080120545957e+04 4.240303692446339410e+05 8.271888077496678306e+02 4.148362884030731487e-03 1.159365267558774804e+02 1.192494116811585902e+00 9.892372950649758190e-01 1.213836070938151712e+00 3.933019960793811554e-01 
1.265190274024686268e+01 6.637840770725153561e+03 7.121376231610402500e+14 2.524176987994877115e+33 5.785402025956549663e-03 1.093617875985994330e-07 2.876335810700581715e+04 4.218399281663905713e+05 8.008380211914648044e+02 4.092045360569137799e-03 1.172516766169209745e+02 1.153578612554328586e+00 9.998312467189489627e-01 1.219751947867004027e+00 3.944528974266223176e-01 
1.254486552580341119e+01 6.607347249161498439e+03 6.991415879093178750e+14 2.478112446464328375e+33 5.675215552974487328e-03 1.093495123152625922e-07 2.862819085506163538e+04 4.198104548143905704e+05 7.977320250592230195e+02 4.035079872880173966e-03 1.186232775146228278e+02 1.115360231913080646e+00 1.010733831660449722e+00 1.226055573502969454e+00 3.958586301999334478e-01 
1.244258896634987721e+01 6.576993811533181542e+03 6.863827216074852500e+14 2.432888552002701008e+33 5.565701905687020327e-03 1.093769830450671872e-07 2.849360769234474719e+04 4.179418647639020928e+05 8.160179066556421503e+02 3.977440176778519396e-03 1.200550076917302249e+02 1.077858407007664665e+00 1.021962304205149552e+00 1.232770685096200802e+00 3.975413258311033537e-01 
1.234517098353057385e+01 6.546779814309789799e+03 6.738566960808623750e+14 2.388489963363342137e+33 5.456913346819265015e-03 1.094449667188470118e-07 2.835951125029408286e+04 4.162335001079887734e+05 8.056437106039221590e+02 3.919112289591549295e-03 1.215504874609600421e+02 1.041093834344810176e+00 1.033532797335875442e+00 1.239919576196213846e+00 3.995223336062406205e-01 
1.225274744205052535e+01 6.516704616917198109e+03 6.615592621410527500e+14 2.344901619267056072e+33 5.348895068001961045e-03 1.095544153650169764e-07 2.822579027063188914e+04 4.146851575938403839e+05 7.987023469434727758e+02 3.860074794389891772e-03 1.231138483694444403e+02 1.005083371690490335e+00 1.045465058241424439e+00 1.247528601666387571e+00 4.018272348917005243e-01 
1.216544396403330808e+01 6.486767581724009688e+03 6.494862481445065000e+14 2.302108733292920566e+33 5.241695910896915396e-03 1.097062180693849287e-07 2.809233164873873829e+04 4.132963085001198924e+05 8.249249229183969874e+02 3.800313213701783741e-03 1.247493541572512612e+02 9.698437129002394075e-01 1.057778902692616541e+00 1.255623999205850883e+00 4.044825104446087005e-01 
1.208340075702331617e+01 6.456968074028060073e+03 6.376335585773862500e+14 2.260096788862333763e+33 5.135363477774707378e-03 1.099013276113187998e-07 2.795901214595641068e+04 4.120664508387767128e+05 8.000883758188726915e+02 3.739812288202063253e-03 1.264616491565534346e+02 9.353897937079971303e-01 1.070496020021725281e+00 1.264234035792016320e+00 4.075177804400137438e-01 
1.200676987764741455e+01 6.427305462042907493e+03 6.259971726662312500e+14 2.218851534314501670e+33 5.029943937570060045e-03 1.101407494890178188e-07 2.782570164948971069e+04 4.109951029872138170e+05 8.089657096500451416e+02 3.678558102558692616e-03 1.282557365429253480e+02 9.017346170861836319e-01 1.083639979354762417e+00 1.273388951371729361e+00 4.109656538854777885e-01 
1.193569766314919889e+01 6.397779116884496943e+03 6.145731430140173750e+14 2.178358978071944577e+33 4.925485537893754123e-03 1.104254327002861202e-07 2.769227113240357357e+04 4.100815027964997571e+05 8.145943537910441137e+02 3.616545141735854913e-03 1.301367837086560826e+02 8.688902678671936997e-01 1.097235008418702584e+00 1.283119516454076736e+00 4.148602478642801072e-01 
1.187036172504247311e+01 6.368388412557778793e+03 6.033575942610682500e+14 2.138605383894085822e+33 4.822032470785110950e-03 1.107564937546283273e-07 2.755857200350423227e+04 4.093251261739862966e+05 8.061480055534656231e+02 3.553760912286314192e-03 1.321106482866767351e+02 8.368664009707863505e-01 1.111308480456076886e+00 1.293460034621931820e+00 4.192416167112975600e-01 
1.181094433275229250e+01 6.339132725943457444e+03 5.923467217704293750e+14 2.099577266217551781e+33 4.719628840160045719e-03 1.111350775472148991e-07 2.742444782490356374e+04 4.087253218756775605e+05 8.268861060497810058e+02 3.490195820290722256e-03 1.341836235444743295e+02 8.056712949136936031e-01 1.125889123624860488e+00 1.304446136082021868e+00 4.241536669668769521e-01 
1.175762810957111526e+01 6.310011436784798207e+03 5.815367903372326250e+14 2.061261385581503274e+33 4.618319509721485576e-03 1.115623049504387635e-07 2.728974151670353967e+04 4.082812128200397128e+05 8.094400315131575780e+02 3.425847784100040198e-03 1.363623213487799148e+02 7.753119332636106975e-01 1.141006897645906681e+00 1.316114645930743565e+00 4.296435325251267701e-01 
1.171063718017934008e+01 6.281023927674433253e+03 5.709241329215906250e+14 2.023644744136372200e+33 4.518144431056793538e-03 1.120395505891656761e-07 2.715426527571300176e+04 4.079922467514149612e+05 8.196275273330883238e+02 3.360702629865158428e-03 1.386544251722023375e+02 7.457929944029805247e-01 1.156695543130366488e+00 1.328506734655512611e+00 4.357677666972431529e-01 
1.167017491463135670e+01 6.252169584041323105e+03 5.605051494046501875e+14 1.986714581234682722e+33 4.419146293660913827e-03 1.125680417060524352e-07 2.701784599153806630e+04 4.078573829912599758e+05 8.203993030323968014e+02 3.294764129487552130e-03 1.410676921560676362e+02 7.171181491969539357e-01 1.172988839142162343e+00 1.341663230293810294e+00 4.425846153948861383e-01 
1.163649982156989537e+01 6.223447794137682649e+03 5.502763053673126250e+14 1.950458369102217820e+33 4.321362269244862983e-03 1.131493477545394948e-07 2.688026834777055410e+04 4.078759988898853771e+05 8.113437614023699780e+02 3.228018536398474716e-03 1.436113370535122726e+02 6.892889594851439039e-01 1.189925142420967585e+00 1.355630398406081127e+00 4.501654627618199567e-01 
1.160985082576121386e+01 6.194857949026028109e+03 5.402341308912628125e+14 1.914863808588256089e+33 4.224831609092174339e-03 1.137849451032529806e-07 2.674132208542696753e+04 4.080469864119314589e+05 8.594044663522261089e+02 3.160465799920050660e-03 1.462949660209198157e+02 6.623060892611712935e-01 1.207542530359711819e+00 1.370453788706097020e+00 4.585864388803770897e-01 
1.159052170137431048e+01 6.166399442566289508e+03 5.303752193818809375e+14 1.879918824993375936e+33 4.129588232259225750e-03 1.144766231564021676e-07 2.660076539457141189e+04 4.083696318517866312e+05 8.239533863061977854e+02 3.092095249205695576e-03 1.491296550025824672e+02 6.361679447155891287e-01 1.225884147697203108e+00 1.386184992071565647e+00 4.679380458798735321e-01 
1.157881331100401923e+01 6.138071671402911306e+03 5.206962264126110000e+14 1.845611563973309654e+33 4.035666186557424276e-03 1.152262539717888767e-07 2.645834037969642304e+04 4.088429732050987659e+05 8.182487103186986133e+02 3.022898947317882550e-03 1.521275685176420893e+02 6.108720412168364700e-01 1.244994339615368650e+00 1.402876887556501639e+00 4.783223518461574009e-01 
1.157504558025617669e+01 6.109874034952114926e+03 5.111938685904533750e+14 1.811930387517674852e+33 3.943097707519676969e-03 1.160358838097067397e-07 2.631376616967164227e+04 4.094659766396414489e+05 8.310088618545075860e+02 2.952867729473983901e-03 1.553022971559623500e+02 5.864145881638788138e-01 1.264919422056625331e+00 1.420584595182092125e+00 4.898564693308798401e-01 
1.157958701764789922e+01 6.081805935389118531e+03 5.018649224421277500e+14 1.778863870001969998e+33 3.851911362764905318e-03 1.169078620204647191e-07 2.616673192456774996e+04 4.102378231576493708e+05 8.731613731475860050e+02 2.881986962364326693e-03 1.586692901139525418e+02 5.627901367699317259e-01 1.285710148060152269e+00 1.439368639760779001e+00 5.026775824362453848e-01 
1.159282354578198593e+01 6.053866777635485050e+03 4.927062233205855625e+14 1.746400794311700206e+33 3.762135076205222906e-03 1.178447605751872490e-07 2.601689322840747627e+04 4.111574923112881370e+05 8.536107920171401702e+02 2.810239283084358872e-03 1.622460027823488247e+02 5.399925875509034023e-01 1.307418322576695102e+00 1.459290864084593187e+00 5.169448435169207157e-01 
1.161518360754412527e+01 6.026055969346519305e+03 4.837146643314755625e+14 1.714530148037226387e+33 3.673794095053648737e-03 1.188494778928144734e-07 2.586387143414519232e+04 4.122240317232699017e+05 8.489314642101544450e+02 2.737603799256903628e-03 1.660522847966042548e+02 5.180146148173330189e-01 1.330099081864885235e+00 1.480417300536495340e+00 5.328447907695536001e-01 
1.164713296741883575e+01 5.998372920898669690e+03 4.748871952791816875e+14 1.683241119737989441e+33 3.586911579559212606e-03 1.199252739509029245e-07 2.570724641682433503e+04 4.134364617926923092e+05 8.513413981650398910e+02 2.664055308802169408e-03 1.701108320020754263e+02 4.968480152536234318e-01 1.353809781386429378e+00 1.502816906383412032e+00 5.505970581661804308e-01 
1.168921651553509200e+01 5.970817045377075374e+03 4.662208216321258750e+14 1.652523095275017661e+33 3.501506606766540807e-03 1.210760295213257943e-07 2.554653016905307595e+04 4.147941158908656216e+05 8.604950509134006325e+02 2.589553373990486230e-03 1.744483610850583375e+02 4.764836775612569242e-01 1.378612737020095347e+00 1.526565084888196866e+00 5.704675500036959779e-01 
1.174196999780964390e+01 5.943387758563075295e+03 4.577126035069206250e+14 1.622365654210248247e+33 3.417600878146785995e-03 1.223058806089671095e-07 2.538119441167317564e+04 4.162956666041766293e+05 8.823780277906960237e+02 2.514062689451504202e-03 1.790951071810029873e+02 4.569128582136272598e-01 1.404566445774524830e+00 1.551733426975805852e+00 5.927669795801718822e-01 
1.180604672581083037e+01 5.916084478921869959e+03 4.493596546710910625e+14 1.592758566271669110e+33 3.335209434536441555e-03 1.236198625678956683e-07 2.521062471704478958e+04 4.179404053495434928e+05 8.573966783764251431e+02 2.437529279236231271e-03 1.840871012653891796e+02 4.381254889929953600e-01 1.431736625930482898e+00 1.578402779986747495e+00 6.178772009613758831e-01 
1.188217122969576067e+01 5.888906627590148673e+03 4.411591415639685000e+14 1.563691787882868633e+33 3.254346111158718923e-03 1.250238701676861332e-07 2.503410569005393700e+04 4.197275879299074295e+05 8.506317494189780746e+02 2.359883590866114836e-03 1.894672004818795301e+02 4.201118627370771796e-01 1.460189201980532037e+00 1.606655531343191612e+00 6.462662388276930736e-01 
1.197113256399930847e+01 5.861853628363836833e+03 4.331082823354712500e+14 1.535155458755986603e+33 3.175023892592394002e-03 1.265246119607754379e-07 2.485083893418075968e+04 4.216562714936790289e+05 8.736963603686090210e+02 2.281053253432485401e-03 1.952856894317028775e+02 4.028623150226988137e-01 1.489989584489620267e+00 1.636574643230887416e+00 6.785042881075813437e-01 
1.207385389977859980e+01 5.834924907685896869e+03 4.252043459024262500e+14 1.507139898546840184e+33 3.097252245322965492e-03 1.281303534228894640e-07 2.465985123010931784e+04 4.237258619898530887e+05 8.625961489730151470e+02 2.200931911595005799e-03 2.016044878915174650e+02 3.863679754150708412e-01 1.521203514692573977e+00 1.668245521586880331e+00 7.153139004949921054e-01 
1.219139247747329158e+01 5.808119894634126467e+03 4.174446510220942500e+14 1.479635603571027045e+33 3.021038331948310614e-03 1.298509136653266366e-07 2.446001497067690070e+04 4.259358781698276871e+05 8.872654186518841470e+02 2.119397513563524467e-03 2.084986547610699574e+02 3.706205602146387390e-01 1.553896439239852878e+00 1.701755217727743963e+00 7.576057520133565593e-01 
1.232488497253925352e+01 5.781438020909100487e+03 4.098265653826290000e+14 1.452633243580051018e+33 2.946391016554836088e-03 1.316978931280564806e-07 2.425000395663165909e+04 4.282852686789144645e+05 8.719885642963654391e+02 2.036309975861840590e-03 2.160600696498816831e+02 3.556138887997015163e-01 1.588121298187101127e+00 1.737178847687807837e+00 8.065381310385161262e-01 
1.247575966942496350e+01 5.754878720822083778e+03 4.023475047101100000e+14 1.426123658596193432e+33 2.873312934278428755e-03 1.336860837304244957e-07 2.402817162377591012e+04 4.307739394348056521e+05 8.759087296420811981e+02 1.951476157449298122e-03 2.244058378050880265e+02 3.413435215866336692e-01 1.623932133433297897e+00 1.774596391211535007e+00 8.636429429954121106e-01 
1.264560382913979630e+01 5.728441431283053134e+03 3.950049318918870625e+14 1.400097855805201450e+33 2.801808220902114559e-03 1.358336439307410569e-07 2.379251356743682118e+04 4.334012630278161378e+05 8.822618594045089822e+02 1.864665348239625230e-03 2.336846222306640470e+02 3.278088308014581731e-01 1.661360266179807033e+00 1.814065360797413540e+00 9.309483542286202118e-01 
1.283635687002406556e+01 5.702125591788777456e+03 3.877963561159232500e+14 1.374547006505682834e+33 2.731877395027666570e-03 1.381637444393986491e-07 2.354053726287559766e+04 4.361671572875057464e+05 8.876252324486335965e+02 1.775588368673605135e-03 2.440898895674106370e+02 3.150132475751996064e-01 1.700421109005291642e+00 1.855629914361846655e+00 1.011217280227037163e+00 
1.305028686830403650e+01 5.675930644410894274e+03 3.807193320258293125e+14 1.349462443114119103e+33 2.663522434998676167e-03 1.407063263279861730e-07 2.326905704377367510e+04 4.390711522466518218e+05 9.078354786046514846e+02 1.683875597696573049e-03 2.558794305397926223e+02 3.029678012282589483e-01 1.741085421819537071e+00 1.899289149639644680e+00 1.108306533509785474e+00 
1.329023278054664559e+01 5.649856033784124520e+03 3.737714588913395000e+14 1.324835656224612186e+33 2.596741858452667091e-03 1.435013309465791063e-07 2.297392803213242223e+04 4.421134028453199426e+05 9.019777397134231478e+02 1.589048360164300100e-03 2.694061394077028808e+02 2.916929667375552926e-01 1.783273206309094139e+00 1.944991765835949238e+00 1.227778018394820592e+00 
1.355969531722164056e+01 5.623901207094458186e+03 3.669503797939051250e+14 1.300658291722212817e+33 2.531534820972786495e-03 1.466033640303797659e-07 2.264958822936674187e+04 4.452938964998965967e+05 9.236124859802782794e+02 1.490473543659895936e-03 2.851691394149997336e+02 2.812249842856522353e-01 1.826804589893590292e+00 1.992582054157877591e+00 1.377949243935244317e+00 
1.386315715084093014e+01 5.598065614067470960e+03 3.602537808271686250e+14 1.276922147948997109e+33 2.467900675262148149e-03 1.500901074881902519e-07 2.228830387866132878e+04 4.486127210746172350e+05 9.243799063596864016e+02 1.387286841533314115e-03 3.039043565908481241e+02 2.716248400593244128e-01 1.871338726732304503e+00 2.041734109816455867e+00 1.571861241433782030e+00 
1.420653578767719338e+01 5.572348706956625392e+03 3.536793903120118750e+14 1.253619172921798472e+33 2.405838823683878469e-03 1.540769159250508689e-07 2.187890734228010115e+04 4.520700143988025957e+05 9.253933302348791585e+02 1.278281739668125829e-03 3.267509829405170194e+02 2.629940096176027753e-01 1.916258473501457837e+00 2.091825019961967236e+00 1.831162965562433076e+00 
1.459790368213282896e+01 5.546749940531673019e+03 3.472249780259416875e+14 1.230741461600758449e+33 2.345351154731158301e-03 1.587460354395164814e-07 2.140428721151989157e+04 4.556655057451335597e+05 9.320431087609515544e+02 1.161680492338201462e-03 3.555966549914442680e+02 2.555076969882020821e-01 1.960422751890448678e+00 2.141662413203331283e+00 2.194677479823492039e+00 
1.504905790516223973e+01 5.521268772067108330e+03 3.408883544465367500e+14 1.208281253207720498e+33 2.286441118115377889e-03 1.644109137931124753e-07 2.083611521327122318e+04 4.593988343527783873e+05 9.576160023775852324e+02 1.034681972163122975e-03 3.938719764241331518e+02 2.494866964900488704e-01 2.001652359410188264e+00 2.188918109945362733e+00 2.739833847529698385e+00 
1.557845032649307626e+01 5.495904661330628187e+03 3.346673700086904375e+14 1.186230928593520482e+33 2.229119248631797768e-03 1.716807291291222420e-07 2.012186228807135922e+04 4.632679087747883168e+05 9.605283195784664940e+02 8.924219484698182143e-04 4.487160194439450152e+02 2.455863668875800654e-01 2.035351431863002603e+00 2.228604217507612617e+00 3.647129432979157038e+00 
1.621881307126057337e+01 5.470657070571717668e+03 3.285599143754263125e+14 1.164583007653386691e+33 2.173407224870167655e-03 1.819996066990828822e-07 1.914483285258317483e+04 4.672663687736891443e+05 9.642406221902127754e+02 7.250560192642691807e-04 5.386503884200142238e+02 2.454195095341343003e-01 2.050111665468829170e+00 2.248212385389915635e+00 5.460708239545335019e+00 
1.704317900031235666e+01 5.445525464510216807e+03 3.225639157220029375e+14 1.143330146789445074e+33 2.119352611067359168e-03 2.004984279122465038e-07 1.753114227675044822e+04 4.713718917027827702e+05 9.693597104596289000e+02 5.053670774937697036e-04 7.393948900531613617e+02 2.549001113589050016e-01 2.005424972565329700e+00 2.203083467093553072e+00 1.099807411808935598e+01 
1.823094946364726354e+01 5.420509310324980106e+03 3.166773400330932500e+14 1.122465136419566434e+33 2.067083462867716319e-03 2.964363233691900853e-07 1.195737356100352736e+04 4.753458547660764307e+05 2.882479547440807437e+02 1.084584137499810510e-04 3.984144782428518852e+02 3.556528974866856596e-01 1.487612643393559475e+00 1.636596763410406830e+00 2.875629071241511880e+01 
1.888947216038705434e+01 5.395608077642605167e+03 3.108981904127945000e+14 1.101980898531690182e+33 2.016512931959688927e-03 3.824432138717985335e-07 9.321647685249608912e+03 4.780817211474346113e+05 5.942584348679794459e+01 3.982890525050408639e-05 3.595692126265047506e+01 4.341954469130500094e-01 1.224677830114925259e+00 1.346412395922534699e+00 7.147669188521968309e+00 
1.922893908311582578e+01 5.370821238526142224e+03 3.052245064072120625e+14 1.081870484282719749e+33 1.967238660252802578e-03 4.293382648550613978e-07 8.342572834934720959e+03 4.803326400996487355e+05 2.935486898947818446e+01 2.543242068993086528e-05 1.231969440640578917e+01 4.617386968929735880e-01 1.138331307922200386e+00 1.249434423156770002e+00 3.814953931416928068e+00 
1.942378373928399782e+01 5.346148267463951925e+03 2.996543633394295000e+14 1.062127071641317352e+33 1.919097205225846333e-03 4.633675931245649859e-07 7.762879181518181213e+03 4.823818730707720970e+05 1.855778588031330756e+01 1.898585233968136664e-05 6.149929763793973159e+00 4.722327441264475012e-01 1.092147279965871576e+00 1.196219264024735107e+00 2.519114772287418536e+00 
1.952980037154756232e+01 5.321588641358519453e+03 2.941858716565923750e+14 1.042743963073638898e+33 1.872000980885469819e-03 4.907131479402974806e-07 7.360026011328280219e+03 4.843391097590816207e+05 1.321229810796264381e+01 1.527909488480794792e-05 3.679053105835383697e+00 4.739356552789263377e-01 1.063001903038065965e+00 1.161524750803258010e+00 1.840996414582915408e+00 
1.957426834341092814e+01 5.297141839515384163e+03 2.888171762889218125e+14 1.023714583271352993e+33 1.825893245411331321e-03 5.139271689303840009e-07 7.055516790339848740e+03 4.862648782949580345e+05 1.009089694592180031e+01 1.285204348935318271e-05 2.448624306441591791e+00 4.703374676642472774e-01 1.042986249109864927e+00 1.136745969121360611e+00 1.427677317587148886e+00 
1.957316678754751038e+01 5.272807343632116499e+03 2.835464560204255625e+14 1.005032476921120322e+33 1.780733609232970551e-03 5.343368146199423975e-07 6.812995976347311625e+03 4.881976956392637221e+05 8.073696577053357970e+00 1.112977987588763006e-05 1.748449219586390546e+00 4.632849251138168034e-01 1.028530200881185408e+00 1.118011654740329597e+00 1.151066675788293914e+00 
1.953692123332714559e+01 5.248584637787288557e+03 2.783719228710796250e+14 9.866913065147338147e+32 1.736492313877750033e-03 5.527314365918987038e-07 6.612794126424751084e+03 4.901642845532474457e+05 6.677161079576720226e+00 9.838482456637806287e-06 1.312264591429683325e+00 4.538890227497695551e-01 1.017745284310478615e+00 1.103281822069495322e+00 9.538445959400119190e-01 
1.947279067795856733e+01 5.224473208429583792e+03 2.732918214903045625e+14 9.686848501992898413e+32 1.693145697181091354e-03 5.696224464713766080e-07 6.443143937427311357e+03 4.921839232058692141e+05 5.660945775295796345e+00 8.830670502992097440e-06 1.022132896415901993e+00 4.428740337063633015e-01 1.009524292083055386e+00 1.091364242087894398e+00 8.066507272297277487e-01 
1.938612045452009269e+01 5.200472544366866714e+03 2.683044285614912188e+14 9.510069996665253036e+32 1.650674986848133137e-03 5.853634416432244160e-07 6.296470958226261246e+03 4.942711882764322800e+05 4.893020496586111712e+00 8.019610817500407593e-06 8.193080918059819640e-01 4.307404694366632203e-01 1.003168173756429971e+00 1.081509266174713879e+00 6.929339512078518393e-01 
1.928095956879841921e+01 5.176582136755363535e+03 2.634080522174056250e+14 9.336517580807167776e+32 1.609064173307117466e-03 6.002098334766897897e-07 6.167636397226446206e+03 4.964372539213572163e+05 4.295320585400787650e+00 7.350899013254601077e-06 6.718752795941044242e-01 4.178476835761438801e-01 9.982105987056988372e-01 1.073218236290241823e+00 6.026788755293879252e-01 
1.916047942002045446e+01 5.152801479088889209e+03 2.586010314662624375e+14 9.166132380443928888e+32 1.568299656245112500e-03 6.143530033163378808e-07 6.053003754839367502e+03 4.986908784126091632e+05 3.818928961329144833e+00 6.788629687256737709e-06 5.612832668230857136e-01 4.044617221620894765e-01 9.943272528411948308e-01 1.066145557993076531e+00 5.294800643050007194e-01 
1.902721291901511336e+01 5.129130067188073554e+03 2.538817356282611562e+14 8.998856596011331452e+32 1.528369478301361099e-03 6.279409496559834465e-07 5.949907633143298881e+03 5.010389917699879152e+05 3.431747926329099307e+00 6.308108295972456424e-06 4.761478628676379943e-01 3.907841789530530074e-01 9.912838272773962789e-01 1.060042247632900336e+00 4.690533563314182586e-01 
1.888322352238182944e+01 5.105567399189711978e+03 2.492485637824210312e+14 8.834633482748704278e+32 1.489262950012093826e-03 6.410904442046714840e-07 5.856343406195140233e+03 5.034870841962886625e+05 3.111909457264596668e+00 5.891794307936520137e-06 4.091712575307272504e-01 3.769700961453533727e-01 9.889069964649893629e-01 1.054724549953426571e+00 4.184296428840661441e-01 
1.873021511154662022e+01 5.082112975536083468e+03 2.446999442234940000e+14 8.673407331449144473e+32 1.450970018560538734e-03 6.538955607862734604e-07 5.770767964968595152e+03 5.060395918912665802e+05 2.844037109209113456e+00 5.526876019764447990e-06 3.554994382454753632e-01 3.631399994692395272e-01 9.870654298377942171e-01 1.050053432347425320e+00 3.754877492532670002e-01 
1.856961141906856838e+01 5.058766298964402267e+03 2.402343339288053750e+14 8.515123449561653914e+32 1.413481256169180338e-03 6.664334209658059032e-07 5.691968877797893583e+03 5.087000505073022214e+05 2.617025662944432618e+00 5.203769565710473951e-06 3.118009429300681590e-01 3.493884584344958966e-01 9.856574256769815578e-01 1.045921301486047339e+00 3.386724862473494135e-01 
1.840261529201831436e+01 5.035526874496239543e+03 2.358502180348095312e+14 8.359728142637610149e+32 1.376787592277273859e-03 6.787681697350014162e-07 5.618977456591452210e+03 5.114712813798153657e+05 2.422669149660100718e+00 4.915160180102363871e-06 2.757274809471804700e-01 3.357899441997275192e-01 9.846029664723314756e-01 1.042243465763380783e+00 3.068183926815162832e-01 
1.823025270786665430e+01 5.012394209427041460e+03 2.315461093232067812e+14 8.207168696116145769e+32 1.340880293987032658e-03 6.909535439813841957e-07 5.551010177806219872e+03 5.143554760694814613e+05 2.254782466767565108e+00 4.655373143817286866e-06 2.455857625808337275e-01 3.224030895359036863e-01 9.838385513280625272e-01 1.038952608747400363e+00 2.790358054911607488e-01 
1.805340249632791583e+01 4.989367813315704552e+03 2.273205477164399375e+14 8.057393357441987119e+32 1.305750529010132627e-03 7.030354500998747530e-07 5.487422875236785330e+03 5.173544029553916771e+05 2.108620786562162230e+00 4.419929459812824730e-06 2.201287167217406693e-01 3.092739177004824036e-01 9.833126676337576866e-01 1.035993931357330533e+00 2.546334238804578431e-01 
1.787282568961232343e+01 4.966447197974134724e+03 2.231720997823862500e+14 7.910351318509222464e+32 1.271389533803430867e-03 7.150531119550398087e-07 5.427682192344977921e+03 5.204694071702053770e+05 1.980488547677536459e+00 4.205253733003346609e-06 1.984221745120218205e-01 2.964382569182906768e-01 9.829836428700211570e-01 1.033322886484215219e+00 2.330667656109496055e-01 
1.768918322233238172e+01 4.943631877456943585e+03 2.190993582481044375e+14 7.765992698426031986e+32 1.237788473263772004e-03 7.270405126149943943e-07 5.371340827046740742e+03 5.237014997549382388e+05 1.867467105721081211e+00 4.008452989653728455e-06 1.797545844344379806e-01 2.839236964708344857e-01 9.828171789297387440e-01 1.030902559050178580e+00 2.139009365505482041e-01 
1.750305024075517579e+01 4.920921368051101126e+03 2.151009415224390000e+14 7.624268526593361177e+32 1.204938453687058207e-03 7.390273498891419589e-07 5.318019810309475361e+03 5.270513831650756765e+05 1.767222586942935436e+00 3.827159975314259959e-06 1.635760355489726814e-01 2.717511181253401964e-01 9.827846581504302570e-01 1.028701877520638686e+00 1.967843663768967799e-01 
1.731493280301793902e+01 4.898315188265724828e+03 2.111754932273528125e+14 7.485130726092970641e+32 1.172830387868480746e-03 7.510396042089414023e-07 5.267396962090428133e+03 5.305195389750126051e+05 1.677868657356255344e+00 3.659422740092744994e-06 1.494564867085395599e-01 2.599357449722251023e-01 9.828625009330318463e-01 1.026694943160527229e+00 1.814301951865730789e-01 
1.712527534577489874e+01 4.875812858821832378e+03 2.073216817377976562e+14 7.348532097378116252e+32 1.141454963953214856e-03 7.631002761488336341e-07 5.219195526009005334e+03 5.341062663981064688e+05 1.597864848729362741e+00 3.503614905183975949e-06 1.370554177313396127e-01 2.484881583084999068e-01 9.830309137489812166e-01 1.024859709790884033e+00 1.676018824650818972e-01 
1.693447046774426212e+01 4.853413902642198991e+03 2.035381997299920000e+14 7.214426302262219173e+32 1.110802701000903085e-03 7.752297880194774823e-07 5.173176422864997221e+03 5.378116890726507409e+05 1.525941722416972679e+00 3.358371157732157264e-06 1.261003754896632412e-01 2.374150959011137596e-01 9.832732996253945590e-01 1.023177383224129322e+00 1.551027286642673586e-01 
1.674286393402676509e+01 4.831117844841252918e+03 1.998237637379408750e+14 7.082767848199678982e+32 1.080863905395861198e-03 7.874464013948763255e-07 5.129131749038856469e+03 5.416357888815379702e+05 1.461044188559131207e+00 3.222536433858215880e-06 1.163712093682823662e-01 2.267200861191255579e-01 9.835755748877987870e-01 1.021631696918999799e+00 1.437678170099114527e-01 
1.655076347000497705e+01 4.808924212714979149e+03 1.961771137180423750e+14 6.953512072853327575e+32 1.051628766782779830e-03 7.997665257018092161e-07 5.086879440196863470e+03 5.455783942049241159e+05 1.402288776937327786e+00 3.095126379534426858e-06 1.076883832063562502e-01 2.164040327285637333e-01 9.839258173471032709e-01 1.020208581168466466e+00 1.334578477099682137e-01 
1.635844214098055360e+01 4.786832535730931340e+03 1.925970126216504688e+14 6.826615128943876148e+32 1.023087149010862892e-03 8.122050008275113385e-07 5.046259916472563418e+03 5.496392908087960677e+05 1.348930464231470339e+00 2.975297950970158605e-06 9.990442202227479973e-02 2.064655392449726845e-01 9.843139903470190522e-01 1.018895854613367291e+00 1.240544660451284448e-01 
1.616614275788779409e+01 4.764842345518223738e+03 1.890822459754270000e+14 6.702033969375468140e+32 9.952287533882687824e-04 8.247752813419014997e-07 5.007132325601321099e+03 5.538181709575155983e+05 1.300336792760702798e+00 2.862324346758581650e-06 9.289718781126397873e-02 1.969013716388523239e-01 9.847315724931935410e-01 1.017682861388044646e+00 1.154564289347769362e-01 
1.597408217388664653e+01 4.742953175857614951e+03 1.856316214693596250e+14 6.579726332632944071e+32 9.680430998526963439e-04 8.374896027810607299e-07 4.969372066637580247e+03 5.581146649016768206e+05 1.255967688211199196e+00 2.755576002760425005e-06 8.656485763559515489e-02 1.877067541790508054e-01 9.851714117790307812e-01 1.016560331895830505e+00 1.075766709626696516e-01 
1.578245153978839177e+01 4.721164562671640851e+03 1.822439685522989688e+14 6.459650728445626523e+32 9.415195233158906579e-04 8.503592918649300865e-07 4.932867567467848858e+03 5.625283482166698668e+05 1.215359088370426388e+00 2.654502761871876758e-06 8.082183660133948622e-02 1.788756705121192503e-01 9.856271936733476124e-01 1.015519812854927650e+00 1.003397896016073043e-01 
1.559142335216253983e+01 4.699476044014738363e+03 1.789181380348676875e+14 6.341766423712401088e+32 9.156472727120727696e-04 8.633946251262816533e-07 4.897519832877226690e+03 5.670587283998747589e+05 1.178110535790247049e+00 2.558624441245905934e-06 7.559594157394884661e-02 1.704010715858973735e-01 9.860937847185140548e-01 1.014554076585219455e+00 9.368034209441064575e-02 
1.540115086110579945e+01 4.677887160063491137e+03 1.756530016996289688e+14 6.226033428684110663e+32 8.904153649519955770e-04 8.766051731225801985e-07 4.863240158652677565e+03 5.717053303457911825e+05 1.143874561214649921e+00 2.467518374635840568e-06 7.082585771071567282e-02 1.622750406559562986e-01 9.865668183354768805e-01 1.013656661973806994e+00 8.754117947341481798e-02 
1.521177047403418747e+01 4.656397453106848843e+03 1.724474519183573750e+14 6.112412483397695919e+32 8.658127092822182286e-04 8.899998838492662037e-07 4.829948453511400658e+03 5.764676508842085022e+05 1.112348276743917452e+00 2.380810407769805449e-06 6.645917442235094175e-02 1.544890160004430968e-01 9.870425199629507818e-01 1.012821713852086081e+00 8.187214539080105158e-02 
1.502340395525473582e+01 4.635006467536434684e+03 1.693004012763015000e+14 6.000865044358156249e+32 8.418281142270853416e-04 9.035870698598936756e-07 4.797572738497692626e+03 5.813451735570842866e+05 1.083266578025465110e+00 2.298169047813275642e-06 6.245094523695168126e-02 1.470339108624030555e-01 9.875177623406797833e-01 1.012044047958209125e+00 7.662910324157423680e-02 
1.483616044295025915e+01 4.613713749836901115e+03 1.662107822033037812e+14 5.891353271463560253e+32 8.184503020816502475e-04 9.173744973773426124e-07 4.766048150850923776e+03 5.863373825812127907e+05 1.056396522671964044e+00 2.219299365429879597e-06 5.876243866174430536e-02 1.399002404507306840e-01 9.879900014855327317e-01 1.011319098758760804e+00 7.177306449152962009e-02 
1.465013497266929576e+01 4.592518848576285563e+03 1.631775466116457188e+14 5.783840015168450142e+32 7.956679339984171380e-04 9.313695640178961266e-07 4.735315316390925545e+03 5.914437412926926045e+05 1.031532448474823838e+00 2.143936621771504810e-06 5.536003797461699211e-02 1.330782562218955356e-01 9.884568890428553356e-01 1.010642488625972391e+00 6.726938518535287292e-02 
1.446541403493026934e+01 4.571421314396468915e+03 1.601996655405104062e+14 5.678288803881787823e+32 7.734696375739332549e-04 9.455791666667099226e-07 4.705320864493882254e+03 5.966637245628269156e+05 1.008492421368351710e+00 2.071844286166451436e-06 5.221457404866290675e-02 1.265580050224502096e-01 9.889166926460175588e-01 1.010010524191719439e+00 6.308729458448800176e-02 
# Sigma_plus_index = 107  Sigma_minus_index = 138
# Non-converged_fits = 0