# Sigma0 	Teff 	Mdot 	F 	z0r 	rho_c 	T_c 	P_c 	tau 	PradPgas_c 	varkappa_c 	Pi1 	Pi2 	Pi3 	Pi4
# All values are in CGS units.
# M = 1.005829e+01 Msun, alpha = 0.01, r = 1.000000e+10 cm, r = 3366.4773037502728 rg, structure = BellLin, mu = 0.62
2.227006825821654559e+02 1.000000000000000000e+04 3.668230432466068000e+15 1.300206946403600972e+34 2.130628990191783811e-02 9.579242975122022136e-07 7.881647064793304889e+04 1.012489826849202067e+07 9.386056616687528731e+03 9.611851139272140077e-03 8.273104085831353416e+01 5.678550132112804683e+00 5.455725755732030446e-01 1.148425569650699307e+00 4.476034020415641801e-01 
2.199910014848303774e+02 9.954061083088736268e+03 3.601287680866792000e+15 1.276479039380531251e+34 2.120584399192193201e-02 9.492418067835525744e-07 7.833587932685378473e+04 9.971949618388384581e+06 9.329441508679146864e+03 9.523412278660076113e-03 8.324224842656624901e+01 5.660140735648059973e+00 5.464400240739373249e-01 1.148393461165944984e+00 4.475878719793753291e-01 
2.173139324453618997e+02 9.908333204586158899e+03 3.535566589704101000e+15 1.253184150788293005e+34 2.110533912738701140e-02 9.406375636647257664e-07 7.785821815648453776e+04 9.821306710839146748e+06 9.273172209296319124e+03 9.435791542516776959e-03 8.375658882946123640e+01 5.641501836222547972e+00 5.473220212726352951e-01 1.148360381188191282e+00 4.475714739605209380e-01 
2.146690751756115958e+02 9.862815395004698075e+03 3.471044864492265000e+15 1.230314378330193858e+34 2.100481702882830634e-02 9.321107541825157830e-07 7.738348023763303354e+04 9.672935056699918583e+06 9.217242429711328441e+03 9.348986428468569754e-03 8.427404112490889077e+01 5.622654790928480750e+00 5.482177188490637842e-01 1.148326424688156377e+00 4.475537167045353093e-01 
2.120560421387903318e+02 9.817506689310463116e+03 3.407700617604948500e+15 1.207861963921150179e+34 2.090422266224147008e-02 9.236608613613137094e-07 7.691163889912022569e+04 9.526801202776474878e+06 9.161655170557516612e+03 9.262984356059102489e-03 8.479466354733135347e+01 5.603570727217376479e+00 5.491286355681574971e-01 1.148291423444534942e+00 4.475350040433506704e-01 
2.094744469139630496e+02 9.772406126902860706e+03 3.345512360850403500e+15 1.185819291055958589e+34 2.080355641010783393e-02 9.152871529037455396e-07 7.644268364975487930e+04 9.382871906506516039e+06 9.106411709501033329e+03 9.177780866617557196e-03 8.531845138545897100e+01 5.584249166591308544e+00 5.500549854987655252e-01 1.148255436934564111e+00 4.475150248528737551e-01 
2.069239036759477983e+02 9.727512751594169458e+03 3.284458998181975000e+15 1.164178882225529005e+34 2.070284050649446109e-02 9.069890228599502493e-07 7.597659355105114810e+04 9.241114350977672264e+06 9.051505564913459239e+03 9.093366543859079595e-03 8.584543984101894409e+01 5.564702196468852335e+00 5.509963221417755186e-01 1.148218338595840882e+00 4.474939139929302034e-01 
2.044040376090502775e+02 9.682825611589285472e+03 3.224519818541743000e+15 1.142933396380309058e+34 2.060204548984189907e-02 8.987657675677327180e-07 7.551335820210873499e+04 9.101496419686507434e+06 8.996942307444240214e+03 9.009736830500218036e-03 8.637562548229746540e+01 5.544913373215800689e+00 5.519536507707025752e-01 1.148180198659547901e+00 4.474713713902703782e-01 
2.019144707150084344e+02 9.638343759465578842e+03 3.165674488834778000e+15 1.122075626440003164e+34 2.050120082927759171e-02 8.906167792504235762e-07 7.505295760831984808e+04 8.963986208848411217e+06 8.942714320532066267e+03 8.926882844482134094e-03 8.690904054465254092e+01 5.524898688360216248e+00 5.529263363243771545e-01 1.148140892340251629e+00 4.474474928907048454e-01 
1.994548382699740898e+02 9.594066252152739253e+03 3.107903047031484000e+15 1.101598496848693405e+34 2.040026799454119563e-02 8.825414215290024958e-07 7.459537786847671669e+04 8.828552657485447824e+06 8.888825721295035692e+03 8.844798260507689275e-03 8.744569721921355665e+01 5.504637087598376333e+00 5.539156165743229776e-01 1.148100436973054972e+00 4.474221460755681834e-01 
1.970247735229224020e+02 9.549992150912858051e+03 3.051185895396002500e+15 1.081495061174641884e+34 2.029925386563761341e-02 8.745390795508737425e-07 7.414060186962009175e+04 8.695164926273524761e+06 8.835276565827929517e+03 8.763475473627544907e-03 8.798561886279377120e+01 5.484132223047381238e+00 5.549214919754236197e-01 1.148058760558512192e+00 4.473953189833347888e-01 
1.946239151184375089e+02 9.506120521320448461e+03 2.995503793837994500e+15 1.061758499753825932e+34 2.019816325867875711e-02 8.666091139547060956e-07 7.368861525830016762e+04 8.563792643366307020e+06 8.782065137316327309e+03 8.682908188921287934e-03 8.852881817010855059e+01 5.463386470643973425e+00 5.559440399916177888e-01 1.148015837992201860e+00 4.473668817158112931e-01 
1.922519084704622969e+02 9.462450433242707732e+03 2.940837853385944000e+15 1.042382117376544842e+34 2.009697477404970983e-02 8.587509442371419812e-07 7.323940087438382034e+04 8.434406071053352207e+06 8.729193519918659149e+03 8.603088609072813073e-03 8.907532193277280896e+01 5.442388268699946074e+00 5.569840375979520086e-01 1.147971610725308178e+00 4.473368499327318726e-01 
1.899083989309797573e+02 9.418980960819737447e+03 2.887169529779397000e+15 1.023359341016184920e+34 1.999570459274570972e-02 8.509639163421347744e-07 7.279294647484873713e+04 8.306975687873680145e+06 8.676659333642481215e+03 8.524011489554840851e-03 8.962513442468963376e+01 5.421146034170727823e+00 5.580412716112915783e-01 1.147926071694541195e+00 4.473049965553312357e-01 
1.875930399647969864e+02 9.375711182444940277e+03 2.834480617178252000e+15 1.004683717599472283e+34 1.989433275592048661e-02 8.432474809520105060e-07 7.234923349457862787e+04 8.181472640137542970e+06 8.624464666271689566e+03 8.445668389162211062e-03 9.017828975488150434e+01 5.399649127770740797e+00 5.591164826202545957e-01 1.147879131483755977e+00 4.472714082547429859e-01 
1.853054907874676474e+02 9.332640180745505859e+03 2.782753241986840000e+15 9.863489118174145798e+33 1.979283670628421282e-02 8.356010383793777436e-07 7.190824874415123486e+04 8.057868554880851880e+06 8.572615351028327495e+03 8.368053342093119754e-03 9.073480035063955995e+01 5.377885072748693318e+00 5.602105454327925838e-01 1.147830795523589353e+00 4.472359356183374102e-01 
1.830453990924532661e+02 9.289767042562896677e+03 2.731969856790612000e+15 9.683487039761543067e+33 1.969128885571079166e-02 8.280239354814398218e-07 7.146997836181629100e+04 7.936134822436628863e+06 8.521096177948069453e+03 8.291160754004071529e-03 9.129467440393887046e+01 5.355893087316669465e+00 5.613216427819794907e-01 1.147780959712223048e+00 4.471983875220255089e-01 
1.808124435825359910e+02 9.247090858933566778e+03 2.682113234403643500e+15 9.506769878871030864e+33 1.958959433343614859e-02 8.205156492349388128e-07 7.103440866593336978e+04 7.816244454545836896e+06 8.469928671604302508e+03 8.214983862878763587e-03 9.185793324975055896e+01 5.333621489794903248e+00 5.624527036087764165e-01 1.147729686329726606e+00 4.471586984094055861e-01 
1.786062843817416024e+02 9.204610725069620457e+03 2.633166462024594500e+15 9.333277687955174608e+33 1.948779512308663336e-02 8.130755838129625726e-07 7.060152415047850809e+04 7.698169902203281410e+06 8.419103307202818542e+03 8.139516076706748010e-03 9.242459595826160523e+01 5.311093160047195560e+00 5.636027652406039312e-01 1.147676865074679808e+00 4.471167824457076279e-01 
1.764265959474916770e+02 9.162325740339661934e+03 2.585112935499438500e+15 9.162951613469188718e+33 1.938587175117552353e-02 8.057031704181079892e-07 7.017131180984174716e+04 7.581884489273908548e+06 8.368628138071011563e+03 8.064751474441791620e-03 9.299467626040714663e+01 5.288297386550015133e+00 5.647726422278672720e-01 1.147622489000497348e+00 4.470724904049690474e-01 
1.742730523773665823e+02 9.120235008249721432e+03 2.537936353688879000e+15 8.995733875906203051e+33 1.928382698574466342e-02 7.983978742824715843e-07 6.974375492307833338e+04 7.467361788903389126e+06 8.318501968710077563e+03 7.990682585911847505e-03 9.356820384352296571e+01 5.265235892359322101e+00 5.659624838361494437e-01 1.147566458507795817e+00 4.470258337132322901e-01 
1.721453340333325173e+02 9.078337636424193988e+03 2.491620712938473500e+15 8.831567750196573530e+33 1.918165326050822253e-02 7.911591142998339541e-07 6.931884226264090103e+04 7.354575858578598127e+06 8.268732090007819352e+03 7.917304371233724325e-03 9.414518471215312445e+01 5.241904373162231678e+00 5.671727910870361100e-01 1.147508779148749047e+00 4.469765759046091524e-01 
1.700431245021188431e+02 9.036632736586983810e+03 2.446150301649800500e+15 8.670397546465355907e+33 1.907934335305481316e-02 7.839863688840323271e-07 6.889655818303194246e+04 7.243501159451750107e+06 8.219323282182776893e+03 7.844609746140800838e-03 9.472564630482619918e+01 5.218299085671948667e+00 5.684040260303718783e-01 1.147449374898638297e+00 4.469246944945941546e-01 
1.679661098950749931e+02 8.995119424542615889e+03 2.401509694950577500e+15 8.512168591140483258e+33 1.897689821275144739e-02 7.768790717488243712e-07 6.847689107984480506e+04 7.134112481820923276e+06 8.170279242763945149e+03 7.772593528786393528e-03 9.530959686675892328e+01 5.194420476445116286e+00 5.696564486018009799e-01 1.147388227376767711e+00 4.468699681280233205e-01 
1.659139821755171909e+02 8.953796820157509501e+03 2.357683749462116500e+15 8.356827208405990987e+33 1.887430691887220444e-02 7.698367037052101657e-07 6.805982703086060064e+04 7.026385116697190329e+06 8.121611511581068044e+03 7.701249340839141054e-03 9.589705787294265349e+01 5.170262717808643771e+00 5.709306590961601424e-01 1.147325289883357691e+00 4.468123032249285420e-01 
1.638864346949104629e+02 8.912664047341353580e+03 2.314657598162295000e+15 8.204320701993766086e+33 1.877156963414787841e-02 7.628587312092900281e-07 6.764535313117675832e+04 6.920294634290904738e+06 8.073324688761066682e+03 7.630571363092119794e-03 9.648804534396219879e+01 5.145826008010883967e+00 5.722269418970233890e-01 1.147260514661445185e+00 4.467515475605502440e-01 
1.618831664426752468e+02 8.871720234028462073e+03 2.272416645342157500e+15 8.054597337307194842e+33 1.866867706865827856e-02 7.559446544052265170e-07 6.723345530519800377e+04 6.815817091604160145e+06 8.025433952386541023e+03 7.560553111113527472e-03 9.708258348716172748e+01 5.121105500761108154e+00 5.735458627209193416e-01 1.147193844056409784e+00 4.466876226746073208e-01 
1.599038796565859570e+02 8.830964512159360311e+03 2.230946561654712000e+15 7.907606323871579615e+33 1.856562439453967803e-02 7.490939164293307300e-07 6.682412488934471912e+04 6.712928874118501320e+06 7.977953360900559346e+03 7.491190562138518895e-03 9.768066950453687980e+01 5.096098411051895205e+00 5.748879097770139834e-01 1.147125310417512534e+00 4.466201805342256970e-01 
1.579482779577332963e+02 8.790396017662311351e+03 2.190233279253927500e+15 7.763297798104282664e+33 1.846241093020610513e-02 7.423060612352720165e-07 6.641734470820268325e+04 6.611606703444435261e+06 7.930897730750672963e+03 7.422475879898972687e-03 9.828234395175505256e+01 5.070804944559928806e+00 5.762533721001167342e-01 1.147054777830351480e+00 4.465492920747152206e-01 
1.560160722946385476e+02 8.750013890435060603e+03 2.150262987022585750e+15 7.621622806399810075e+33 1.835902569223249806e-02 7.355805427747136254e-07 6.601310749293789559e+04 6.511827773353725672e+06 7.884295401390415464e+03 7.354405523093953193e-03 9.888759933453835060e+01 5.045218920018470499e+00 5.776429564582439280e-01 1.146982309900456798e+00 4.464745535807042587e-01 
1.541069752902770347e+02 8.709817274326551342e+03 2.111022125887099000e+15 7.482533288523152314e+33 1.825546232703198143e-02 7.289168955295270984e-07 6.561139940023320378e+04 6.413569616196429357e+06 7.838176856708720152e+03 7.286972997027790257e-03 9.949646238458082337e+01 5.019337260277896284e+00 5.790571758270662839e-01 1.146907838457329021e+00 4.463958877051234508e-01 
1.522206978579549173e+02 8.669805317118783933e+03 2.072497384217894000e+15 7.345982061306408854e+33 1.815173236921857614e-02 7.223146279762938443e-07 6.521220733697937249e+04 6.316809885818528011e+06 7.792562692052077182e+03 7.220172385823571404e-03 1.001089536374991980e+02 4.993166719941615206e+00 5.804959889612324453e-01 1.146831266870667054e+00 4.463131530516820655e-01 
1.503569672443952072e+02 8.629977170508787822e+03 2.034675693313765250e+15 7.211922802643047557e+33 1.804780375268150508e-02 7.157732931367767533e-07 6.481552070420025848e+04 6.221527139093204401e+06 7.747535436579217276e+03 7.153998220453047265e-03 1.007250901167189028e+02 4.966689932637371463e+00 5.819607724611322030e-01 1.146752636599776221e+00 4.462261611052733001e-01 
1.485155001938477426e+02 8.590331990090568070e+03 1.997544222968525250e+15 7.080310035773863570e+33 1.794369314953307010e-02 7.092923527439773363e-07 6.442133184732938389e+04 6.127699679917785339e+06 7.703140236954189277e+03 7.088446972040844500e-03 1.013448640916503507e+02 4.939916163117931802e+00 5.834513851144312868e-01 1.146671937294788224e+00 4.461344905760452062e-01 
1.466960265920947961e+02 8.550868935337273797e+03 1.961090377118701000e+15 6.951099113860205916e+33 1.783938142762644605e-02 7.028714142833596664e-07 6.402962558384956355e+04 6.035306616436626762e+06 7.659496908712310869e+03 7.023511221287391700e-03 1.019683171767825485e+02 4.912835628117846909e+00 5.849687725903280899e-01 1.146589092749128458e+00 4.460381739064601669e-01 
1.448982739636375356e+02 8.511587169583317518e+03 1.925301789570527250e+15 6.824246204838277117e+33 1.773486942159997748e-02 6.965100365240376912e-07 6.364038937190185970e+04 5.944327142809674144e+06 7.616741668504431800e+03 6.959184976474323478e-03 1.025954743267960652e+02 4.885449386557190188e+00 5.865132698030495195e-01 1.146504028326934321e+00 4.459370788727570201e-01 
1.431219765872817504e+02 8.472485860006661824e+03 1.890166319805002000e+15 6.699708276550118989e+33 1.763015117515433217e-02 6.902076769601291815e-07 6.325362189564659639e+04 5.854740886993833818e+06 7.575111601719780083e+03 6.895466992282795263e-03 1.032262999112196553e+02 4.857753937552569568e+00 5.880855494357359881e-01 1.146416902299670415e+00 4.458305045077832207e-01 
1.413668722864689187e+02 8.433564177611189734e+03 1.855672048859497250e+15 6.577443082145955818e+33 1.752521356669551819e-02 6.839640246260070884e-07 6.286930277490298613e+04 5.766527915059013292e+06 7.527214446220305945e+03 6.832347512105186281e-03 1.038608687990780908e+02 4.829743401413710835e+00 5.896863508541310139e-01 1.146327520501974728e+00 4.457187640462792477e-01 
1.396326939577979545e+02 8.394821297209071417e+03 1.821807275284452500e+15 6.457409145752660628e+33 1.742007220788123825e-02 6.777785328856641548e-07 6.248742983102615835e+04 5.679668221135013737e+06 7.477493859370096288e+03 6.769825144315392250e-03 1.044991466745705964e+02 4.801426366258393585e+00 5.913156332619097233e-01 1.146235959589232412e+00 4.456011589390843630e-01 
1.379191941709291314e+02 8.356256397403332812e+03 1.788560511173963000e+15 6.339565748404147930e+33 1.731469427043282397e-02 6.716508728387065562e-07 6.210798953436523152e+04 5.594142824532018043e+06 7.428579526659150361e+03 6.707892665347403062e-03 1.051411780867748860e+02 4.772785692337420116e+00 5.929748915784490704e-01 1.146142216104533818e+00 4.454777013800873542e-01 
1.362261135347635275e+02 8.317868660570378779e+03 1.755920478268695250e+15 6.223872914228132402e+33 1.720909026891255522e-02 6.655805804462058339e-07 6.173097507324238541e+04 5.509932450497930869e+06 7.380386585298657337e+03 6.646546438153154088e-03 1.057869588225545101e+02 4.743827672973086607e+00 5.946642305127975980e-01 1.146046288908455280e+00 4.453479542173788275e-01 
1.345532046370262833e+02 8.279657272842696329e+03 1.723876104130011750e+15 6.110291396885280528e+33 1.710324721547691607e-02 6.595672621121592755e-07 6.135637807674598298e+04 5.427018494389135391e+06 7.332845928906182053e+03 6.585781659567894845e-03 1.064365013856948536e+02 4.714545849813669420e+00 5.963845523767464796e-01 1.145948219344863572e+00 4.452116225180338671e-01 
1.329002196849723418e+02 8.241621424091608787e+03 1.692416518383887750e+15 5.998782666255750378e+33 1.699716133419796812e-02 6.536105414709439573e-07 6.098418828579330147e+04 5.345382544272439554e+06 7.285901535995923041e+03 6.525592794086566666e-03 1.070898289714130414e+02 4.684939073648110686e+00 5.981364359130511010e-01 1.145847983003843051e+00 4.450684976793092273e-01 
1.312669097402865930e+02 8.203760307910057236e+03 1.661531049033331500e+15 5.889308895368538948e+33 1.689083767493785790e-02 6.477100209526222621e-07 6.061439652473577007e+04 5.265006327905511484e+06 7.239508170854814125e+03 6.465974917893518338e-03 1.077469566294603140e+02 4.655011059154310793e+00 5.999201665022602104e-01 1.145745538165639399e+00 4.449182894331221161e-01 
1.296530414266306934e+02 8.166073121595555676e+03 1.631209218838179000e+15 5.781832947569634151e+33 1.678425477589815321e-02 6.418653363991224395e-07 6.024699717848833097e+04 5.185872366214424372e+06 7.193631173733081596e+03 6.406923958351175459e-03 1.084078887817150161e+02 4.624750718261624094e+00 6.017370153838027536e-01 1.145641019439068709e+00 4.447605993194779228e-01 
1.280583744446290666e+02 8.128559066133118904e+03 1.601440741760868500e+15 5.676318363924040373e+33 1.667741289996997264e-02 6.360761210744019180e-07 5.988198173521370336e+04 5.107963109503379092e+06 7.148239711346383046e+03 6.348434981983983733e-03 1.090726418116464771e+02 4.594159258211430341e+00 6.035874702648325041e-01 1.145534420256865360e+00 4.445951276209242908e-01 
1.264826762778493361e+02 8.091217346178379557e+03 1.572215519477166500e+15 5.572729350848019414e+33 1.657030358620788235e-02 6.303420228576203241e-07 5.951934344207590038e+04 5.031261478423441760e+06 7.103307109958893307e+03 6.290503513284888791e-03 1.097412263955618812e+02 4.563233038098591265e+00 6.054723629356667525e-01 1.145425810434724134e+00 4.444215134110339749e-01 
1.249257133203273185e+02 8.054047170040672427e+03 1.543523637950484000e+15 5.471030767966729874e+33 1.646292597873322966e-02 6.246626953768817167e-07 5.915907465995545499e+04 4.955750560006495565e+06 7.058812103732969263e+03 6.233124778421395527e-03 1.104136579277373613e+02 4.531972776502569467e+00 6.073922495704772162e-01 1.145315206745073144e+00 4.442394248563776848e-01 
1.233872619454010504e+02 8.017047749666274285e+03 1.515355364068766750e+15 5.371188116193662130e+33 1.635526679131479172e-02 6.190378056492716601e-07 5.880117061139322323e+04 4.881413979393037036e+06 7.014739643493900985e+03 6.176294814342902714e-03 1.110899405477950097e+02 4.500372229202568519e+00 6.093481902304932474e-01 1.145202747471107507e+00 4.440484214540234564e-01 
1.218670939709389387e+02 7.980218300621718299e+03 1.487701142342764000e+15 5.273167526027624980e+33 1.624732692008597212e-02 6.134670174169327302e-07 5.844562495403952198e+04 4.808235389518337324e+06 6.971075077830041664e+03 6.120009230569932977e-03 1.117700845548277044e+02 4.468433192280905963e+00 6.113407171294830134e-01 1.145088473727880363e+00 4.438481054613232502e-01 
1.203649899841277175e+02 7.943558042077109349e+03 1.460551591664487500e+15 5.176935746063081573e+33 1.613909724858572994e-02 6.079500586625019886e-07 5.809242927329611848e+04 4.736198960885196924e+06 6.927805548620790432e+03 6.064262384434339348e-03 1.124541216883608001e+02 4.436152227896046796e+00 6.133707264892969135e-01 1.144972440461279106e+00 4.436382459018617941e-01 
1.188807347086155630e+02 7.907066196789630339e+03 1.433897502124917500e+15 5.082460131710484224e+33 1.603056840982987341e-02 6.024865571315974687e-07 5.774158611142083100e+04 4.665289151607828215e+06 6.884923629822651492e+03 6.009053099639587690e-03 1.131420121958904303e+02 4.403525027042898721e+00 6.154392664216206121e-01 1.144854939248325820e+00 4.434179973303306044e-01 
1.174141054213842921e+02 7.870741991087012138e+03 1.407729831889697250e+15 4.989708634122152643e+33 1.592174638617718102e-02 5.970762822090737872e-07 5.739308191973798239e+04 4.595490385534865782e+06 6.842417654677738028e+03 5.954373782335635294e-03 1.138338198380673276e+02 4.370557093855087061e+00 6.175466300065887149e-01 1.144735841154068678e+00 4.431873733403536297e-01 
1.159648981825701526e+02 7.834584654851149935e+03 1.382039704131897000e+15 4.898649789320431680e+33 1.581261356370467636e-02 5.917189443484742132e-07 5.704691692555727786e+04 4.526787911772616208e+06 6.800285516187743269e+03 5.900221766551804435e-03 1.145295305417531608e+02 4.337240024657742055e+00 6.196941894357183012e-01 1.144615452533558564e+00 4.429457160353101330e-01 
1.145329032847400725e+02 7.798593421501802368e+03 1.356818404020757750e+15 4.809252707524272038e+33 1.570316645148948920e-02 5.864142807140925382e-07 5.670308651529192139e+04 4.459166954775733873e+06 6.758521836483177140e+03 5.846592635202241782e-03 1.152291584710640535e+02 4.303573688154926025e+00 6.218827379416629331e-01 1.144493904604147350e+00 4.426925921670345487e-01 
1.131179195069986037e+02 7.762767527980284285e+03 1.332057375765331000e+15 4.721487062670390127e+33 1.559339441037609249e-02 5.811620621635163881e-07 5.636158678353016876e+04 4.392613209637663327e+06 6.717126159928396191e+03 5.793481885103874372e-03 1.159327208104385392e+02 4.269554120531116936e+00 6.241133799952249817e-01 1.144371404604453746e+00 4.424275772294840592e-01 
1.117197349888749898e+02 7.727106214733349589e+03 1.307748219712150500e+15 4.635323082125946055e+33 1.548330620517774509e-02 5.759619977365977132e-07 5.602241524940558156e+04 4.327112168583933264e+06 6.676090748769490347e+03 5.740886096128872823e-03 1.166402150428999960e+02 4.235188016455603943e+00 6.263864710565218985e-01 1.144248060330037120e+00 4.421500716221869465e-01 
1.103381635016228017e+02 7.691608725697026784e+03 1.283882689495786000e+15 4.550731536588657250e+33 1.537287941754020282e-02 5.708139142830833584e-07 5.568556996612773219e+04 4.262650402263296768e+06 6.635420822590126591e+03 5.688800861043156847e-03 1.173516590540178868e+02 4.200465111947137231e+00 6.287036530714006366e-01 1.144124228501381735e+00 4.418596236284022538e-01 
1.089730029503703150e+02 7.656274308280651894e+03 1.260452689241481250e+15 4.467683730171531712e+33 1.526211803280908171e-02 5.657176004337236858e-07 5.535104590645906865e+04 4.199214098027378321e+06 6.595113753437149171e+03 5.637221234353325360e-03 1.180670795086695222e+02 4.165389986212661988e+00 6.310654803297062188e-01 1.144000020357307079e+00 4.415558357644426835e-01 
1.076240669391936677e+02 7.621102213350856800e+03 1.237450270818763250e+15 4.386151490668262910e+33 1.515101062892145085e-02 5.606728356989051135e-07 5.501884617890409572e+04 4.136790136215265840e+06 6.555173750839911918e+03 5.586144873175305850e-03 1.187864580395938390e+02 4.129958333543141791e+00 6.334732574002044370e-01 1.143875860661215160e+00 4.412379319398115340e-01 
1.062911641153447562e+02 7.586091695215711297e+03 1.214867631145222500e+15 4.306107159996463976e+33 1.503955566693743195e-02 5.556794365199312453e-07 5.468896868596535933e+04 4.075365407453465741e+06 6.515601902299475114e+03 5.535567489058766492e-03 1.195098110108290257e+02 4.094171815492401834e+00 6.359278379312142127e-01 1.143751995279075562e+00 4.409053985459251424e-01 
1.049741152095724317e+02 7.551242011608936082e+03 1.192697109539500000e+15 4.227523584815303759e+33 1.492774146680598234e-02 5.507372732556620468e-07 5.436141208447721874e+04 4.014927385365352966e+06 6.476406255778101695e+03 5.485484508062894379e-03 1.202371626291016611e+02 4.058026687839359603e+00 6.384305376729978443e-01 1.143628796504622125e+00 4.405577627756143144e-01 
1.036727330155823807e+02 7.516552423674113925e+03 1.170931185122527500e+15 4.150374107314192614e+33 1.481556977772451218e-02 5.458461954178524658e-07 5.403617380419225083e+04 3.955463424802718684e+06 6.437586821778481863e+03 5.435891214460490152e-03 1.209685401219829401e+02 4.021526789481298714e+00 6.409821065002860863e-01 1.143506507910911685e+00 4.401945557009724341e-01 
1.023868463273288540e+02 7.482022195949080924e+03 1.149562474266266250e+15 4.074632556169810299e+33 1.470302850772876348e-02 5.410060703993023260e-07 5.371325746341542981e+04 3.896961586825339589e+06 6.399154802282570017e+03 5.386784602007165836e-03 1.217039406321729302e+02 3.984668153930757573e+00 6.435839918255999992e-01 1.143385664369434451e+00 4.398150510395403834e-01 
1.011162786521664998e+02 7.447650596350286833e+03 1.128583728088938000e+15 4.000273237667938241e+33 1.459011558529392863e-02 5.362167867573641943e-07 5.339266271373380005e+04 3.839409907595920376e+06 6.361115984959188609e+03 5.338160267054662886e-03 1.224433882335315502e+02 3.947452757773346033e+00 6.462371850331953826e-01 1.143266644179765867e+00 4.394187139249441376e-01 
9.986086389904470195e+01 7.413436896157292722e+03 1.107987829996006625e+15 3.927270926987452508e+33 1.447682129402510891e-02 5.314782866577568919e-07 5.307438955001363502e+04 3.782796944408021402e+06 6.323482400080704792e+03 5.290013393308765424e-03 1.231869182151844342e+02 3.909878614262983554e+00 6.489430468296295551e-01 1.143149935442462128e+00 4.390050697086959053e-01 
9.862043123198529315e+01 7.379380369997345952e+03 1.087767793266040125e+15 3.855600859643389980e+33 1.436314612006895676e-02 5.267904266925021400e-07 5.275844449112009897e+04 3.727111214783967938e+06 6.286262559328695716e+03 5.242341978627686888e-03 1.239345090675261076e+02 3.871948973684927076e+00 6.517025928702471216e-01 1.143036104634023387e+00 4.385731911809011008e-01 
9.739482377064878449e+01 7.345480295829946044e+03 1.067916758680580875e+15 3.785238723086007677e+33 1.424907870179471792e-02 5.221532201701455011e-07 5.244482632574217132e+04 3.672341899929646868e+06 6.249473106804925010e+03 5.195140157988119983e-03 1.246862209037802955e+02 3.833661490840167385e+00 6.545173065809350987e-01 1.142925697611820945e+00 4.381227457720809348e-01 
9.618387900051305905e+01 7.311735954931599736e+03 1.048427992197337000e+15 3.716160648453394518e+33 1.413461853012813046e-02 5.175666257516002675e-07 5.213353687397010071e+04 3.618478105014231056e+06 6.213127175844874728e+03 5.148403531810293900e-03 1.254420853357537453e+02 3.795019669340830681e+00 6.573882480377342130e-01 1.142819253079172537e+00 4.376531605094456934e-01 
9.498744822370130692e+01 7.278146631880529640e+03 1.029294882665771625e+15 3.648343202474358904e+33 1.401975530623594118e-02 5.130305992746627526e-07 5.182458588735048397e+04 3.565509558527308516e+06 6.177246039176702652e+03 5.102130083874605905e-03 1.262020864432093248e+02 3.756021394605090435e+00 6.603170668348981032e-01 1.142717642599383687e+00 4.371634798222451268e-01 
9.380537449525112947e+01 7.244711614541526615e+03 1.010510939584422250e+15 3.581763379519230937e+33 1.390449007954962062e-02 5.085452033004291932e-07 5.151796927791656344e+04 3.513425861092950683e+06 6.141845346331057954e+03 5.056312646340878694e-03 1.269663189152881415e+02 3.716671910904437048e+00 6.633047342827750326e-01 1.142621324987583620e+00 4.366535478935663073e-01 
9.263751757229725570e+01 7.211430194050876707e+03 9.920697908991483750e+14 3.516398593795736180e+33 1.378881293299677631e-02 5.041104414729749828e-07 5.121369771723754820e+04 3.462217301150436047e+06 6.106955009833895929e+03 5.010949005923931270e-03 1.277347754217312001e+02 3.676969744209936941e+00 6.663529739295914744e-01 1.142531287572545740e+00 4.361224212141704970e-01 
9.148373195030097804e+01 7.178301664801280822e+03 9.739651808415201250e+14 3.452226671687147426e+33 1.367272261134589231e-02 4.997263817487546160e-07 5.091177367055968352e+04 3.411874125693145208e+06 6.072600544272811931e+03 4.966033891916370527e-03 1.285075162650711604e+02 3.636918917828607434e+00 6.694630265027335936e-01 1.142448269060295951e+00 4.355696303048928741e-01 
9.034388493175381996e+01 7.145325324426951738e+03 9.561909678067121250e+14 3.389225844230464542e+33 1.355621038783581291e-02 4.953931385374911545e-07 5.061220239453163231e+04 3.362387161341995467e+06 6.038819007590484034e+03 4.921562400818664702e-03 1.292845990055633081e+02 3.596519533743941288e+00 6.726365754462734214e-01 1.142373230078419732e+00 4.349946486705166815e-01 
8.921783549699053140e+01 7.112500473788671115e+03 9.387411222700658750e+14 3.327374739731654781e+33 1.343927850890583482e-02 4.911107735389080433e-07 5.031499090438564599e+04 3.313747060333271045e+06 6.005646063730650894e+03 4.877530669851126537e-03 1.300660588424641162e+02 3.555777668690772053e+00 6.758748270926910884e-01 1.142307071247634420e+00 4.343967617770320699e-01 
8.810546186735948027e+01 7.079826416958993832e+03 9.216097247417166250e+14 3.266652376515811999e+33 1.332191734059036230e-02 4.868794726717548511e-07 5.002014456758819142e+04 3.265945271085180808e+06 5.973133311441475598e+03 4.833933125106967647e-03 1.308519766381327258e+02 3.514693495985099059e+00 6.791796068807565145e-01 1.142250903614534741e+00 4.337755457539504422e-01 
8.700663481570273916e+01 7.047302461207507804e+03 9.047909637585393750e+14 3.207038155809596326e+33 1.320412717662364926e-02 4.826993764087383038e-07 4.972767033559363335e+04 3.218973096884345636e+06 5.941335850956773356e+03 4.790765110152276837e-03 1.316424145811512574e+02 3.473272617323849953e+00 6.825523080842406110e-01 1.142205789444000752e+00 4.331304113143904511e-01 
8.592124055969485141e+01 7.014927916986104719e+03 8.882791339127102500e+14 3.148511854753453592e+33 1.308590029153274166e-02 4.785707033061187517e-07 4.943757614176356583e+04 3.172822481633822434e+06 5.910331820213529681e+03 4.748021480445690883e-03 1.324374528882072468e+02 3.431516631103257442e+00 6.859948060801241976e-01 1.142173025676281428e+00 4.324608592292063514e-01 
8.484915786014398975e+01 6.982702097914411752e+03 8.720686339162957500e+14 3.091053619541539838e+33 1.296723821490989269e-02 4.744936680059615506e-07 4.914986760135149234e+04 3.127485242581559345e+06 5.880204637882237876e+03 4.705696467235629191e-03 1.332371904189801342e+02 3.389432466402531485e+00 6.895085092475616850e-01 1.142153771988222877e+00 4.317664833370232769e-01 
8.379028373902011140e+01 6.950624320765184166e+03 8.561539647011052500e+14 3.034643958686631742e+33 1.284813357557300015e-02 4.704685314630923097e-07 4.886455576471839595e+04 3.082953896871578414e+06 5.851077308819215432e+03 4.663785411646892073e-03 1.340417068779523788e+02 3.347022310776097243e+00 6.930954415345469410e-01 1.142149576551919843e+00 4.310467053999516573e-01 
8.274450223722975295e+01 6.918693905449879821e+03 8.405297275532791250e+14 2.979263736408165022e+33 1.272859098309509981e-02 4.664955520611844852e-07 4.858164680370238784e+04 3.039220675666957628e+06 5.823086806539959071e+03 4.622282283702443609e-03 1.348511189808967288e+02 3.304295260341205243e+00 6.967569568381514200e-01 1.142161718650622992e+00 4.303011611533576475e-01 
8.171172553707461361e+01 6.886910175004187295e+03 8.251906222818638750e+14 2.924894166140731812e+33 1.260860096328712300e-02 4.625750971800271707e-07 4.830115063436038326e+04 2.996278796631249133e+06 5.796451085216085630e+03 4.581181054764375468e-03 1.356655547492088942e+02 3.261253135634301525e+00 7.004953181253446015e-01 1.142191974455080805e+00 4.295295240868973186e-01 
8.069184840066566267e+01 6.855272455573694060e+03 8.101314454208443750e+14 2.871516804161171575e+33 1.248816819644386900e-02 4.587075173896024940e-07 4.802307163015934930e+04 2.954121053684704937e+06 5.771438611396976739e+03 4.540474296959173470e-03 1.364851828841727297e+02 3.217905810752954565e+00 7.043119731915367110e-01 1.142241776947379384e+00 4.287316915961125741e-01 
7.968478713471498054e+01 6.823780076399626523e+03 7.953470884639911250e+14 2.819113543331976810e+33 1.236728843427766823e-02 4.548931722738644768e-07 4.774742496305995155e+04 2.912740998388783541e+06 5.748466512767426138e+03 4.500157575211652904e-03 1.373101054696963956e+02 3.174258118476444235e+00 7.082091168215339794e-01 1.142313151482995615e+00 4.279070684093273513e-01 
7.869046010892166976e+01 6.792432369804572772e+03 7.808325361318815000e+14 2.767666606958733653e+33 1.224596013084172999e-02 4.511325123384122647e-07 4.747421866444448096e+04 2.872132348686078563e+06 5.728167814102427656e+03 4.460223536079202002e-03 1.381405089594543085e+02 3.130317123127923651e+00 7.121887690959295414e-01 1.142408021823728026e+00 4.270555806747079464e-01 
7.770878036724731430e+01 6.761228671178389959e+03 7.665828646706020000e+14 2.717158542759862784e+33 1.212418734097570408e-02 4.474260182082240297e-07 4.720345658009657927e+04 2.832288784818721935e+06 5.711557145395467160e+03 4.420663376759649543e-03 1.389766287930625595e+02 3.086093358517323804e+00 7.162526200826643263e-01 1.142528172321178648e+00 4.261774157467407842e-01 
7.673968542153326666e+01 6.730168318964057107e+03 7.525932401814425000e+14 2.667572216946206676e+33 1.200196600157407353e-02 4.437741878011510293e-07 4.693515350771044905e+04 2.793204776347024832e+06 5.700516914557234486e+03 4.381471234687834768e-03 1.398186355762213111e+02 3.041592812367063026e+00 7.204031263873458268e-01 1.142676057875426920e+00 4.252722880919348469e-01 
7.578309850090536770e+01 6.699250654643678899e+03 7.388589169811131250e+14 2.618890808408806988e+33 1.187930186838649649e-02 4.401775436957057425e-07 4.666931644698781020e+04 2.754874493823057972e+06 5.698830701676804892e+03 4.342638836325368561e-03 1.406667741882995983e+02 2.996827324778777335e+00 7.246420990108959348e-01 1.142853785990294968e+00 4.243403325258995884e-01 
7.483896386343766949e+01 6.668475022724538576e+03 7.253752359918780000e+14 2.571097803012721048e+33 1.175619456994927980e-02 4.366366984903604597e-07 4.640595412734345155e+04 2.717292790326590184e+06 5.716179993484359329e+03 4.304157544634226035e-03 1.415213165952524434e+02 2.951805837294670276e+00 7.289718714570645464e-01 1.143063875139181063e+00 4.233818073302544338e-01 
7.390722916694264200e+01 6.637840770725153561e+03 7.121376231610402500e+14 2.524176987994877115e+33 1.163264542442881723e-02 4.331522925555553975e-07 4.614507570034423406e+04 2.680454722768813372e+06 5.789377223873800176e+03 4.266018610672910570e-03 1.423825529895041484e+02 2.906538462160524361e+00 7.333947842879267043e-01 1.143308972751916563e+00 4.223970173041795007e-01 
7.298783959878511496e+01 6.607347249161498439e+03 6.991415879093178750e+14 2.478112446464328375e+33 1.150866092623404995e-02 4.297249591526107219e-07 4.588669049285104848e+04 2.644355319933872670e+06 5.610753928551722311e+03 4.228213453919984696e-03 1.432507827771837583e+02 2.861038216115495469e+00 7.379129625715989960e-01 1.143591762716425153e+00 4.213862615184554850e-01 
7.208076021704835057e+01 6.576993811533181542e+03 6.863827216074852500e+14 2.432888552002701008e+33 1.138424177922796494e-02 4.263554709527540339e-07 4.563080479861998174e+04 2.608990299284131732e+06 5.493892128754337136e+03 4.190731343541400679e-03 1.441263892255042265e+02 2.815315738357641262e+00 7.425289859686018401e-01 1.143915236287652348e+00 4.203502982057879533e-01 
7.118594612098644347e+01 6.546779814309789799e+03 6.738566960808623750e+14 2.388489963363342137e+33 1.125939716999299796e-02 4.230445125751846751e-07 4.537742954083814402e+04 2.574355103384389076e+06 5.430003397112396669e+03 4.153563764318076584e-03 1.450097054885750367e+02 2.769385899282225338e+00 7.472450742026019999e-01 1.144282430663160932e+00 4.192894961053117431e-01 
7.030338084702520973e+01 6.516704616917198109e+03 6.615592621410527500e+14 2.344901619267056072e+33 1.113412770155675080e-02 4.197929939095521647e-07 4.512656786718595686e+04 2.540446105478137266e+06 5.385232737955299854e+03 4.116697931244425214e-03 1.459012192744868628e+02 2.723260121877933759e+00 7.520640524381126957e-01 1.144696727638833789e+00 4.182051107608010798e-01 
6.943302775812450989e+01 6.486767581724009688e+03 6.494862481445065000e+14 2.302108733292920566e+33 1.100844617211715719e-02 4.166016559629000462e-07 4.487823076800958370e+04 2.507259092189904302e+06 5.349454595595351748e+03 4.080124968304962331e-03 1.468013161104462654e+02 2.676955625099541880e+00 7.569881710705723687e-01 1.145161486103020154e+00 4.170976761877396854e-01 
6.857488253860230998e+01 6.456968074028060073e+03 6.376335585773862500e+14 2.260096788862333763e+33 1.088235585310743693e-02 4.134714905965615604e-07 4.463242059476168652e+04 2.474790876640077680e+06 5.318826363498781575e+03 4.043831286685767475e-03 1.477105574433432480e+02 2.630485771317339072e+00 7.620203750297560585e-01 1.145680473707022085e+00 4.159687241983193173e-01 
6.772893558710585182e+01 6.427305462042907493e+03 6.259971726662312500e+14 2.218851534314501670e+33 1.075586679270750315e-02 4.104034263604934198e-07 4.438914337792171136e+04 2.443038086488683242e+06 5.291666230970649849e+03 4.007805058394347218e-03 1.486294747125555205e+02 2.583867269850451898e+00 7.671633761994250955e-01 1.146257587060198535e+00 4.148195112884087710e-01 
6.689518462069555937e+01 6.397779116884496943e+03 6.145731430140173750e+14 2.178358978071944577e+33 1.062898896807171027e-02 4.073984580054966879e-07 4.414840363334161520e+04 2.411997653325831518e+06 5.267194723277571939e+03 3.972033543112956332e-03 1.495586576023927989e+02 2.537117123712060440e+00 7.724200240899881109e-01 1.146896930660833425e+00 4.136515361484074949e-01 
6.607364744712751303e+01 6.368388412557778793e+03 6.033575942610682500e+14 2.138605383894085822e+33 1.050173056213380210e-02 4.044576803779212310e-07 4.391020430679708807e+04 2.381667005331986584e+06 5.245077484099640969e+03 3.936502770100325233e-03 1.504987697045996242e+02 2.490251806700520820e+00 7.777935326300126073e-01 1.147603047728339209e+00 4.124666604689019578e-01 
6.526431098166828804e+01 6.339132725943457444e+03 5.923467217704293750e+14 2.099577266217551781e+33 1.037411178876733973e-02 4.015820936215233908e-07 4.367454508181313577e+04 2.352042826210713480e+06 5.225207165371924930e+03 3.901199009462348165e-03 1.514504933748843882e+02 2.443293883890047535e+00 7.832862422887790776e-01 1.148380006066495929e+00 4.112666994929403685e-01 
6.446722162528672584e+01 6.310011436784798207e+03 5.815367903372326250e+14 2.061261385581503274e+33 1.024613898328160036e-02 3.987729382152435989e-07 4.344142828114649456e+04 2.323123347541365772e+06 5.207680776975775188e+03 3.866107124395321438e-03 1.524146053531528935e+02 2.396259355605079300e+00 7.889019637870745560e-01 1.149233130192837571e+00 4.100539679331746123e-01 
6.368240734601075559e+01 6.281023927674433253e+03 5.709241329215906250e+14 2.023644744136372200e+33 1.011782759146076342e-02 3.960314110239210738e-07 4.321085251358428650e+04 2.294906327315856237e+06 5.192744124343435033e+03 3.831211658413154891e-03 1.533919282645759381e+02 2.349168905254214845e+00 7.946439273660126368e-01 1.150167502091117733e+00 4.088308958494988321e-01 
6.290990416186044598e+01 6.252169584041323105e+03 5.605051494046501875e+14 1.986714581234682722e+33 9.989194367252875531e-03 3.933587575258558023e-07 4.298281494403306715e+04 2.267389719068842940e+06 5.180834056523952313e+03 3.796496582950152458e-03 1.543833474416668707e+02 2.302044005895126588e+00 8.005154915599546062e-01 1.151188487762870194e+00 4.076001493967426614e-01 
6.214975473175462639e+01 6.223447794137682649e+03 5.502763053673126250e+14 1.950458369102217820e+33 9.860257945201931357e-03 3.907562672259227958e-07 4.275731064139164664e+04 2.240571610523266718e+06 5.172675211512302667e+03 3.761945206091127283e-03 1.553898172559134139e+02 2.254907175657391072e+00 8.065200992144037073e-01 1.152301707857563029e+00 4.063646585175388903e-01 
6.140202376066125112e+01 6.194857949026028109e+03 5.402341308912628125e+14 1.914863808588256089e+33 9.731034500232193726e-03 3.882253400375927645e-07 4.253433364924271154e+04 2.214450658926401287e+06 5.169509997877212299e+03 3.727539858981603060e-03 1.564123804684134598e+02 2.207779897249618095e+00 8.126617113314230645e-01 1.153513368537431916e+00 4.051277225741800603e-01 
6.066676630954743388e+01 6.166399442566289508e+03 5.303752193818809375e+14 1.879918824993375936e+33 9.601546923343569004e-03 3.857673326867322293e-07 4.231387623340506980e+04 2.189025169823995326e+06 5.173571133656923848e+03 3.693263218060317647e-03 1.574521163322629604e+02 2.160686808709825435e+00 8.189439785652171677e-01 1.154829672683687747e+00 4.038926914399623702e-01 
5.994405829237865646e+01 6.138071671402911306e+03 5.206962264126110000e+14 1.845611563973309654e+33 9.471815765460819478e-03 3.833837318009866123e-07 4.209592708229565324e+04 2.164293994980819058e+06 5.189521916222192885e+03 3.659096218583906754e-03 1.585102289706756835e+02 2.113651608507806756e+00 8.253710345598858078e-01 1.156257350506941117e+00 4.026634576595866655e-01 
5.923398828902329427e+01 6.109874034952114926e+03 5.111938685904533750e+14 1.811930387517674852e+33 9.341863415688640357e-03 3.810760774755538156e-07 4.188047222556234192e+04 2.140256140628815163e+06 5.229405502309223266e+03 3.625019092947925990e-03 1.595880123638300745e+02 2.066698866448673400e+00 8.319472296709876646e-01 1.157803557563730656e+00 4.014442705931257072e-01 
5.853663703269025120e+01 6.081805935389118531e+03 5.018649224421277500e+14 1.778863870001969998e+33 9.211716719848933935e-03 3.788458348558058360e-07 4.166750209215113136e+04 2.116910408671957906e+06 5.341196828365152214e+03 3.591014473945742472e-03 1.606867312946281459e+02 2.019854757633999132e+00 8.386769010763662768e-01 1.159475691425257082e+00 4.002390231789263453e-01 
5.785213607383713708e+01 6.053866777635485050e+03 4.927062233205855625e+14 1.746400794311700206e+33 9.081395112812773798e-03 3.766947857995172181e-07 4.145699440512378351e+04 2.094256717997245025e+06 5.238689249740252308e+03 3.557059295237316801e-03 1.618079514717652216e+02 1.973142646414949963e+00 8.455654382880218867e-01 1.161282084009191085e+00 3.990531300320123709e-01 
5.718054336600172149e+01 6.026055969346519305e+03 4.837146643314755625e+14 1.714530148037226387e+33 8.950939283631423674e-03 3.746243299488534369e-07 4.124893050968019816e+04 2.072293035870911321e+06 5.006184710157679547e+03 3.523135722224506484e-03 1.629530914531334247e+02 1.926594712482171179e+00 8.526164194785715855e-01 1.163230010036135909e+00 3.978909227424541895e-01 
5.652200667281758939e+01 5.998372920898669690e+03 4.748871952791816875e+14 1.683241119737989441e+33 8.820372160941036474e-03 3.726362951603293481e-07 4.104328682567612123e+04 2.051019462813207647e+06 4.953657554261732002e+03 3.489221334909468463e-03 1.641238519361561714e+02 1.880235286311634058e+00 8.598357796947500020e-01 1.165328716434392176e+00 3.967581613670334018e-01 
5.587666152516843709e+01 5.970817045377075374e+03 4.662208216321258750e+14 1.652523095275017661e+33 8.689724748340307489e-03 3.707324334497738826e-07 4.084003745751501992e+04 2.030435552202548366e+06 4.933241144988936867e+03 3.455294653174506916e-03 1.653219800601513327e+02 1.834091944913970096e+00 8.672291207726415818e-01 1.167587500444178028e+00 3.956606442438687088e-01 
5.524464014977286297e+01 5.943387758563075295e+03 4.577126035069206250e+14 1.622365654210248247e+33 8.559031364549744489e-03 3.689144761884135556e-07 4.063915569711648277e+04 2.010540701750000007e+06 4.925467937212237302e+03 3.421335056787518005e-03 1.665492786704204775e+02 1.788193253018139695e+00 8.748021430018479982e-01 1.170015935503569970e+00 3.946042302381759792e-01 
5.462609388740003880e+01 5.916084478921869959e+03 4.493596546710910625e+14 1.592758566271669110e+33 8.428327015967242500e-03 3.671842406607911128e-07 4.044060924704746139e+04 1.991334502505264478e+06 4.926176095693508614e+03 3.387320657292642711e-03 1.678077047285905792e+02 1.742567784270711240e+00 8.825610160919080682e-01 1.172624218913755678e+00 3.935954135476723570e-01 
5.402118974641672366e+01 5.888906627590148673e+03 4.411591415639685000e+14 1.563691787882868633e+33 8.297647420280553424e-03 3.655436045013751336e-07 4.024436296863904863e+04 1.972816732810960617e+06 4.935309568578226390e+03 3.353229333937818909e-03 1.690993351538388083e+02 1.697243944091900492e+00 8.905124222640864451e-01 1.175423213553955293e+00 3.926411069631834949e-01 
5.343010243008475157e+01 5.861853628363836833e+03 4.331082823354712500e+14 1.535155458755986603e+33 8.167030406468663017e-03 3.639944539167320317e-07 4.005038017418092204e+04 1.954987140198983252e+06 4.955467918250060393e+03 3.319039623010773370e-03 1.704263330681848458e+02 1.652250424229707138e+00 8.986634365202166297e-01 1.178424345499524462e+00 3.917484532548799470e-01 
5.285300856078309550e+01 5.834924907685896869e+03 4.252043459024262500e+14 1.507139898546840184e+33 8.036517409850195415e-03 3.625386726478731768e-07 3.985861884502103203e+04 1.937845200414703460e+06 4.993905114974264507e+03 3.284729959308186828e-03 1.717909852168748728e+02 1.607616871907762812e+00 9.070213041005332766e-01 1.181639386981033768e+00 3.909250160971405874e-01 
5.229011095029610345e+01 5.808119894634126467e+03 4.174446510220942500e+14 1.479635603571027045e+33 7.906148639302756562e-03 3.611782361203206223e-07 3.966903527971195581e+04 1.921390801283194218e+06 5.074002496842029359e+03 3.250278826683820899e-03 1.731957116784249990e+02 1.563371698793049047e+00 9.155941726655211221e-01 1.185081128348738355e+00 3.901788369322318206e-01 
5.174162208251971151e+01 5.781438020909100487e+03 4.098265653826290000e+14 1.452633243580051018e+33 7.775966771021650646e-03 3.599151345725136323e-07 3.948158133519477269e+04 1.905623692689952208e+06 5.356672331298543213e+03 3.215664877838396614e-03 1.746430638387425915e+02 1.519543622100337554e+00 9.243906383603278654e-01 1.188762970526980656e+00 3.895184191266677920e-01 
5.120776007472647251e+01 5.754878720822083778e+03 4.023475047101100000e+14 1.426123658596193432e+33 7.646016984274490308e-03 3.587513328095891353e-07 3.929620769161151838e+04 1.890543433252774645e+06 4.883350763258436018e+03 3.180868190178831340e-03 1.761356729112880259e+02 1.476161448107152774e+00 9.334197851155976444e-01 1.192698959091147204e+00 3.889524571203828440e-01 
5.068875632546724574e+01 5.728441431283053134e+03 3.950049318918870625e+14 1.400097855805201450e+33 7.516345309901010900e-03 3.576888711199736436e-07 3.911285705452308321e+04 1.876149596812639618e+06 4.811518189094743320e+03 3.145867806479027331e-03 1.776763784752765787e+02 1.433253603132261356e+00 9.426912763198320722e-01 1.196903779710790872e+00 3.884904534202778814e-01 
5.018486619016086081e+01 5.702125591788777456e+03 3.877963561159232500e+14 1.374547006505682834e+33 7.386998603173956617e-03 3.567297882144471072e-07 3.893147370494313509e+04 1.862441821704479167e+06 4.812549865036708979e+03 3.110644853527124061e-03 1.792680898826226326e+02 1.390847693754238001e+00 9.522157968386374405e-01 1.201393342307953249e+00 3.881421234302176448e-01 
4.969635087795509776e+01 5.675930644410894274e+03 3.807193320258293125e+14 1.349462443114119103e+33 7.258025521923152680e-03 3.558761548493550940e-07 3.875199443906433589e+04 1.849419549973604502e+06 4.836769835116397189e+03 3.075180150210324922e-03 1.809139094506447805e+02 1.348971151573664429e+00 9.620045457606446471e-01 1.206184117813793755e+00 3.879178991200324944e-01 
4.922348775830504053e+01 5.649856033784124520e+03 3.737714588913395000e+14 1.324835656224612186e+33 7.129475662469841706e-03 3.551300484992688996e-07 3.857435421430008137e+04 1.837082162676898530e+06 4.883523026498744002e+03 3.039455899787851367e-03 1.826170618006939321e+02 1.307650620925631335e+00 9.720696314270212968e-01 1.211293591501290789e+00 3.878286420591217643e-01 
4.876657088656827455e+01 5.623901207094458186e+03 3.669503797939051250e+14 1.300658291722212817e+33 7.001400214049836521e-03 3.544935418285753850e-07 3.839848494884255342e+04 1.825428859617347363e+06 4.973933111221397667e+03 3.003455589702204529e-03 1.843809064949556671e+02 1.266912182551390265e+00 9.824240637693195666e-01 1.216740283740306072e+00 3.878857419422376274e-01 
4.832591612103520617e+01 5.598065614067470960e+03 3.602537808271686250e+14 1.276922147948997109e+33 6.873850050136306490e-03 3.539687771239096935e-07 3.822431316347549728e+04 1.814458926142315846e+06 5.267487136201655630e+03 2.967162904396572140e-03 1.862090110808853183e+02 1.226780676788464364e+00 9.930819552946889006e-01 1.222543848870272898e+00 3.881014288431588466e-01 
4.790183681816906613e+01 5.572348706956625392e+03 3.536793903120118750e+14 1.253619172921798472e+33 6.746878901886159061e-03 3.535578128669779277e-07 3.805176343904840178e+04 1.804171102310079848e+06 4.806658593373063923e+03 2.930563934279064014e-03 1.881050370727511734e+02 1.187280676365835008e+00 1.004058038485980964e+00 1.228724618693976200e+00 3.884882247448550041e-01 
4.749469025328203742e+01 5.546749940531673019e+03 3.472249780259416875e+14 1.230741461600758449e+33 6.620539222019597089e-03 3.532628226509073332e-07 3.788075408763189625e+04 1.794564391951582395e+06 4.768622233560706263e+03 2.893644586674622848e-03 1.900729040692993692e+02 1.148435091549748766e+00 1.015368688034947953e+00 1.235304681058902787e+00 3.890598655627648395e-01 
4.710483788825492724e+01 5.521268772067108330e+03 3.408883544465367500e+14 1.208281253207720498e+33 6.494884731896284277e-03 3.530859012774193847e-07 3.771120539651853323e+04 1.785637452832331415e+06 4.808678680654506024e+03 2.856394191887493255e-03 1.921165933324886623e+02 1.110265786925759279e+00 1.027031333216384512e+00 1.242307200257225519e+00 3.898302755159764321e-01 
4.673266797385265647e+01 5.495904661330628187e+03 3.346673700086904375e+14 1.186230928593520482e+33 6.369969084466116024e-03 3.530292329508901968e-07 3.754302755671549676e+04 1.777388872314688284e+06 4.894330030917177282e+03 2.818801424539375561e-03 1.942403967039753638e+02 1.072793449193962578e+00 1.039064689230269956e+00 1.249756650079287601e+00 3.908147990362208501e-01 
4.637857722884578493e+01 5.470657070571717668e+03 3.285599143754263125e+14 1.164583007653386691e+33 6.245847596061303297e-03 3.530949535484100138e-07 3.737612625410993496e+04 1.769816722574009793e+06 5.115897687113050779e+03 2.780856819062173940e-03 1.964487851833956711e+02 1.036037956831737716e+00 1.051488512351109073e+00 1.257678564904541663e+00 3.920296005749519530e-01 
4.604299994487434589e+01 5.445525464510216807e+03 3.225639157220029375e+14 1.143330146789445074e+33 6.122573821585356249e-03 3.532852302307002929e-07 3.721040957003075164e+04 1.762919278855513781e+06 4.814918623361835671e+03 2.742553727295451299e-03 1.987463714871031470e+02 1.000017012400047145e+00 1.064324612346094545e+00 1.266100608093226443e+00 3.934916031517295409e-01 
4.572638951623178372e+01 5.420509310324980106e+03 3.166773400330932500e+14 1.122465136419566434e+33 6.000201692113977386e-03 3.536022656172777490e-07 3.704577676291215903e+04 1.756694493210327579e+06 4.770113158941765505e+03 2.703885842404729796e-03 2.011380702114735470e+02 9.647471818477044714e-01 1.077596141797550811e+00 1.275051768678504782e+00 3.952191905957262441e-01 
4.542922302570189430e+01 5.395608077642605167e+03 3.108981904127945000e+14 1.101980898531690182e+33 5.878785270691957651e-03 3.540482430653677060e-07 3.688212483265101037e+04 1.751140016806943575e+06 4.850405981390620582e+03 2.664849160302671261e-03 2.036289950904601085e+02 9.302436092541522816e-01 1.091327936110330521e+00 1.284562767007634498e+00 3.972318423323534242e-01 
4.515200720936832823e+01 5.370821238526142224e+03 3.052245064072120625e+14 1.081870484282719749e+33 5.758377618685780845e-03 3.546254062843105307e-07 3.671934453565521108e+04 1.746253389466047985e+06 5.054238020537042757e+03 2.625440551295054031e-03 2.062245725348616361e+02 8.965197597373272265e-01 1.105546663078523562e+00 1.294666149973980662e+00 3.995506668041346465e-01 
4.489527289373263130e+01 5.346148267463951925e+03 2.996543633394295000e+14 1.062127071641317352e+33 5.639031315263920083e-03 3.553360195560885275e-07 3.655732150317400374e+04 1.742031873161942698e+06 4.832929766414478763e+03 2.585658387481389216e-03 2.089305223964192919e+02 8.635875654472232599e-01 1.120280768408258965e+00 1.305396239845797224e+00 4.021983698622169645e-01 
4.465959209019533205e+01 5.321588641358519453e+03 2.941858716565923750e+14 1.042743963073638898e+33 5.520797658051483994e-03 3.561823557712102868e-07 3.639594223615062219e+04 1.738472657915791497e+06 4.795495293158995992e+03 2.545503942677837441e-03 2.117527830401448057e+02 8.314570562049360403e-01 1.135561145398891414e+00 1.316789917403200505e+00 4.051991160003322046e-01 
4.444555339675973471e+01 5.297141839515384163e+03 2.888171762889218125e+14 1.023714583271352993e+33 5.403727900205984071e-03 3.571667474028062733e-07 3.623507988644144643e+04 1.735572409577920102e+06 4.936605568692296401e+03 2.504978053626467135e-03 2.146977649152593699e+02 8.001370995418981558e-01 1.151420165206154866e+00 1.328885469935688457e+00 4.085795570727662196e-01 
4.425380301119972870e+01 5.272807343632116499e+03 2.835464560204255625e+14 1.005032476921120322e+33 5.287870550758153564e-03 3.582916063892967296e-07 3.607460886962696532e+04 1.733328032618351048e+06 5.452997477247429742e+03 2.464084141931503942e-03 2.177721777086573240e+02 7.696342754563384458e-01 1.167893264012183518e+00 1.341724404705767704e+00 4.123683818153227598e-01 
4.408501598652021869e+01 5.248584637787288557e+03 2.783719228710796250e+14 9.866913065147338147e+32 5.173273364149776239e-03 3.595593982865929740e-07 3.591439507755153318e+04 1.731736043974207249e+06 4.804483034803101873e+03 2.422826399810138441e-03 2.209831832485803318e+02 7.399537510714542243e-01 1.185017964426545722e+00 1.355350337036815400e+00 4.165969641945935775e-01 
4.393989618981517964e+01 5.224473208429583792e+03 2.732918214903045625e+14 9.686848501992898413e+32 5.059983268594968851e-03 3.609726234851110367e-07 3.575429746145512036e+04 1.730792522996285697e+06 4.969055188392894706e+03 2.381210318731953081e-03 2.243383928952153781e+02 7.110992476966994102e-01 1.202833968486799465e+00 1.369809106329332282e+00 4.212994935616390380e-01 
4.381921743920855761e+01 5.200472544366866714e+03 2.683044285614912188e+14 9.510069996665253036e+32 4.948044187845400226e-03 3.625339605536874079e-07 3.559416875300810352e+04 1.730493794427766697e+06 4.976000481940175632e+03 2.339241954858466751e-03 2.278459801361732957e+02 6.830724569367191412e-01 1.221384366143661637e+00 1.385150159412610771e+00 4.265137882806602776e-01 
4.372378600168607932e+01 5.176582136755363535e+03 2.634080522174056250e+14 9.336517580807167776e+32 4.837498778328582112e-03 3.642461627058600803e-07 3.543385365674029890e+04 1.730835794251822168e+06 4.868111561836307374e+03 2.296928365842365247e-03 2.315146859482719606e+02 6.558736357393702976e-01 1.240714651550117953e+00 1.401425421635219104e+00 4.322813214953917793e-01 
4.365446756934427697e+01 5.152801479088889209e+03 2.586010314662624375e+14 9.166132380443928888e+32 4.728387465866603669e-03 3.661121029376183985e-07 3.527319213963924994e+04 1.731814396741515258e+06 5.244290113138846209e+03 2.254278042685923123e-03 2.353538379686571318e+02 6.295013355819171208e-01 1.260873614478803306e+00 1.418690358325760181e+00 4.386476873167816648e-01 
4.361217574721467116e+01 5.129130067188073554e+03 2.538817356282611562e+14 8.998856596011331452e+32 4.620749092956379089e-03 3.681348119639134189e-07 3.511201129818600748e+04 1.733425139529609121e+06 4.853170060835959703e+03 2.211299205521222774e-03 2.393735589583294256e+02 6.039527947186985601e-01 1.281912797904038559e+00 1.437003377132680004e+00 4.456636630272724497e-01 
4.359790190578095093e+01 5.105567399189711978e+03 2.492485637824210312e+14 8.834633482748704278e+32 4.514619505064427878e-03 3.703175292428199208e-07 3.495013202829763031e+04 1.735663723097696435e+06 5.126360274480525732e+03 2.168000942322426475e-03 2.435847510875405533e+02 5.792235066837694291e-01 1.303887645870205336e+00 1.456427160200560511e+00 4.533856138024182081e-01 
4.361270029123047465e+01 5.082112975536083468e+03 2.446999442234940000e+14 8.673407331449144473e+32 4.410032393318888237e-03 3.726637739276847558e-07 3.478735708157288173e+04 1.738525673182918923e+06 4.876347641073319210e+03 2.124390753130561259e-03 2.479994185585739217e+02 5.553077250766008666e-01 1.326856706992507684e+00 1.477027787479721965e+00 4.618771063642139740e-01 
4.365768966290107755e+01 5.058766298964402267e+03 2.402343339288053750e+14 8.515123449561653914e+32 4.307019346989269387e-03 3.751772232469050617e-07 3.462348363193545083e+04 1.742006304793924326e+06 5.182962102692973531e+03 2.080477850146111776e-03 2.526304541036290630e+02 5.321983274554831223e-01 1.350882159980556940e+00 1.498875387679211357e+00 4.712085331971052615e-01 
4.373408952701861807e+01 5.035526874496239543e+03 2.358502180348095312e+14 8.359728142637610149e+32 4.205609068947978313e-03 3.778619172377113154e-07 3.445829332508072548e+04 1.746101088104065740e+06 4.919282633675937177e+03 2.036270369514160770e-03 2.574920399538543734e+02 5.098868590782799082e-01 1.376030529837339200e+00 1.522045041282805489e+00 4.814595350364970772e-01 
4.384319667604681570e+01 5.012394209427041460e+03 2.315461093232067812e+14 8.207168696116145769e+32 4.105828063870580434e-03 3.807221879035861901e-07 3.429155426500779868e+04 1.750805301870292518e+06 5.585368121421024625e+03 1.991776468071375285e-03 2.625996768316441603e+02 4.883637436905886586e-01 1.402372121628609136e+00 1.546616155921665570e+00 4.927196401882170118e-01 
4.398641389838716265e+01 4.989367813315704552e+03 2.273205477164399375e+14 8.057393357441987119e+32 4.007699958980340434e-03 3.837628892637605419e-07 3.412300904100952175e+04 1.756114350915130228e+06 5.035799833079928248e+03 1.947001397400930159e-03 2.679707007319003651e+02 4.676183583761308604e-01 1.429981389979861017e+00 1.572672980171741841e+00 5.050913653040337570e-01 
4.416525979792539403e+01 4.966447197974134724e+03 2.231720997823862500e+14 7.910351318509222464e+32 3.911245772366287073e-03 3.869893120083214556e-07 3.395238465050126979e+04 1.762023712666589767e+06 4.967216138019192840e+03 1.901950243704407474e-03 2.736242000881228478e+02 4.476390164243742031e-01 1.458937597421200660e+00 1.600305455506946473e+00 5.186910224363947552e-01 
4.438134955904164514e+01 4.943631877456943585e+03 2.190993582481044375e+14 7.765992698426031986e+32 3.816484432764839785e-03 3.904071591397114449e-07 3.377939184687116358e+04 1.768528630588419270e+06 5.563632789324384248e+03 1.856628364142278321e-03 2.795811809488747599e+02 4.284131688558585616e-01 1.489324179105073975e+00 1.629608542271301586e+00 5.336504819047317438e-01 
4.463647632954922528e+01 4.920921368051101126e+03 2.151009415224390000e+14 7.624268526593361177e+32 3.723431701047493630e-03 3.940230242221125677e-07 3.360370112786484242e+04 1.775624827977444511e+06 5.163714218923889348e+03 1.811035715096606831e-03 2.858656148954790979e+02 4.099275272559878003e-01 1.521230120083220116e+00 1.660684026996125828e+00 5.501236903421699020e-01 
4.493255601385292408e+01 4.898315188265724828e+03 2.111754932273528125e+14 7.485130726092970641e+32 3.632101118074375790e-03 3.978440261739758166e-07 3.342496769283627509e+04 1.783307898108669557e+06 5.065097355065902775e+03 1.765173593684191741e-03 2.925039382097486964e+02 3.921680058967765836e-01 1.554749252199804754e+00 1.693639695904937792e+00 5.682861103949978787e-01 
4.527168798066292510e+01 4.875812858821832378e+03 2.073216817377976562e+14 7.348532097378116252e+32 3.542503562052764371e-03 4.018783935528102197e-07 3.324279458964314108e+04 1.791573703048456693e+06 5.049903638687306739e+03 1.719036885052957746e-03 2.995265745612530282e+02 3.751201225748708734e-01 1.589980283408487738e+00 1.728589654788931007e+00 5.883440059926842158e-01 
4.565616999083034244e+01 4.853413902642198991e+03 2.035381997299920000e+14 7.214426302262219173e+32 3.454647420216602760e-03 4.061352726585197404e-07 3.305675517451022461e+04 1.800418331892444752e+06 5.102273464353981581e+03 1.672619783713086804e-03 3.069677210156870615e+02 3.587687932843572902e-01 1.627028054355800224e+00 1.765655872434925167e+00 6.105368715286753067e-01 
4.608850215015281293e+01 4.831117844841252918e+03 1.998237637379408750e+14 7.082767848199678982e+32 3.368538928063982783e-03 4.106249884847607099e-07 3.286637563457759097e+04 1.809837926125138067e+06 5.187689812007711225e+03 1.625913150578462340e-03 3.148663951170743758e+02 3.430986416699043917e-01 1.666002516449552440e+00 1.804967211414416850e+00 6.351458275055479330e-01 
4.657146698257409412e+01 4.808924212714979149e+03 1.961771137180423750e+14 6.953512072853327575e+32 3.284181764227600640e-03 4.153594993998684957e-07 3.267111607747695234e+04 1.819829134541788138e+06 5.207135780310127302e+03 1.578901507374497843e-03 3.232678341226392718e+02 3.280941268610074735e-01 1.707019923140676188e+00 1.846661127229186627e+00 6.625055740324091724e-01 
4.710817918617699718e+01 4.786832535730931340e+03 1.925970126216504688e+14 6.826615128943876148e+32 3.201576446831604084e-03 4.203525489537142657e-07 3.247037610090348244e+04 1.830389432847427204e+06 5.171600982675839987e+03 1.531565400344798251e-03 3.322242529202250125e+02 3.137393668522054369e-01 1.750204358758450596e+00 1.890885467070340553e+00 6.930149268362617576e-01 
4.770188462019721243e+01 4.764842345518223738e+03 1.890822459754270000e+14 6.702033969375468140e+32 3.120724656322620451e-03 4.256195409140104310e-07 3.226347282865893430e+04 1.841514604129943997e+06 5.186061551134971523e+03 1.483880932971956340e-03 3.417962259277691146e+02 3.000192021296301248e-01 1.795678284845720896e+00 1.937788406736272062e+00 7.271495979055553338e-01 
4.835641465370924408e+01 4.742953175857614951e+03 1.856316214693596250e+14 6.579726332632944071e+32 3.041622721128070788e-03 4.311788561906277886e-07 3.204962949327021124e+04 1.853202873531990452e+06 5.301525145285374492e+03 1.435816230943151237e-03 3.520552360172193289e+02 2.869179889551020657e-01 1.843577068442618483e+00 1.987534881884564619e+00 7.654899139098408911e-01 
4.907601040665566217e+01 4.721164562671640851e+03 1.822439685522989688e+14 6.459650728445626523e+32 2.964266025949512193e-03 4.370519424206643181e-07 3.182794705726102984e+04 1.865452423577598529e+06 5.685483310021898433e+03 1.387331032700011429e-03 3.630860953612814797e+02 2.744206932509644092e-01 1.894039460930152519e+00 2.040296558433915219e+00 8.087460833869345445e-01 
4.986542270571008828e+01 4.699476044014738363e+03 1.789181380348676875e+14 6.341766423712401088e+32 2.888648416541535376e-03 4.432639971503681015e-07 3.159738592859486744e+04 1.878261725129443454e+06 5.277726281097253377e+03 1.338376431831193912e-03 3.749900810020001813e+02 2.625128582148636980e-01 1.947208087309348690e+00 2.096252733973866800e+00 8.577953807564180355e-01 
5.073005792987336093e+01 4.677887160063491137e+03 1.756530016996289688e+14 6.226033428684110663e+32 2.814762083142765409e-03 4.498449964831748846e-07 3.135673098869298337e+04 1.891629899854336167e+06 5.559753001833872077e+03 1.288892572492577899e-03 3.878895196264467700e+02 2.511807942377955460e-01 2.003229818563396769e+00 2.155591451820116244e+00 9.137355578652952559e-01 
5.167618918005003081e+01 4.656397453106848843e+03 1.724474519183573750e+14 6.112412483397695919e+32 2.742596616670182289e-03 4.568313967727954627e-07 3.110453016856732575e+04 1.905557619999117451e+06 5.345464423411353891e+03 1.238803055448639296e-03 4.019348074563801561e+02 2.404117985560744186e-01 2.062256132558941690e+00 2.218510596804416757e+00 9.779642125188782176e-01 
5.271068244886659926e+01 4.635006467536434684e+03 1.693004012763015000e+14 6.000865044358156249e+32 2.672143562739046855e-03 4.642663934031015031e-07 3.083907215348152386e+04 1.920043404218360083e+06 5.648990929596146998e+03 1.188020504115559111e-03 4.173104219514443116e+02 2.301949811052478589e-01 2.124426002576091932e+00 2.285199344102324392e+00 1.052265452467681106e+00 
5.384200595098984365e+01 4.613713749836901115e+03 1.662107822033037812e+14 5.891353271463560253e+32 2.603389353650351415e-03 4.722046517432419140e-07 3.055824870495748473e+04 1.935090219044630416e+06 6.019308893594843539e+03 1.136429234137347746e-03 4.342507074375946559e+02 2.205208952266994316e-01 2.189887731255733883e+00 2.355864217141891537e+00 1.138994906132640539e+00 
5.507967766445284497e+01 4.592518848576285563e+03 1.631775466116457188e+14 5.783840015168450142e+32 2.536322581068151203e-03 4.807130550885484394e-07 3.025950393962419184e+04 1.950698798346427036e+06 6.045323330724205334e+03 1.083893895554169070e-03 4.530526869975200839e+02 2.113829341694342390e-01 2.258764686360330565e+00 2.430691043392704920e+00 1.241274832901814174e+00 
5.643543298700172528e+01 4.571421314396468915e+03 1.601996655405104062e+14 5.678288803881787823e+32 2.470928540184379272e-03 4.898780479071927735e-07 2.993960035880013311e+04 1.966873699559237342e+06 5.760781054423320711e+03 1.030237355833063138e-03 4.741063818072212825e+02 2.027777967931836955e-01 2.331168690229760809e+00 2.509862576028201175e+00 1.363389480123974540e+00 
5.792298578390617791e+01 4.550420700003624916e+03 1.572761288069263438e+14 5.574663831594628545e+32 2.407194896879474855e-03 4.998104205553120094e-07 2.959444073376176311e+04 1.983617537421105430e+06 5.556819721251581541e+03 9.752419629454194298e-04 4.979295172659612376e+02 1.947073109192563878e-01 2.407156819924841429e+00 2.593510999338408674e+00 1.511317605108181805e+00 
5.955965891817677971e+01 4.529516560158744142e+03 1.544059446630850625e+14 5.472929945733726064e+32 2.345106545930449298e-03 5.106589071835686101e-07 2.921864460040885024e+04 2.000937267341887346e+06 6.473544465897519331e+03 9.186214055700157215e-04 5.252344801682942261e+02 1.871800446793114581e-01 2.486730470501803403e+00 2.681720499279441228e+00 1.693728714712846806e+00 
6.136690908597352490e+01 4.508708451668211637e+03 1.515881394599142188e+14 5.373052635236852558e+32 2.284649970252264958e-03 5.226264254250277034e-07 2.880500548253854504e+04 2.018839636833808850e+06 5.934031290174360947e+03 8.600026636281443097e-04 5.570291008735066498e+02 1.802151388068632121e-01 2.569763860211851991e+00 2.774449437126062179e+00 1.923623945455988915e+00 
6.337237581015981647e+01 4.487995933374376364e+03 1.488217573167831250e+14 5.274998018845487470e+32 2.225812660131499133e-03 5.360016727291729305e-07 2.834349474276017645e+04 2.037333086135380669e+06 6.165599993468214052e+03 7.988795837664463759e-04 5.948017424920374197e+02 1.738482135604105805e-01 2.655921532989024225e+00 2.871443399544812980e+00 2.221466283945539022e+00 
6.561292610089725486e+01 4.467378566146238882e+03 1.461058597972460000e+14 5.178732833611513085e+32 2.168583128723782037e-03 5.512152407276110690e-07 2.781953600583935622e+04 2.056428408638323424e+06 5.753673160198089136e+03 7.345404292966103022e-04 6.408674856360369176e+02 1.681421518623399114e-01 2.744492945415511365e+00 2.972056322634961667e+00 2.621442985820384042e+00 
6.813984751328185041e+01 4.446855912870103566e+03 1.434395255906922500e+14 5.084224423613287855e+32 2.112952501447921787e-03 5.689499917029703674e-07 2.721070723635452305e+04 2.076138971427852055e+06 5.876211617432994899e+03 6.659362688434365555e-04 6.990802809740099519e+02 1.632088657347491034e-01 2.834048850491411642e+00 3.074877046908530254e+00 3.185315079654366333e+00 
7.102862157922540121e+01 4.426427538440328135e+03 1.408218501998136875e+14 4.991440728877895242e+32 2.058916564449856258e-03 5.903855402986473553e-07 2.647966867646773244e+04 2.096480148947853362e+06 6.027241445501316775e+03 5.914107341947966515e-04 7.764898973974621867e+02 1.592580529176473025e-01 2.921654997219043093e+00 3.176867848016860840e+00 4.037418067458471427e+00 
7.440027485617702041e+01 4.406093009750114106e+03 1.382519456337749844e+14 4.900350274505553738e+32 2.006478603135858439e-03 6.178318802840803033e-07 2.555667279713801690e+04 2.117469300359008834e+06 6.475900643572894296e+03 5.080774249618745086e-04 8.879062741942560706e+02 1.567246748536301748e-01 3.000818283365479289e+00 3.271106556299778756e+00 5.471549501722631881e+00 
7.847700754029493453e+01 4.385851895682288159e+03 1.357289401069769375e+14 4.810922159992253004e+32 1.955656435249810213e-03 6.568519571585067716e-07 2.428429581626149593e+04 2.139121773897269741e+06 6.096975786526149022e+03 4.100117663440138566e-04 1.072463883909588503e+03 1.567020949783940742e-01 3.054586154981368651e+00 3.339181395230737426e+00 8.394796574476533380e+00 
8.379013178446949439e+01 4.365703767100202640e+03 1.332519777433268594e+14 4.723126048747600518e+32 1.906500835827694591e-03 7.279964896425121072e-07 2.213955821412395744e+04 2.161427791007982567e+06 6.265189789062257660e+03 2.803269429636572573e-04 1.497603260441422208e+03 1.633715938104324805e-01 3.018537618599059336e+00 3.310368793158436240e+00 1.778697845402602695e+01 
9.248367639809694651e+01 4.345648196838596959e+03 1.308202182858957344e+14 4.636932157803595626e+32 1.859193961867694304e-03 1.498973270763325960e-06 1.086065054397830863e+04 2.183193472571447957e+06 6.393021647687679661e+02 1.607166627447103593e-05 2.613101998102445691e+02 3.167960840280236723e-01 1.659267859312788085e+00 1.825238106487572454e+00 5.807478679866105153e+01 
9.657546964109263854e+01 4.325684759694581771e+03 1.284328368118839062e+14 4.552311247711569752e+32 1.813668469006523122e-03 2.125558632948076246e-06 7.705621651162842682e+03 2.196459835255324375e+06 7.260382254235797461e+01 4.047969475296353486e-06 9.489307241124290471e+00 4.249125810388305058e-01 1.252581061249406602e+00 1.377420950128013910e+00 8.532206433303036519e+00 
9.853453705634498760e+01 4.305813032418588591e+03 1.260890234527792031e+14 4.469234612623168902e+32 1.769352932421763358e-03 2.419040055678833991e-06 6.803458791510506671e+03 2.207065966397637967e+06 3.291555614785961126e+01 2.448124447656768772e-06 2.852191005818186298e+00 4.580272768627862146e-01 1.151067932103548852e+00 1.263887773631415135e+00 4.227075453568422958e+00 
9.965366444924949008e+01 4.286032593705412182e+03 1.237879831196280625e+14 4.387674070552571118e+32 1.726072632218551102e-03 2.625173616786997246e-06 6.296346246951613466e+03 2.216609188019674737e+06 2.010312318364440287e+01 1.788113374922479124e-06 1.350844533798193581e+00 4.710011612363499967e-01 1.099628987728000329e+00 1.204954524674732186e+00 2.709800922702009007e+00 
1.002757800562537795e+02 4.266343024185292052e+03 1.215289352333201875e+14 4.307601953816402987e+32 1.683740640343070645e-03 2.788335750653237666e-06 5.952113648114418538e+03 2.225659779274632223e+06 1.404829049417158693e+01 1.422184209743217746e-06 7.855258926867041414e-01 4.741019922651152907e-01 1.067937389354787658e+00 1.167494061823289853e+00 1.949243317642707973e+00 
1.005597236232398473e+02 4.246743906414987578e+03 1.193111134597896250e+14 4.228991099647926014e+32 1.642301773065410605e-03 2.925616180766790791e-06 5.695410326294581864e+03 2.234523174747365061e+06 1.060481451486728233e+01 1.187531068097697101e-06 5.136366045144574732e-01 4.713826713152075021e-01 1.046462727337410303e+00 1.141130196860033363e+00 1.496840514966619962e+00 
1.005959259673209090e+02 4.227234824868965916e+03 1.171337654500566719e+14 4.151814840982801486e+32 1.601718130770186151e-03 3.045590383990309480e-06 5.492764015512899277e+03 2.243390771804396994e+06 8.417160344933520832e+00 1.023266143328794806e-06 3.623541503625742899e-01 4.649154959014324406e-01 1.031081067980330168e+00 1.121388672515361007e+00 1.198799740884463505e+00 
1.004423654575996920e+02 4.207815365930556254e+03 1.149961525850052500e+14 4.076046997412704855e+32 1.561960957663157366e-03 3.153245617869045141e-06 5.326523712205665106e+03 2.252392959406583104e+06 6.920647820922803284e+00 9.012827687659671463e-07 2.695822213008333690e-01 4.559207054595814657e-01 1.019668401766358645e+00 1.105972603950764022e+00 9.886229724714609146e-01 
1.001390037139370150e+02 4.188485117883214116e+03 1.128975497248258125e+14 4.001661866304314467e+32 1.523008428694751963e-03 3.251769133023261734e-06 5.186306860966338718e+03 2.261624025936535560e+06 5.841261063368221151e+00 8.067559896876940469e-07 2.085876836569308668e-01 4.451837236532019682e-01 1.011000241931230281e+00 1.093562983535964372e+00 8.330254569092416794e-01 
9.971495280718363574e+01 4.169243670901762925e+03 1.108372449630239531e+14 3.928634214080125063e+32 1.484842910138678721e-03 3.343336653216591944e-06 5.065520703839505586e+03 2.271154609048101585e+06 5.031133002422882861e+00 7.311044872385760936e-07 1.663288752153649908e-01 4.332412804861937583e-01 1.004314361818618773e+00 1.083341723307172488e+00 7.135623855172951169e-01 
9.919213138667255691e+01 4.150090617043721977e+03 1.088145393849228281e+14 3.856939267658551811e+32 1.447449630257265822e-03 3.429508602201650189e-06 4.959732373208755234e+03 2.281038601057403721e+06 4.403976431765364019e+00 6.690061437640245832e-07 1.358291736054847709e-01 4.204763851531913010e-01 9.991066977640626900e-01 1.074769464067045766e+00 6.192113453947983848e-01 
9.858762774875960133e+01 4.131025550240663506e+03 1.068287468305719531e+14 3.786552706050212673e+32 1.410816077710623159e-03 3.511446048437923787e-06 4.865829661322562970e+03 2.291318159837797750e+06 3.906289195997363350e+00 6.169812684423549136e-07 1.130830937044814688e-01 4.071710152357500001e-01 9.950296465198709139e-01 1.067475567574530215e+00 5.429943276415738485e-01 
9.791503363612800115e+01 4.112048066289577037e+03 1.048791936619790781e+14 3.717450652107448468e+32 1.374931297960446924e-03 3.590041674656437526e-06 4.781546155207971424e+03 2.302026601636595558e+06 3.503261607968523261e+00 5.726547158625217786e-07 9.565698453484890174e-02 3.935379498977138457e-01 9.918337758706918805e-01 1.061194841569637726e+00 4.802823877240069983e-01 
9.718538213561780026e+01 4.093157762844336958e+03 1.029652185345969531e+14 3.649609664424650095e+32 1.339785447988355851e-03 3.665997653427801601e-06 4.705185092145367889e+03 2.313190449403251521e+06 3.171342859065281239e+00 5.343492807141274949e-07 8.200327252789849086e-02 3.797403900834601109e-01 9.893353153518849030e-01 1.055732368225290374e+00 4.278883812967644307e-01 
9.640776104259342105e+01 4.074354239407136902e+03 1.010861721729721406e+14 3.583006729386119368e+32 1.305369473049933227e-03 3.739877136462713388e-06 4.635446151827036374e+03 2.324830908118372783e+06 2.894070557510899810e+00 5.008464053491987793e-07 7.109971323029763701e-02 3.659050220686829724e-01 9.873956606152930471e-01 1.050941386371329278e+00 3.835483358097162010e-01 
9.558974887858566660e+01 4.055637097320014618e+03 9.924141715049412500e+13 3.517619253359256326e+32 1.271674901003189357e-03 3.812139867823627080e-06 4.571312003591860048e+03 2.336964881532710977e+06 2.659615062854420842e+00 4.712387986712409573e-07 6.224888577187853017e-02 3.521310766162986106e-01 9.859080183565436251e-01 1.046708916030632874e+00 3.456106135441053828e-01 
9.473773168295946334e+01 4.037005939756412317e+03 9.743032767316284375e+13 3.453425055030185665e+32 1.238693571532598937e-03 3.883167914140828346e-06 4.511971628422444155e+03 2.349605911540498026e+06 2.459272351497868936e+00 4.448362639455434628e-07 5.496155244109808546e-02 3.384966990769375239e-01 9.847884179566587237e-01 1.042946098536452704e+00 3.128422228160129270e-01 
9.385714991570311838e+01 4.018460371712732922e+03 9.565228936729840625e+13 3.390402357879111496e+32 1.206417522585165238e-03 3.953280705617131804e-06 4.456771174913144023e+03 2.362764760685369372e+06 2.286507027395410230e+00 4.211052264792766893e-07 4.888653429551542695e-02 3.250633279197697734e-01 9.839704977418024523e-01 1.039582605489617784e+00 2.843055264495464862e-01 
9.295265706590551247e+01 4.000000000000000000e+03 9.390669907113134375e+13 3.328529782793218524e+32 1.174838908658487309e-03 4.022750088398049628e-06 4.405174390667301850e+03 2.376449853116429877e+06 2.136321965748392504e+00 3.996258187949238603e-07 4.376619009807917321e-02 3.118793258281552516e-01 9.834005316894458559e-01 1.036561334026522951e+00 2.592742397801136578e-01 
# Sigma_plus_index = 146  Sigma_minus_index = 187
# Non-converged_fits = 0