# Sigma0 	Teff 	Mdot 	F 	z0r 	rho_c 	T_c 	P_c 	tau 	PradPgas_c 	varkappa_c 	Pi1 	Pi2 	Pi3 	Pi4
# All values are in CGS units.
# M = 2.011658e+00 Msun, alpha = 0.01, r = 1.000000e+10 cm, r = 16832.386518751366 rg, structure = BellLin, mu = 0.62
4.539303543703665582e+02 1.000000000000000000e+04 1.803439570257686800e+16 2.907351116975877209e+34 5.069035975822992063e-02 8.331612078312735965e-07 8.609940645653168031e+04 9.619925174556391314e+06 1.336409590107043368e+04 1.440650739707240516e-02 5.779395184277143471e+01 5.856818724559742506e+00 5.374088511039952776e-01 1.149016562701465016e+00 4.475507228329747567e-01 
4.484254197046269041e+02 9.954061083088736268e+03 1.770528004477206800e+16 2.854293903908498768e+34 5.046348042679606183e-02 8.256472991300277440e-07 8.557509068741448573e+04 9.475113657231733203e+06 1.328396145521617655e+04 1.427364247335776923e-02 5.815192139341779409e+01 5.840837340766499963e+00 5.381315598412428347e-01 1.148990413192788385e+00 4.475456106957150793e-01 
4.429865649428155052e+02 9.908333204586158899e+03 1.738217052756644000e+16 2.802204949487969271e+34 5.023659784810567686e-02 8.182002024574705827e-07 8.505395548645082454e+04 9.332469811229005456e+06 1.320429365606373176e+04 1.414201321642266640e-02 5.851207465599193824e+01 5.824657182161298685e+00 5.388659678151461740e-01 1.148963714416435744e+00 4.475398149969559980e-01 
4.376129939903922832e+02 9.862815395004698075e+03 1.706495754291190000e+16 2.751066583641707531e+34 5.000976261201686007e-02 8.108193718983535073e-07 8.453597994967518025e+04 9.191961637785287574e+06 1.312508990884836930e+04 1.401160652021740151e-02 5.887443042093850210e+01 5.808289947622752081e+00 5.396116335116613039e-01 1.148936399733858194e+00 4.475334031593729556e-01 
4.323039308507846386e+02 9.817506689310463116e+03 1.675353348303363600e+16 2.700861458764090436e+34 4.978287563844829844e-02 8.035042202888999331e-07 8.402114968708227389e+04 9.053557779021618888e+06 1.304635430563772570e+04 1.388241337069707516e-02 5.923899326765461382e+01 5.791712141327455043e+00 5.403697725302747390e-01 1.148908521526531556e+00 4.475262088507974689e-01 
4.270585958145916834e+02 9.772406126902860706e+03 1.644779270392698200e+16 2.651572543831731756e+34 4.955593376733798128e-02 7.962541969869709169e-07 8.350944564734297455e+04 8.917227173911204562e+06 1.296808342301896300e+04 1.375442192828386402e-02 5.960577823808171161e+01 5.774922824476398375e+00 5.411405438491085906e-01 1.148880030244787021e+00 4.475182317922216102e-01 
4.218762194773882470e+02 9.727512751594169458e+03 1.614763148951953600e+16 2.603183118626004794e+34 4.932899276035006275e-02 7.890687981840531572e-07 8.300084441235000850e+04 8.782939210498737171e+06 1.289027245628162018e+04 1.362761753136208093e-02 5.997481178129932999e+01 5.757935151319212963e+00 5.419234342716862107e-01 1.148850812860271464e+00 4.475096532529145854e-01 
4.167560483804637670e+02 9.682825611589285472e+03 1.585294801648780200e+16 2.555676768061082705e+34 4.910196721701913514e-02 7.819474333427802474e-07 8.249533336022202275e+04 8.650663839350670576e+06 1.281292224254084249e+04 1.350199248170742133e-02 6.034609467971448993e+01 5.740728589693280703e+00 5.427195489828465780e-01 1.148820929231874066e+00 4.475002386785145170e-01 
4.116973311268741327e+02 9.638343759465578842e+03 1.556364231971603400e+16 2.509037376615507489e+34 4.887488538252121595e-02 7.748895841127458015e-07 8.199289196039616945e+04 8.520371351207245141e+06 1.273603074806484983e+04 1.337753405989989923e-02 6.071964714974302524e+01 5.723309693748666938e+00 5.435286995998563908e-01 1.148790303663829171e+00 4.474900627507913953e-01 
4.066993240217096854e+02 9.594066252152739253e+03 1.527961625838472200e+16 2.463249122865266340e+34 4.864779982957622567e-02 7.678946605014298388e-07 8.149350721542301471e+04 8.392032404693746939e+06 1.265959148296191961e+04 1.325423460412530029e-02 6.109546998119667904e+01 5.705690236745765809e+00 5.443504718506116946e-01 1.148758965660694908e+00 4.474788922998398921e-01 
4.017612986491560036e+02 9.549992150912858051e+03 1.500077348267892000e+16 2.418296474116792619e+34 4.842061538731087800e-02 7.609621912992155132e-07 8.099715636816613551e+04 8.265618314987380989e+06 1.258360935513743789e+04 1.313207975324438836e-02 6.147359115860122358e+01 5.687848101573403703e+00 5.451860310056075853e-01 1.148726816268480055e+00 4.474669157157643573e-01 
3.968825313920389704e+02 9.506120521320448461e+03 1.472701940110310800e+16 2.374164181137748415e+34 4.819334839052618474e-02 7.540916339429947317e-07 8.050382344288834429e+04 8.141100676036771387e+06 1.250808074595012476e+04 1.301105982379108759e-02 6.185402059201257430e+01 5.669786794192386736e+00 5.460353559981713234e-01 1.148693843833451966e+00 4.474540369070848511e-01 
3.920623066842676394e+02 9.462450433242707732e+03 1.445826114839350000e+16 2.330837272984118472e+34 4.796598493825853654e-02 7.472824648413381825e-07 8.001349129763772362e+04 8.018451521993787959e+06 1.243300166766569964e+04 1.289116435676378181e-02 6.223677173197813772e+01 5.651502830154550239e+00 5.468987576004125106e-01 1.148660015748648178e+00 4.474402116206166458e-01 
3.872999195402970258e+02 9.418980960819737447e+03 1.419440755401510000e+16 2.288301051921578048e+34 4.773851079273488257e-02 7.405341060487188929e-07 7.952614924322768638e+04 7.897643297407686710e+06 1.235837364757872638e+04 1.277238706198013767e-02 6.262184072589258221e+01 5.632992171526258751e+00 5.477766035619220375e-01 1.148625401251237799e+00 4.474251301017999616e-01 
3.825946614753059976e+02 9.375711182444940277e+03 1.393536911123419400e+16 2.246541088439621610e+34 4.751100959071017510e-02 7.338461347990019724e-07 7.904176945403417631e+04 7.778648741998276673e+06 1.228419048520681099e+04 1.265471082458073486e-02 6.300926992135349991e+01 5.614275190979184593e+00 5.486680105749798253e-01 1.148589772828858990e+00 4.474091853662747198e-01 
3.779458540056605216e+02 9.332640180745505859e+03 1.368105794675524200e+16 2.205543216356684710e+34 4.728334608584879029e-02 7.272179802457264824e-07 7.856034373841081106e+04 7.661441304580415599e+06 1.221045611606156490e+04 1.253813067064689021e-02 6.339905086109689591e+01 5.595319139981032031e+00 5.495747603815864801e-01 1.148553262160518118e+00 4.473919915974610140e-01 
3.733528107296865528e+02 9.289767042562896677e+03 1.343138779091133800e+16 2.165293528014501977e+34 4.705554351534291940e-02 7.206491695101462265e-07 7.808185171914019156e+04 7.545994601468141191e+06 1.213716906875122913e+04 1.242263418756619706e-02 6.379120719947840001e+01 5.576129581739676766e+00 5.504967317521964887e-01 1.148515766161147811e+00 4.473736488280823931e-01 
3.688148534081801131e+02 9.247090858933566778e+03 1.318627394839952000e+16 2.125778369560306669e+34 4.682763890574617033e-02 7.141391642820228483e-07 7.760628019814340223e+04 7.432282589505535550e+06 1.206432568575377991e+04 1.230821364659473970e-02 6.418574241050347950e+01 5.556714874812479721e+00 5.514336898281011479e-01 1.148477289218988506e+00 4.473539518935393255e-01 
3.643313198159908666e+02 9.204610725069620457e+03 1.294563326954928400e+16 2.086984336314984205e+34 4.659956736879174166e-02 7.076875171406120737e-07 7.713360904598893831e+04 7.320279830113567412e+06 1.199192584134203935e+04 1.219485656121621110e-02 6.458268199859986680e+01 5.537059755942313366e+00 5.523865449904800107e-01 1.148437750596891460e+00 4.473330193240430130e-01 
3.599015435049334428e+02 9.162325740339661934e+03 1.270938412211599800e+16 2.048898268225848293e+34 4.637139109604725140e-02 7.012937161828224615e-07 7.666382292888271331e+04 7.209960992749404162e+06 1.191996667161779260e+04 1.208255396134714707e-02 6.498203595276528688e+01 5.517178786881307140e+00 5.533547490641187450e-01 1.148397103557476262e+00 4.473107369220106766e-01 
3.555248800280987211e+02 9.120235008249721432e+03 1.247744636358902200e+16 2.011507245402392593e+34 4.614302753045857602e-02 6.949572834398386543e-07 7.619690664298609772e+04 7.101301422243031673e+06 1.184845124959490386e+04 1.197129646172292138e-02 6.538381683913580389e+01 5.497052140674866472e+00 5.543394747840690862e-01 1.148355345344945988e+00 4.472870233005077911e-01 
3.512006819594998319e+02 9.078337636424193988e+03 1.224974131400475200e+16 1.974798583733441858e+34 4.591449591545003484e-02 6.886777549031782635e-07 7.573284195295092650e+04 6.994276629698344506e+06 1.177737781810520755e+04 1.186107311960468702e-02 6.578804493841315093e+01 5.476684433349912950e+00 5.553406691391226113e-01 1.148312389353179253e+00 4.472619082734767826e-01 
3.469283133935284127e+02 9.036632736586983810e+03 1.202619172925646000e+16 1.938759830584392618e+34 4.568579726567961047e-02 6.824545964322586700e-07 7.527161942353339691e+04 6.888862531806537881e+06 1.170674443640139907e+04 1.175187844663432880e-02 6.619471474443903958e+01 5.456075316305265765e+00 5.563585643118484914e-01 1.148268298292603573e+00 4.472350438851236398e-01 
3.427071467767996751e+02 8.995119424542615889e+03 1.180672177489057200e+16 1.903378760572873508e+34 4.545689089797872590e-02 6.762873860569793473e-07 7.481321887808987231e+04 6.785035489579437301e+06 1.163655370131111522e+04 1.164370007976948257e-02 6.660385438215958231e+01 5.435215316343724901e+00 5.573938214203104646e-01 1.148222964745114538e+00 4.472065660473169002e-01 
3.385365557616373735e+02 8.953796820157509501e+03 1.159125700038153800e+16 1.868643371421559565e+34 4.522780452175610005e-02 6.701756673144994041e-07 7.435762308474785823e+04 6.682772082905711606e+06 1.156680087899289538e+04 1.153652775624667594e-02 6.701548260419826875e+01 5.414111099155868523e+00 5.584462948586758069e-01 1.148176303863595038e+00 4.471764698276159966e-01 
3.344159301344628261e+02 8.912664047341353580e+03 1.137972431387627200e+16 1.834541879886685269e+34 4.499850058594694058e-02 6.641189246695741002e-07 7.390482346307512489e+04 6.582049370599969290e+06 1.149749200032207955e+04 1.143035636180956757e-02 6.742959269574461700e+01 5.392753095667680796e+00 5.595167119191892802e-01 1.148128397038195914e+00 4.471443840997869623e-01 
3.303446597131806470e+02 8.871720234028462073e+03 1.117205195739890000e+16 1.801062717760769082e+34 4.476898297506883700e-02 6.581167462808458121e-07 7.345479990602491307e+04 6.482844692927060649e+06 1.142862410503793581e+04 1.132517373243147572e-02 6.784621384966099811e+01 5.371142550373045665e+00 5.606052032910137095e-01 1.148079112844961669e+00 4.471104453122343170e-01 
3.263221447442546719e+02 8.830964512159360311e+03 1.096816948250879800e+16 1.768194527948406901e+34 4.453923672857363486e-02 6.521686625930358372e-07 7.300753965738475381e+04 6.385135754629876465e+06 1.136019950415216954e+04 1.122097222044834280e-02 6.826535285258918861e+01 5.349275661778891688e+00 5.617121969012243143e-01 1.148028446860984486e+00 4.470744680268112781e-01 
3.223477923870453310e+02 8.790396017662311351e+03 1.076800772640208400e+16 1.735926160613561427e+34 4.430924538689605396e-02 6.462742487673554500e-07 7.256302591738449701e+04 6.288900619306157343e+06 1.129221997932907470e+04 1.111774164055101544e-02 6.868703024095795229e+01 5.327148598895296239e+00 5.628381142541488691e-01 1.147976325273927900e+00 4.470364557738649713e-01 
3.184210160269452672e+02 8.750013890435060603e+03 1.057149878844993600e+16 1.704246669397269419e+34 4.407900132406684240e-02 6.404330446231760646e-07 7.212124619460025860e+04 6.194117652338524349e+06 1.122468727743330055e+04 1.101547450308374906e-02 6.911125271940069581e+01 5.304759349098993049e+00 5.639833066640009829e-01 1.147922739537701409e+00 4.469962149720281830e-01 
3.145412335971143989e+02 8.709817274326551342e+03 1.037857600716449600e+16 1.673145307704281222e+34 4.384851055940940795e-02 6.346446035171911628e-07 7.168218681501080573e+04 6.100765514356674626e+06 1.115759901061019991e+04 1.091416263345636184e-02 6.953803081183950496e+01 5.282109309195521796e+00 5.651479448361242941e-01 1.147867650608241474e+00 4.469536026322250555e-01 
3.107078736695706880e+02 8.669805317118783933e+03 1.018917393758543000e+16 1.642611525057515815e+34 4.361774765240311602e-02 6.289085216005685080e-07 7.124583104059216566e+04 6.008823280111432076e+06 1.109096308051718370e+04 1.081379582072901011e-02 6.996738695939622232e+01 5.259192571639682789e+00 5.663325823480178656e-01 1.147810978725587461e+00 4.469086340885720099e-01 
3.069203708591080613e+02 8.629977170508787822e+03 1.000322832907930000e+16 1.612634963519065497e+34 4.338669808169447195e-02 6.232243640910480939e-07 7.081216604741704941e+04 5.918270318193265237e+06 1.102478251391454978e+04 1.071436627466779146e-02 7.039933077863206279e+01 5.236005582293507210e+00 5.675376738543531641e-01 1.147752703966559595e+00 4.468611435235400053e-01 
3.031781662046309975e+02 8.590331990090568070e+03 9.820676103543574000e+15 1.583205454176432633e+34 4.315534927609643301e-02 6.175916985725918159e-07 7.038117941745245480e+04 5.829086306299251504e+06 1.095906256322931586e+04 1.061586643718354095e-02 7.083387078159856287e+01 5.212545256867301191e+00 5.687636602694075005e-01 1.147692809971517125e+00 4.468109472468390075e-01 
2.994807078764623043e+02 8.550868935337273797e+03 9.641455334009066000e+15 1.554313013692997047e+34 4.292368266933795778e-02 6.120101212744551932e-07 6.995285658298512863e+04 5.741251263359280303e+06 1.089380967404745024e+04 1.051828737474256974e-02 7.127102383511844153e+01 5.188807261640619117e+00 5.700110507157167827e-01 1.147631243275262891e+00 4.467579693503612170e-01 
2.958274411518252123e+02 8.511587169583317518e+03 9.465505223632228000e+15 1.525947840921334234e+34 4.269173227650269187e-02 6.064792341517856464e-07 6.952718103248371335e+04 5.654745349974012934e+06 1.082902038169746447e+04 1.042161928000862221e-02 7.171081250289350351e+01 5.164800165979006152e+00 5.712796432138786962e-01 1.147567877672919456e+00 4.467022049094573899e-01 
2.922178351626257040e+02 8.472485860006661824e+03 9.292766085071232000e+15 1.498100313578402336e+34 4.245944026680471134e-02 6.009985845544650081e-07 6.910414670934878814e+04 5.569549311698395759e+06 1.076471254091385708e+04 1.032585807975316787e-02 7.215322597516136227e+01 5.140509565756278043e+00 5.725705540850669628e-01 1.147502829647873757e+00 4.466431981434212384e-01 
2.886513521302992444e+02 8.433564177611189734e+03 9.123179320238436000e+15 1.470760984981409003e+34 4.222681473130420610e-02 5.955678027024654396e-07 6.868373652203186066e+04 5.485644003734748811e+06 1.070089082513978428e+04 1.023099339557187112e-02 7.259829108836038358e+01 5.115937888237578335e+00 5.738839338593888506e-01 1.147435973007377985e+00 4.465809907826725489e-01 
2.851274672551415961e+02 8.394821297209071417e+03 8.956687400421953000e+15 1.443920580843179593e+34 4.199383131070260483e-02 5.901864989597600308e-07 6.826593774913602101e+04 5.403010684356009588e+06 1.063757138274921272e+04 1.013701724900206887e-02 7.304602116060237904e+01 5.091079411229356921e+00 5.752204147777991716e-01 1.147367279203697965e+00 4.465154375240076856e-01 
2.816456608750528972e+02 8.356256397403332812e+03 8.793233846770552000e+15 1.417569996126100485e+34 4.176047329089736110e-02 5.848542818859909215e-07 6.785073842084284115e+04 5.321630882816616446e+06 1.057477022451557241e+04 1.004392211337905468e-02 7.349642710491211517e+01 5.065930244827349327e+00 5.765805434365320892e-01 1.147296726040568426e+00 4.464463563619197606e-01 
2.782054111737663220e+02 8.317868660570378779e+03 8.632763211134121000e+15 1.391700291953382185e+34 4.152676628123491698e-02 5.795707246840665877e-07 6.743812935592127906e+04 5.241486249870184809e+06 1.051248940637612395e+04 9.951702386197301339e-03 7.394950745154810079e+01 5.040496598787024496e+00 5.779643131159204472e-01 1.147224304275491713e+00 4.463734026438677671e-01 
2.748062154831653743e+02 8.279657272842696329e+03 8.475221057254237000e+15 1.366302692576763243e+34 4.129266480311920284e-02 5.743355097989047545e-07 6.702809326301964757e+04 5.162559015889962204e+06 1.045076318021887528e+04 9.860347076762848023e-03 7.440529626826999277e+01 5.014768117358715749e+00 5.793726317892982092e-01 1.147149911270619604e+00 4.462966808535860919e-01 
2.714475698731025091e+02 8.241621424091608787e+03 8.320553942297849000e+15 1.341368582399529039e+34 4.105816616295299148e-02 5.691482407837834676e-07 6.662062060461319925e+04 5.084831517167001031e+06 1.038961402430867565e+04 9.769850071970218042e-03 7.486379658414837479e+01 4.988744270820178350e+00 5.808058961870934400e-01 1.147073548900803486e+00 4.462158902826100504e-01 
2.681289804604335245e+02 8.203760307910057236e+03 8.168709398727755000e+15 1.316889503053824870e+34 4.082324952992098105e-02 5.640085525033442675e-07 6.621570013055359595e+04 5.008286450976876542e+06 1.032908088508221408e+04 9.680204038404504815e-03 7.532501973277062746e+01 4.962420310757033270e+00 5.822647513916934248e-01 1.146995203397612073e+00 4.461308311763745316e-01 
2.648499537453477046e+02 8.166073121595555676e+03 8.019635916504311000e+15 1.292857150531367752e+34 4.058791567660458705e-02 5.589160790431072493e-07 6.581332046071106743e+04 4.932906706406900659e+06 1.026919947016279912e+04 9.591401676904342741e-03 7.578897706964586689e+01 4.935796803766191232e+00 5.837495417294393807e-01 1.146914832915518989e+00 4.460412971380555702e-01 
2.616100070454593833e+02 8.128559066133118904e+03 7.873282925611537000e+15 1.269263372366454275e+34 4.035214375722660785e-02 5.538704922451151426e-07 6.541346787891657732e+04 4.858675537228018977e+06 1.021002852528201220e+04 9.503434100471271767e-03 7.625569165182936615e+01 4.908869301864342560e+00 5.852609073227130754e-01 1.146832371460807520e+00 4.459472210538333314e-01 
2.584086613399379644e+02 8.091217346178379557e+03 7.729600778902527000e+15 1.246100164870444564e+34 4.011592824247693645e-02 5.488713873465421621e-07 6.501613771770120366e+04 4.785576398579203524e+06 1.015163646489536404e+04 9.416297758841559590e-03 7.672514968061808815e+01 4.881636436538327573e+00 5.867993622634850581e-01 1.146747906123279259e+00 4.458480686534265214e-01 
2.552454444222906318e+02 8.054047170040672427e+03 7.588540735257507000e+15 1.223359670416648506e+34 3.987925404088511760e-02 5.439184528009517201e-07 6.462131598599655263e+04 4.713593066789856181e+06 1.009412437700942246e+04 9.329983505240734692e-03 7.719737667230380396e+01 4.854095302507223764e+00 5.883654810849706651e-01 1.146661357282838134e+00 4.457437902128543739e-01 
2.521198944862683220e+02 8.017047749666274285e+03 7.450054943049538000e+15 1.201034174774806744e+34 3.964209233328325893e-02 5.390113472952666027e-07 6.422899420682406344e+04 4.642709657102764584e+06 1.003764966182590433e+04 9.244485176442917770e-03 7.767237780950301840e+01 4.826239287899880104e+00 5.899601049676022058e-01 1.146572765121949944e+00 4.456340733762447770e-01 
2.490315425983241653e+02 7.980218300621718299e+03 7.314096423911946000e+15 1.179116104494215958e+34 3.940446009090678436e-02 5.341497432769557618e-07 6.383916007416292996e+04 4.572910314947527833e+06 9.982380023472824178e+03 9.159794786839254091e-03 7.815017140982915578e+01 4.798073293932448635e+00 5.915833710505450371e-01 1.146482040199799268e+00 4.455187633516015100e-01 
2.459799413654210127e+02 7.943558042077109349e+03 7.180619056801713000e+15 1.157598024334563892e+34 3.916631843876125507e-02 5.293333244644132657e-07 6.345180500875209691e+04 4.504179738241541199e+06 9.928650836669901764e+03 9.075905839046457743e-03 7.863076609692022600e+01 4.769588408225240883e+00 5.932362914571649437e-01 1.146389231940367903e+00 4.453975728389817923e-01 
2.429646382056633058e+02 7.907066196789630339e+03 7.049577562354114000e+15 1.136472634743717795e+34 3.892766786242062016e-02 5.245617580432111787e-07 6.306692064603091421e+04 4.436502678509002551e+06 9.876928302922518924e+03 8.992812273160908157e-03 7.911416700683747649e+01 4.740785358751823608e+00 5.949193047366654330e-01 1.146294344298242951e+00 4.452701677793955426e-01 
2.399851911021944773e+02 7.870741991087012138e+03 6.920927487522460000e+15 1.115732769381475924e+34 3.868849295431724816e-02 5.198347360481939423e-07 6.268449785708085983e+04 4.369864222488412634e+06 9.828063172900303471e+03 8.910507338144161779e-03 7.960038494244886920e+01 4.711661141387442520e+00 5.966330931967942508e-01 1.146197389146430545e+00 4.451362750045542160e-01 
2.370411656993512679e+02 7.834584654851149935e+03 6.794625190498428000e+15 1.095371392688550694e+34 3.844876772224085221e-02 5.151519980651820429e-07 6.230452400875611784e+04 4.304249786997723393e+06 9.757785898399037251e+03 8.828982043208527877e-03 8.008944906814510034e+01 4.682210528455753362e+00 5.983784778192952070e-01 1.146098321412315046e+00 4.449958259110039505e-01 
2.341321200425296070e+02 7.798593421501802368e+03 6.670627825907583000e+15 1.075381597499918554e+34 3.820851572806099883e-02 5.105131532433203645e-07 6.192699902945983922e+04 4.239644738004342653e+06 9.688748459313748754e+03 8.748235040073595523e-03 8.058132812994684002e+01 4.652439466144926428e+00 6.001556496916552463e-01 1.145997271942152507e+00 4.448480309529302956e-01 
2.312576413361541938e+02 7.762767527980284285e+03 6.548893330274808000e+15 1.055756602701680197e+34 3.796767967869005278e-02 5.059180077077973437e-07 6.155190731199838046e+04 4.176035179440653417e+06 9.621922885381138258e+03 8.668255058000579744e-03 8.107607078797479971e+01 4.622335509940769249e+00 6.019659154024865622e-01 1.145894189960800391e+00 4.446930311203663444e-01 
2.284173019375083413e+02 7.727106214733349589e+03 6.429380407755373000e+15 1.036489750930745465e+34 3.772627047319087462e-02 5.013662393001520651e-07 6.117924405921551806e+04 4.113407052912503481e+06 9.556886200083195945e+03 8.589037676493707293e-03 8.157367090943353105e+01 4.591902070757217125e+00 6.038096385021057833e-01 1.145789133679312677e+00 4.445303140018667665e-01 
2.256106905547460144e+02 7.691608725697026784e+03 6.312048516125988000e+15 1.017574506316430867e+34 3.748426650691550482e-02 4.968575658438360049e-07 6.080900384888339613e+04 4.051746745557603426e+06 9.493338092039663024e+03 8.510577569236767170e-03 8.207412993538862622e+01 4.561134791458411719e+00 6.056877006784620043e-01 1.145682204671494064e+00 4.443594457838276890e-01 
2.228373978819510342e+02 7.656274308280651894e+03 6.196857853031919000e+15 9.990044522633372236e+33 3.724165510779389732e-02 4.923917358326617870e-07 6.044117801210739708e+04 3.991040832147593610e+06 9.431051840374842868e+03 8.432867570849315875e-03 8.257746483155892747e+01 4.530031842202641101e+00 6.076008234207318504e-01 1.145573426693488717e+00 4.441801630790318534e-01 
2.200970212523352814e+02 7.621102213350856800e+03 6.083769342484707000e+15 9.807732892746269506e+33 3.699842221567802708e-02 4.879684835056384859e-07 6.007576117917960801e+04 3.931276142390323803e+06 9.369853144131864610e+03 8.355902199003164763e-03 8.308367897372797017e+01 4.498590904468557028e+00 6.095497985600235591e-01 1.145462896224847649e+00 4.439920329895514772e-01 
2.173891604206502279e+02 7.586091695215711297e+03 5.972744621606541000e+15 9.628748328150656013e+33 3.675456107556358126e-02 4.835875560309777746e-07 5.971274702878520475e+04 3.872439695412229281e+06 9.309614098875130367e+03 8.279675399127526397e-03 8.359278076278840786e+01 4.466811618308578424e+00 6.115353012845078373e-01 1.145350678846563053e+00 4.437946697043386735e-01 
2.147134269741898436e+02 7.551242011608936082e+03 5.863746027616540000e+15 9.453030112130616739e+33 3.651005063159343950e-02 4.792487311820261718e-07 5.935212837298578233e+04 3.814518844388430472e+06 9.250234192670621269e+03 8.204180283363513362e-03 8.410478676569162815e+01 4.434690327680619326e+00 6.135582512931980759e-01 1.145236859734936941e+00 4.435877677479632131e-01 
2.120694369139653759e+02 7.516552423674113925e+03 5.756736585054295000e+15 9.280518636009541265e+33 3.626487092293399078e-02 4.749517944754986712e-07 5.899389864584871248e+04 3.757501184465318453e+06 9.191631453625539507e+03 8.129410143201542746e-03 8.461971292436803083e+01 4.402223716230220241e+00 6.156195720809435334e-01 1.145121535734060503e+00 4.433709960017441776e-01 
2.094567991584744391e+02 7.482022195949080924e+03 5.651679993236891000e+15 9.111155378929425503e+33 3.601903608001651852e-02 4.706964411096506980e-07 5.863805980973671831e+04 3.701374275964414235e+06 9.133743034119050208e+03 8.055363382109414702e-03 8.513752827754447594e+01 4.369416207439447142e+00 6.177197199581132558e-01 1.145004913066405505e+00 4.431434932504737523e-01 
2.068751520082341244e+02 7.447650596350286833e+03 5.548540613944540000e+15 8.944882887998681713e+33 3.577250121006407546e-02 4.664825454303881867e-07 5.828460044260080758e+04 3.646126376041908748e+06 9.076524215804671258e+03 7.982029846304708465e-03 8.565828131224446906e+01 4.336259060093487605e+00 6.198600248155716752e-01 1.144887064478206096e+00 4.429052652939387547e-01 
2.043241195245972506e+02 7.413436896157292722e+03 5.447283459331120000e+15 8.781644758802557335e+33 3.552526925808369151e-02 4.623098724049487975e-07 5.793351843784713856e+04 3.591745598838283680e+06 9.019932340793695403e+03 7.909405146074860102e-03 8.618196771455637872e+01 4.302754556560770993e+00 6.220411197765921552e-01 1.144768150579213550e+00 4.426557182217304431e-01 
2.018033451796137001e+02 7.379380369997345952e+03 5.347874180055362000e+15 8.621385616269245083e+33 3.527731473130423651e-02 4.581782188967135323e-07 5.758481315384228947e+04 3.538220522825814318e+06 8.963937630864313178e+03 7.837484973067854188e-03 8.670858284527575677e+01 4.268898114080216466e+00 6.242641655811832502e-01 1.144648447556563697e+00 4.423942402767916948e-01 
1.993124647363740394e+02 7.345480295829946044e+03 5.250279053628411000e+15 8.464051095884815211e+33 3.502863844718349245e-02 4.540873933544088863e-07 5.723848066099039715e+04 3.485539733184499200e+06 8.908514494278517304e+03 7.766263504364012173e-03 8.723813598373466505e+01 4.234691917398942351e+00 6.265298432651043026e-01 1.144528100985684693e+00 4.421203616935671099e-01 
1.968511360519725599e+02 7.311735954931599736e+03 5.154464972974364000e+15 8.309587825251488950e+33 3.477921042044815336e-02 4.500372483120986545e-07 5.689451777270471212e+04 3.433692318621875253e+06 8.853647280400853560e+03 7.695734503540429920e-03 8.777064206034812344e+01 4.200130793803798390e+00 6.288394093285322173e-01 1.144407375574557184e+00 4.418336537692361676e-01 
1.944190042002579446e+02 7.278146631880529640e+03 5.060399435199240000e+15 8.157943405981944762e+33 3.452903413410177841e-02 4.460276178829875527e-07 5.655292048122198321e+04 3.382667290847419295e+06 8.799318376866407561e+03 7.625891752685120921e-03 8.830611588325342609e+01 4.165217877854408890e+00 6.311935286743535212e-01 1.144286425854887490e+00 4.415336706339873518e-01 
1.920157382723847945e+02 7.244711614541526615e+03 4.968050530565133000e+15 8.009066395924377010e+33 3.427808336346318402e-02 4.420583537791470519e-07 5.621368906563532073e+04 3.332454164654699620e+06 8.745519040841076276e+03 7.556730501706934028e-03 8.884455917389900037e+01 4.129948966171546942e+00 6.335934779515050019e-01 1.144165614803514419e+00 4.412198077512825001e-01 
1.896410012788218467e+02 7.211430194050876707e+03 4.877386931665568000e+15 7.862906291711936020e+33 3.402635178565469043e-02 4.381293026813593136e-07 5.587682340969990037e+04 3.283042497231957503e+06 8.692241363234430537e+03 7.488245946401697606e-03 8.938597386742152651e+01 4.094324858647949483e+00 6.360401860607706181e-01 1.144045244865255384e+00 4.408914468952450649e-01 
1.872944713822497818e+02 7.178301664801280822e+03 4.788377882798205000e+15 7.719413511630309907e+33 3.377381858534614367e-02 4.342403813261877376e-07 5.554231893036630208e+04 3.234422212053495925e+06 8.639481923603507312e+03 7.420430316227263554e-03 8.993039403195933801e+01 4.058343377413566877e+00 6.385348256636202979e-01 1.143925596889859175e+00 4.405482908306776468e-01 
1.849758227397525445e+02 7.145325324426951738e+03 4.700993189531776000e+15 7.578539378798431819e+33 3.352047943639031163e-02 4.303914152350271077e-07 5.521018195365287829e+04 3.186583287730142940e+06 8.587238021842918897e+03 7.353281802332059872e-03 9.047779151321836366e+01 4.022005670938399113e+00 6.410784087065863890e-01 1.143807142219827933e+00 4.401893683962919135e-01 
1.826847471761495569e+02 7.112500473788671115e+03 4.615203208463122000e+15 7.440236104655649852e+33 3.326631370531526327e-02 4.265823538169194018e-07 5.488040838500438986e+04 3.139516112704041414e+06 8.535511428682588303e+03 7.286792318472919312e-03 9.102820567851631495e+01 3.985309943839729030e+00 6.436721635478545034e-01 1.143690224024751290e+00 4.398143979852933150e-01 
1.804209314247133022e+02 7.079826416958993832e+03 4.530978837161373000e+15 7.304456772750593465e+33 3.301131531347084591e-02 4.228131038939927636e-07 5.455299895452929195e+04 3.093211130700428504e+06 8.484302886051336827e+03 7.220956464758235965e-03 9.158164828963408866e+01 3.948257724712867844e+00 6.463171163634927607e-01 1.143575242183815233e+00 4.394227839654172851e-01 
1.781840816357620838e+02 7.047302461207507804e+03 4.448291504295599500e+15 7.171155322825818452e+33 3.275546365524507897e-02 4.190835745216300062e-07 5.422795936570553749e+04 3.047659171863925178e+06 8.433621708471755483e+03 7.155770791228358539e-03 9.213811083274684677e+01 3.910846898126325577e+00 6.490146746252112298e-01 1.143462812817093166e+00 4.390137069452854646e-01 
1.759738981448607262e+02 7.014927916986104719e+03 4.367113159942486500e+15 7.040286535192666466e+33 3.249875227492916852e-02 4.153937247312008991e-07 5.390528874781225750e+04 3.002851141573240981e+06 8.383471295423951233e+03 7.091228395735383466e-03 9.269762336806711289e+01 3.873079434632168638e+00 6.517659079936899413e-01 1.143353363060113370e+00 4.385867170818150140e-01 
1.737900975971031130e+02 6.982702097914411752e+03 4.287416266071121500e+15 6.911806015391654770e+33 3.224116447512767603e-02 4.117435296667513511e-07 5.358498868191389192e+04 2.958778280855912250e+06 8.333865682626292255e+03 7.027323094718186669e-03 9.326021028033025573e+01 3.834954893335812631e+00 6.545721585243502449e-01 1.143247466571944759e+00 4.381412847132946653e-01 
1.716323943381025856e+02 6.950624320765184166e+03 4.209173787201162500e+15 6.785670179132371071e+33 3.198269376622732418e-02 4.081329539155539496e-07 5.326706261084182916e+04 2.915431934039261192e+06 8.284813678520782560e+03 6.964049632846040262e-03 9.382588643157826880e+01 3.796475352110165069e+00 6.574346098340700939e-01 1.143145714382672429e+00 4.376767555612466332e-01 
1.695005218946498644e+02 6.918693905449879821e+03 4.132359181231775000e+15 6.661836237508671001e+33 3.172332066079618096e-02 4.045619906112986851e-07 5.295151604807495460e+04 2.872803835536334198e+06 8.236333206662398879e+03 6.901403086842872701e-03 9.439466468645115071e+01 3.757639883091718147e+00 6.603547793798540955e-01 1.143048862938705890e+00 4.371924337895630730e-01 
1.673942067680513333e+02 6.886910175004187295e+03 4.056946390437656500e+15 6.540262182483239584e+33 3.146304095046391358e-02 4.010306658053196073e-07 5.263834937653564702e+04 2.830885742595127318e+06 8.188438679805130050e+03 6.839375972864442620e-03 9.496658926866334127e+01 3.718451800116897576e+00 6.633338336001131097e-01 1.142957504009053160e+00 4.366879074631750957e-01 
1.653131955031029463e+02 6.855272455573694060e+03 3.982909832629554000e+15 6.420906772637330403e+33 3.120183859198346135e-02 3.975389800197233250e-07 5.232757235823992960e+04 2.789669804113459308e+06 8.141153362210252453e+03 6.777964913948933065e-03 9.554165775907631541e+01 3.678911178699568740e+00 6.663733500406258115e-01 1.142872569314157483e+00 4.361622779331500999e-01 
1.632572298567448854e+02 6.823780076399626523e+03 3.910224392476114500e+15 6.303729519180598098e+33 3.093970897722998076e-02 3.940869902320631424e-07 5.201918730546783627e+04 2.749148226854446810e+06 8.094497805073927339e+03 6.717162667240348523e-03 9.611991552938962968e+01 3.639021593105765451e+00 6.694746010552390381e-01 1.142794791774319085e+00 4.356150886746773532e-01 
1.612260743774654657e+02 6.792432369804572772e+03 3.838865412983911000e+15 6.188690672215921357e+33 3.067663264909495369e-02 3.906747810114461901e-07 5.171320008801611402e+04 2.709313657942021266e+06 8.048505465917813126e+03 6.656962914020923827e-03 9.670140042533603264e+01 3.598783127182302088e+00 6.726392734414844421e-01 1.142725142170498254e+00 4.350457777055456998e-01 
1.592194813051492304e+02 6.761228671178389959e+03 3.768808687133221000e+15 6.075751207255321841e+33 3.041261132089861235e-02 3.873024332112608881e-07 5.140961469787373062e+04 2.670158673361108173e+06 8.003202109565360843e+03 6.597358681119459660e-03 9.728616013175739852e+01 3.558201244374484151e+00 6.758686029890252911e-01 1.142664466355492348e+00 4.344538451455883243e-01 
1.572372309926425089e+02 6.730168318964057107e+03 3.700030449666184000e+15 5.964872811981533783e+33 3.014762692727522217e-02 3.839700456359124941e-07 5.110844146385271597e+04 2.631676354978174437e+06 7.958631217463363100e+03 6.538345137239798613e-03 9.787421900571138167e+01 3.517276594695930569e+00 6.791644007720966103e-01 1.142613958596897739e+00 4.338385369064433061e-01 
1.552790966401097705e+02 6.699250654643678899e+03 3.632507369025008000e+15 5.856017873251469198e+33 2.988167714943067502e-02 3.806777413447552765e-07 5.080968657280400657e+04 2.593859781436942983e+06 7.914834265570635580e+03 6.479915440711280991e-03 9.846562888744520592e+01 3.476014096795800867e+00 6.825281171311766704e-01 1.142574678083701167e+00 4.331993308084141070e-01 
1.533448742611483055e+02 6.668475022724538576e+03 3.566216539437265500e+15 5.749149464336806773e+33 2.961474572879587222e-02 3.774256963374984944e-07 5.051335708296207304e+04 2.556702481309477706e+06 7.871866776076952192e+03 6.422062190761299201e-03 9.906045380209152995e+01 3.434415652516600304e+00 6.859615846411466489e-01 1.142547880944533301e+00 4.325357803280204805e-01 
1.514343471331148407e+02 6.637840770725153561e+03 3.501135473145489000e+15 5.644231332397214946e+33 2.934683715780096736e-02 3.742140726926601485e-07 5.021945902257939451e+04 2.520197875813519582e+06 7.829785776107900347e+03 6.364777840345815785e-03 9.965876244958158736e+01 3.392488354029022268e+00 6.894661931770530439e-01 1.142534720136276549e+00 4.318474472352418769e-01 
1.495473334103635636e+02 6.607347249161498439e+03 3.437242092778805500e+15 5.541227886182546350e+33 2.907793295123398125e-02 3.710430832862502641e-07 4.992800300078492000e+04 2.484339997193458490e+06 7.788673214277031548e+03 6.308055730401269760e-03 1.002606176830088742e+02 3.350233955666781949e+00 6.930439981492261259e-01 1.142536731919624904e+00 4.311337981343380532e-01 
1.476836287668167813e+02 6.576993811533181542e+03 3.374514723863534500e+15 5.440104183959071424e+33 2.880804245714956024e-02 3.679129292584025422e-07 4.963899561202246696e+04 2.449122629752578679e+06 7.748609777235957154e+03 6.251887881858954159e-03 1.008661026620509631e+02 3.307661228629644956e+00 6.966963908314648402e-01 1.142555211359292944e+00 4.303944505317762736e-01 
1.458430702548750730e+02 6.546779814309789799e+03 3.312932087470698000e+15 5.340825921656414634e+33 2.853714821469802154e-02 3.648238910607395547e-07 4.935244634771563142e+04 2.414540262436417397e+06 7.709716739080226034e+03 6.196266078685239501e-03 1.014753117391515076e+02 3.264772884373767781e+00 7.004255194011418384e-01 1.142591860361674483e+00 4.296290780731960579e-01 
1.440254821991817096e+02 6.516704616917198109e+03 3.252473292997492000e+15 5.243359421230467478e+33 2.826525329322671781e-02 3.617762201443134505e-07 4.906836554423694179e+04 2.380587256549372803e+06 7.672131085198566325e+03 6.141182925328933506e-03 1.020883314476513277e+02 3.221576621796606865e+00 7.042331161966901565e-01 1.142648334184479975e+00 4.288372444138446316e-01 
1.422307051897558949e+02 6.486767581724009688e+03 3.193117831080643000e+15 5.147671619238903101e+33 2.799235400288772879e-02 3.587702327085597069e-07 4.878676142454758519e+04 2.347258321998139378e+06 7.636032946139357591e+03 6.086629146111272037e-03 1.027052820294089770e+02 3.178079054666144376e+00 7.081211134352695113e-01 1.142726396639632158e+00 4.280187665836743816e-01 
1.404585958017393921e+02 6.456968074028060073e+03 3.134845566639080500e+15 5.053730055625167365e+33 2.771844550378422048e-02 3.558062825875738056e-07 4.850764223702430172e+04 2.314548436460855417e+06 7.601663994915566946e+03 6.032594862471936381e-03 1.033263003148829000e+02 3.134286868190432784e+00 7.120915687911316683e-01 1.142827976803599821e+00 4.271735669637670152e-01 
1.387090016829060914e+02 6.427305462042907493e+03 3.077636732043436000e+15 4.961502862706932472e+33 2.744353532681371305e-02 3.528846814642081554e-07 4.823102133467306703e+04 2.282452564181450289e+06 7.569337766756428209e+03 5.979072840085895152e-03 1.039514899224531916e+02 3.090209540883513295e+00 7.161463566852652729e-01 1.142955096607452203e+00 4.263012132333948712e-01 
1.369818095539451974e+02 6.397779116884496943e+03 3.021471920410408500e+15 4.870958754365841468e+33 2.716761446737142593e-02 3.500058906734368424e-07 4.795690356096936739e+04 2.250966250030467752e+06 7.539523726645725219e+03 5.926050166453087839e-03 1.045810499932125168e+02 3.045853714453780281e+00 7.202877754400587307e-01 1.143109937060302173e+00 4.254020755498768014e-01 
1.352768818039373002e+02 6.368388412557778793e+03 2.966332079019297000e+15 4.782067015434209774e+33 2.689069632679470800e-02 3.471702669457250076e-07 4.768530289694407111e+04 2.220084805914686527e+06 7.512873489315926236e+03 5.873519138717414947e-03 1.052151073521683600e+02 3.001230804914588823e+00 7.245177281988856022e-01 1.143294753446352008e+00 4.244758185175094845e-01 
1.335941364636034905e+02 6.339132725943457444e+03 2.912198502848810500e+15 4.694797491275618152e+33 2.661276943245105900e-02 3.443783300887820704e-07 4.741622763881819264e+04 2.189804331951286178e+06 7.490467615232034404e+03 5.821467224078602336e-03 1.058538759644328877e+02 2.956347371092405307e+00 7.288388501556766208e-01 1.143512185529688585e+00 4.235228253375509233e-01 
1.319334306586887635e+02 6.310011436784798207e+03 2.859052828231817500e+15 4.609120577555646049e+33 2.633386471980737539e-02 3.416304883636672358e-07 4.714968581371835899e+04 2.160120211494541261e+06 7.473999104487457771e+03 5.769883738464692997e-03 1.064975466040458372e+02 2.911219754369264390e+00 7.332526443450421150e-01 1.143764413643144406e+00 4.225431912783201294e-01 
1.302947122513519957e+02 6.281023927674433253e+03 2.806877026625780500e+15 4.525007210199096346e+33 2.605396950663489350e-02 3.389273407833246518e-07 4.688568599891043414e+04 2.131029071579913143e+06 7.466801437803577755e+03 5.718755046459512298e-03 1.071463752723700651e+02 2.865854891028787321e+00 7.377620145301890808e-01 1.144054472524510535e+00 4.215375274071245792e-01 
1.286779054889829865e+02 6.252169584041323105e+03 2.755653398497051500e+15 4.442428855530778459e+33 2.577309317098071262e-02 3.362694110266890159e-07 4.662424160878697876e+04 2.102527279987644404e+06 7.476005009788719690e+03 5.668070630659092536e-03 1.078005776340731501e+02 2.820264654420471917e+00 7.423694313375924780e-01 1.144385399044075546e+00 4.205060246245493349e-01 
1.270829295574682476e+02 6.223447794137682649e+03 2.705364567316597500e+15 4.361357500595933915e+33 2.549125520308575740e-02 3.336573073538275888e-07 4.636535433893864683e+04 2.074611205936980899e+06 7.521405197973649592e+03 5.617814355239934311e-03 1.084604742193853042e+02 2.774464165075291255e+00 7.470769903633076581e-01 1.144759973125951236e+00 4.194496764018528778e-01 
1.255097490058827105e+02 6.194857949026028109e+03 2.655993473665414500e+15 4.281765643657485492e+33 2.520846020890760500e-02 3.310916453968759313e-07 4.610903852634994837e+04 2.047277832524340600e+06 7.698235987658345948e+03 5.567974679295209332e-03 1.091263274053839467e+02 2.728464811549389246e+00 7.518876033665636838e-01 1.145181785226063509e+00 4.183689264216335357e-01 
1.239583120306322002e+02 6.166399442566289508e+03 2.607523369447520500e+15 4.203626284866718612e+33 2.492472856135200671e-02 3.285730973835370955e-07 4.585529732951631013e+04 2.020523989429980982e+06 7.319499863092517444e+03 5.518535165797742482e-03 1.097984959673965051e+02 2.682282399515988569e+00 7.568036515962236477e-01 1.145654098241678076e+00 4.172649261507270224e-01 
1.224285917642744579e+02 6.138071671402911306e+03 2.559937812208433500e+15 4.126912917104021541e+33 2.464007700585889998e-02 3.261023629458404857e-07 4.560413801007569418e+04 1.994346854701463832e+06 7.158342143095172105e+03 5.469480557866146161e-03 1.104773382792193956e+02 2.635931966125002912e+00 7.618278620236803578e-01 1.146180610100544506e+00 4.161387403939169061e-01 
1.209205854708161212e+02 6.109874034952114926e+03 2.513220659557514500e+15 4.051599516987057461e+33 2.435451936740080925e-02 3.236801870080420888e-07 4.535556929188228241e+04 1.968743940211771755e+06 7.080006720604527800e+03 5.420795525357218619e-03 1.111632339496332094e+02 2.589428119195889000e+00 7.669632699853542457e-01 1.146765399030333699e+00 4.149915245279580667e-01 
1.194342717041627395e+02 6.081805935389118531e+03 2.467356063691918500e+15 3.977660536042753425e+33 2.406808593249454981e-02 3.213073539838867799e-07 4.510958975489627483e+04 1.943712549562688684e+06 7.027411847835011031e+03 5.372460628326267661e-03 1.118566542296135111e+02 2.542789819768501935e+00 7.722123639618944102e-01 1.147412231645843717e+00 4.138250626775898389e-01 
1.179696756910871187e+02 6.053866777635485050e+03 2.422328466020609500e+15 3.905070892040589955e+33 2.378079466866583544e-02 3.189846656855655410e-07 4.486620958604374755e+04 1.919250588128349045e+06 6.986150741432285940e+03 5.324460517811106970e-03 1.125580229868755708e+02 2.496032956891917287e+00 7.775784585468816790e-01 1.148125749808351470e+00 4.126406734079506866e-01 
1.165268214417430670e+02 6.026055969346519305e+03 2.378122591886454500e+15 3.833805960484015551e+33 2.349267354132770699e-02 3.167129985352706170e-07 4.462542822715900547e+04 1.895355938225372927e+06 6.951280351217635143e+03 5.276775002951277285e-03 1.132678748793559151e+02 2.449176372136259161e+00 7.830645666213965628e-01 1.148910455247341922e+00 4.114404501940373549e-01 
1.151057439598652365e+02 5.998372920898669690e+03 2.334723445384555500e+15 3.763841566257007536e+33 2.320375272476701140e-02 3.144932376663927904e-07 4.438724816908275534e+04 1.872026656182916835e+06 6.920816410445637302e+03 5.229385125655815203e-03 1.139867491304734273e+02 2.402239367915410373e+00 7.886738846418130944e-01 1.149771191515910340e+00 4.102263992591608788e-01 
1.137064982523643266e+02 5.970817045377075374e+03 2.292116304275289000e+15 3.695153975423301043e+33 2.291406487703590705e-02 3.123263225993969264e-07 4.415166898107704765e+04 1.849260989921842469e+06 6.893940664024559737e+03 5.182270307805439229e-03 1.147152441750593965e+02 2.355242076334266521e+00 7.944097454608864961e-01 1.150713090910999936e+00 4.090008881226505633e-01 
1.123291502005067457e+02 5.943387758563075295e+03 2.250286714990017500e+15 3.627719887175032596e+33 2.262364481769922608e-02 3.102132523491765881e-07 4.391868619331657101e+04 1.827057361453713384e+06 6.870387948437597515e+03 5.135407931689543043e-03 1.154540294540119447e+02 2.308205413068211254e+00 8.002755651687805116e-01 1.151741467491976589e+00 4.077666906573970684e-01 
1.109737843215115163e+02 5.916084478921869959e+03 2.209220487728101250e+15 3.561516425928555840e+33 2.233253127998196044e-02 3.081550098224094101e-07 4.368830121409511776e+04 1.805414333398304414e+06 6.850222937883353552e+03 5.088778123962240177e-03 1.162037544124093245e+02 2.261150863809703981e+00 8.062750426572817819e-01 1.152862174948588558e+00 4.065263200122784526e-01 
1.096404955455220573e+02 5.888906627590148673e+03 2.168903691643240250e+15 3.496521133564276203e+33 2.204076582698291306e-02 3.061526699761150168e-07 4.346050626643635042e+04 1.784330618627285352e+06 6.833784763534016747e+03 5.042356722078986456e-03 1.169651882317562865e+02 2.214101030366573131e+00 8.124118741534394061e-01 1.154081136059385226e+00 4.052830487170527851e-01 
1.083293967522327961e+02 5.861853628363836833e+03 2.129322650117762250e+15 3.432711961808260883e+33 2.174839351753747596e-02 3.042073420368573040e-07 4.323529226015461609e+04 1.763805068005324109e+06 6.821708487459991375e+03 4.996119072509346871e-03 1.177391501210095015e+02 2.167079285389897247e+00 8.186899421039489644e-01 1.155404644472059372e+00 4.040403892377054662e-01 
1.070406182739417602e+02 5.834924907685896869e+03 2.090463936123145250e+15 3.370067264752870994e+33 2.145546226162852246e-02 3.023201314697597828e-07 4.301265459528387146e+04 1.743836685990877450e+06 6.815070794562229821e+03 4.950042716213606635e-03 1.185264561490478599e+02 2.120109302953097075e+00 8.251134558459856105e-01 1.156839537546063834e+00 4.028016897422149190e-01 
1.057743013935523635e+02 5.808119894634126467e+03 2.052314367665122500e+15 3.308565791513746860e+33 2.116202405569683753e-02 3.004922288156874292e-07 4.279257913499044662e+04 1.724424573371872539e+06 6.815710470961308602e+03 4.904101127429303340e-03 1.193280501588331646e+02 2.073215971081977749e+00 8.316866325739739052e-01 1.158392762805986687e+00 4.015710788607624315e-01 
1.045306082387729276e+02 5.781438020909100487e+03 2.014861003312035000e+15 3.248186679021003741e+33 2.086813461267322464e-02 2.987248546910412913e-07 4.257505051921393169e+04 1.705567948637295747e+06 6.827029051802150207e+03 4.858267593767441779e-03 1.201449294350459667e+02 2.026424821500885542e+00 8.384139461022886985e-01 1.160071727177941048e+00 4.003529283980101217e-01 
1.033097160090981959e+02 5.754878720822083778e+03 1.978091137804673500e+15 3.188909444941790870e+33 2.057385191946299943e-02 2.970192361643118220e-07 4.236005627715546143e+04 1.687266177594202571e+06 6.856240559899412801e+03 4.812517071602550808e-03 1.209781073023728908e+02 1.979761497694830563e+00 8.453002267557176985e-01 1.161884370594422844e+00 3.991515488697820468e-01 
1.021118181931707909e+02 5.728441431283053134e+03 1.941992297746309000e+15 3.130713980732128718e+33 2.027923983573343830e-02 2.953766564397498416e-07 4.214757663444479113e+04 1.669518649232757511e+06 6.922703737736452240e+03 4.766821961944636872e-03 1.218287061089345968e+02 1.933252887415420451e+00 8.523504052539320197e-01 1.163838917561336617e+00 3.979718831153421510e-01 
1.009371286585686676e+02 5.702125591788777456e+03 1.906552237371382250e+15 3.073580544815552069e+33 1.998436340795465768e-02 2.937984629486884713e-07 4.193758717215519573e+04 1.652324928938909434e+06 7.111370479728943792e+03 4.721153012182799542e-03 1.226979459635942646e+02 1.886926007973942498e+00 8.595697287413930354e-01 1.165944015766412267e+00 3.968193748100761198e-01 
9.978591064340380967e+01 5.675930644410894274e+03 1.871758934391334250e+15 3.017489755886112972e+33 1.968928329986259496e-02 2.922860256204527048e-07 4.173007033021013922e+04 1.635684974262620090e+06 6.875469259239037456e+03 4.675483974433500278e-03 1.235870461494204307e+02 1.840806392258778734e+00 8.669644100689074540e-01 1.168209425632072085e+00 3.956993231377090581e-01 
9.865834005603326773e+01 5.649856033784124520e+03 1.837600585916357750e+15 2.962422586333775532e+33 1.939409457004211482e-02 2.908406325375282650e-07 4.152499200971422397e+04 1.619597633882934228e+06 6.583549174320271959e+03 4.629785462579655113e-03 1.244973531978185264e+02 1.794926336074734508e+00 8.745390752431825288e-01 1.170643789401733414e+00 3.946176399192744544e-01 
9.755472172191629454e+01 5.623901207094458186e+03 1.804065604451464000e+15 2.908360355789619998e+33 1.909886304960916464e-02 2.894637566275926167e-07 4.132232511114206136e+04 1.604063068547389237e+06 6.530015061999354657e+03 4.584028737154220885e-03 1.254302836753526265e+02 1.749311813357581347e+00 8.823006316503181345e-01 1.173257831533864204e+00 3.935806205882385611e-01 
9.647533792053592094e+01 5.598065614067470960e+03 1.771142613965721000e+15 2.855284724789001097e+33 1.880367211516446868e-02 2.881568225979023134e-07 4.112203684459537180e+04 1.589080945557188708e+06 6.513767528599674733e+03 4.538185268036963420e-03 1.263873214159776239e+02 1.703991761754241496e+00 8.902556455035087746e-01 1.176062272937491437e+00 3.925948162412379872e-01 
9.542049624500384652e+01 5.572348706956625392e+03 1.738820446033131250e+15 2.803177688550204895e+33 1.850860574071652720e-02 2.869213028001124463e-07 4.092409176302870037e+04 1.574651094926455989e+06 6.512810809781561147e+03 4.492226340397809103e-03 1.273700381986445649e+02 1.658994699153068852e+00 8.984112396969057279e-01 1.179068499939184944e+00 3.916671706875770043e-01 
9.439052518805165448e+01 5.546749940531673019e+03 1.707088136044003750e+15 2.752021570866742785e+33 1.821375251413153915e-02 2.857587104495893305e-07 4.072844807337417296e+04 1.560773328212100780e+06 6.523415734924702519e+03 4.446122079837961164e-03 1.283801226748707620e+02 1.614349536620532488e+00 9.067749171400730779e-01 1.182288434235073016e+00 3.908052299580552780e-01 
9.338576034532228221e+01 5.521268772067108330e+03 1.675934919485456750e+15 2.701799018111098399e+33 1.791920758788049378e-02 2.846705195233323688e-07 4.053506554183617845e+04 1.547447305367568973e+06 6.547027383180317884e+03 4.399845428749402619e-03 1.294192858878896288e+02 1.570085503999397725e+00 9.153546011085735845e-01 1.185734620417145058e+00 3.900164920688611869e-01 
9.240658302954059877e+01 5.495904661330628187e+03 1.645350228289743750e+15 2.652492993347810680e+33 1.762506398655236048e-02 2.836582988939488915e-07 4.034389760599548026e+04 1.534672964861771325e+06 6.589773051402410601e+03 4.353367586639104829e-03 1.304893851904839437e+02 1.526230861688409268e+00 9.241590468318895413e-01 1.189420509631873957e+00 3.893092497138058716e-01 
9.145338307559887880e+01 5.470657070571717668e+03 1.615323687249308000e+15 2.604086770554130288e+33 1.733142218397158360e-02 2.827236133358331682e-07 4.015489240733707993e+04 1.522450022067718208e+06 6.669185745779223907e+03 4.306660051091653826e-03 1.315923763964636635e+02 1.482814462574481018e+00 9.331973476732156048e-01 1.193360057592186774e+00 3.886922511052536278e-01 
9.052657139134831255e+01 5.445525464510216807e+03 1.585845110497176250e+15 2.556563928946011823e+33 1.703838539292144849e-02 2.818679878643266856e-07 3.996800311505317950e+04 1.510778171730843838e+06 6.859079947337198973e+03 4.259698599605656055e-03 1.327302151503927519e+02 1.439864449414168801e+00 9.424794377657333966e-01 1.197568224437715934e+00 3.881740669392899634e-01 
8.962657856543755486e+01 5.420509310324980106e+03 1.556904498051628250e+15 2.509908347407725153e+33 1.674606007238198246e-02 2.810930348580676479e-07 3.978316864347421506e+04 1.499657040659505408e+06 6.798768387268788501e+03 4.212455272979343489e-03 1.339050762922977924e+02 1.397408995503282902e+00 9.520156613878705265e-01 1.202060408328528895e+00 3.877644861385169395e-01 
8.875387614469094899e+01 5.395608077642605167e+03 1.528492032423944750e+15 2.464104199023157300e+33 1.645455473389948256e-02 2.804003485278866967e-07 3.960033064277008816e+04 1.489086261371946661e+06 6.393066145562081147e+03 4.164905595863354314e-03 1.351191701242897807e+02 1.355475391370462468e+00 9.618174446190103088e-01 1.206853281078199558e+00 3.874734155625592646e-01 
8.790895830127975330e+01 5.370821238526142224e+03 1.500598075287978500e+15 2.419135945706778912e+33 1.616397952937337346e-02 2.797915503041956343e-07 3.941942637667258532e+04 1.479065443580953870e+06 6.379477694059655732e+03 4.117025725826378019e-03 1.363748252829240641e+02 1.314090185546046730e+00 9.718970226740052398e-01 1.211964375353978385e+00 3.873113348790339638e-01 
8.709233189889856419e+01 5.346148267463951925e+03 1.473213164210616750e+15 2.374988332932774515e+33 1.587444961221250173e-02 2.792682443760188047e-07 3.924038901916870964e+04 1.469593947316123173e+06 6.409352373022802567e+03 4.068793345651335915e-03 1.376744692195132131e+02 1.273279653320664950e+00 9.822673119868577940e-01 1.217411993392318204e+00 3.872891994103967450e-01 
8.630454604898558557e+01 5.321588641358519453e+03 1.446328009441799250e+15 2.331646384560186902e+33 1.558608130695745761e-02 2.788320608457944503e-07 3.906314766832564055e+04 1.460671109764421359e+06 6.468222801000988511e+03 4.020187160669691680e-03 1.390206534249056460e+02 1.233069098021850385e+00 9.929423422701264546e-01 1.223215654471738301e+00 3.874186604844215287e-01 
8.554617154733266204e+01 5.297141839515384163e+03 1.419933490763192000e+15 2.289095397752614073e+33 1.529899249244481320e-02 2.784846042634755421e-07 3.888763234126453608e+04 1.452296157528822543e+06 6.574377862736607312e+03 3.971189306816399513e-03 1.404159880298772975e+02 1.193482705694112189e+00 1.003937231340140901e+00 1.229396018431813120e+00 3.877116175865591430e-01 
8.481782526415889834e+01 5.272807343632116499e+03 1.394020654394362500e+15 2.247320937990613440e+33 1.501330140954367648e-02 2.782275546639454440e-07 3.871376240464580769e+04 1.444468297814193182e+06 6.839863792031307639e+03 3.921780448618833632e-03 1.418633000422615282e+02 1.154543684177353757e+00 1.015268226455278144e+00 1.235974912506446755e+00 3.881812552527584836e-01 
8.412012660405009967e+01 5.248584637787288557e+03 1.368580709955357000e+15 2.206308834175025722e+33 1.472913171128976788e-02 2.780625213964769347e-07 3.854145578224719065e+04 1.437186293973582098e+06 6.474080449693376067e+03 3.871944846811582654e-03 1.433654848645867048e+02 1.116274692989599027e+00 1.026952413068828562e+00 1.242975045290879876e+00 3.888410997377340084e-01 
8.345376290823881504e+01 5.224473208429583792e+03 1.343605027484800750e+15 2.166045173819812813e+33 1.444660302979630488e-02 2.779911579930454707e-07 3.837063092547398264e+04 1.430449131957026199e+06 6.336528327452730991e+03 3.821669383773153642e-03 1.449255498268128406e+02 1.078696304792836180e+00 1.039008752873838981e+00 1.250421074564661561e+00 3.897053977072917341e-01 
8.281944584195686332e+01 5.200472544366866714e+03 1.319085134512323000e+15 2.126516298332470421e+33 1.416583732807726558e-02 2.780151278969126553e-07 3.820119824247097131e+04 1.424255513250498101e+06 6.388135309513711945e+03 3.770941568240644519e-03 1.465466827450460130e+02 1.041828216555658049e+00 1.051457313270475202e+00 1.258338756666847580e+00 3.907894929024861574e-01 
8.221792743383932134e+01 5.176582136755363535e+03 1.295012713184469750e+15 2.087708798380671153e+33 1.388695749529221708e-02 2.781360840296494455e-07 3.803306534867860319e+04 1.418603937592887785e+06 6.499928013179331174e+03 3.719751502403684067e-03 1.482322004577369512e+02 1.005688842309192754e+00 1.064319666501925887e+00 1.266755408644504310e+00 3.921096004003189472e-01 
8.164998792680530926e+01 5.152801479088889209e+03 1.271379597443064750e+15 2.049609509343458554e+33 1.361008597042495834e-02 2.783556667358071060e-07 3.786613806992489845e+04 1.413492722201302415e+06 6.760680413720398064e+03 3.668092255878993742e-03 1.499855445025202414e+02 9.702950697715613249e-01 1.077618884867049376e+00 1.275699816908492323e+00 3.936827558073753841e-01 
8.111646396082618082e+01 5.129130067188073554e+03 1.248177770255010500e+15 2.012205506845369914e+33 1.333534367344658446e-02 2.786755497608748257e-07 3.770031716088184476e+04 1.408920103263834491e+06 6.464186896677030745e+03 3.615958351184875297e-03 1.518103455268028483e+02 9.356621954108311767e-01 1.091379861339855983e+00 1.285202623618051598e+00 3.955273227279959558e-01 
8.061824404729361504e+01 5.105567399189711978e+03 1.225399360892721500e+15 1.975484102372181891e+33 1.306285083635584134e-02 2.790974468056276517e-07 3.753549483578438958e+04 1.404884123947026208e+06 6.350320067784909952e+03 3.563344799829125647e-03 1.537104735817105734e+02 9.018041279224614515e-01 1.105629219232276750e+00 1.295296211465975622e+00 3.976633292048022406e-01 
8.015626019806791192e+01 5.082112975536083468e+03 1.203036642264103500e+15 1.939432838966533409e+33 1.279272594961203095e-02 2.796230229642417292e-07 3.737156815540167736e+04 1.401382674054759322e+06 6.462239209134284465e+03 3.510252145706570237e-03 1.556898653594000166e+02 8.687329152065745852e-01 1.120395685772427319e+00 1.306015107876744130e+00 4.001115051881378171e-01 
7.973148318532474832e+01 5.058766298964402267e+03 1.181082028291345750e+15 1.904039487002235743e+33 1.252508647910457670e-02 2.802540061314501543e-07 3.720842096668435988e+04 1.398413361830955371e+06 6.735025199015537510e+03 3.456679909131906304e-03 1.577527798200091240e+02 8.364593060466426477e-01 1.135709568640814293e+00 1.317395345084906522e+00 4.028947857659206377e-01 
7.934496857719895502e+01 5.035526874496239543e+03 1.159528071337468000e+15 1.869292040035575280e+33 1.226004594156689456e-02 2.809921374692404236e-07 3.704593911836415646e+04 1.395973815312021645e+06 6.447119596085209196e+03 3.402631614602438098e-03 1.599036291096674063e+02 8.049920108653644268e-01 1.151603911392655499e+00 1.329475823672767509e+00 4.060375766983060908e-01 
7.899781991037511375e+01 5.012394209427041460e+03 1.138367459679882250e+15 1.835178710732401264e+33 1.199771640800642407e-02 2.818391843264401376e-07 3.688400078999500693e+04 1.394061365523686865e+06 6.399438416523999877e+03 3.348111938196668327e-03 1.621471005307073483e+02 7.743383049478059776e-01 1.168113774305163055e+00 1.342297459317807196e+00 4.095664347315149945e-01 
7.869120494527260234e+01 4.989367813315704552e+03 1.117593015030062750e+15 1.801687926869554210e+33 1.173820606512459772e-02 2.827969747173410851e-07 3.672247783730001538e+04 1.392673244420942850e+06 6.605248203872973136e+03 3.293126757972358442e-03 1.644881811029317475e+02 7.445037054614965788e-01 1.185276601916876782e+00 1.355903573862665690e+00 4.135103123463839681e-01 
7.842635009426210502e+01 4.966447197974134724e+03 1.097197690098426625e+15 1.768808327409171065e+33 1.148162051381502492e-02 2.838673258394832345e-07 3.656124155551831791e+04 1.391806425917117856e+06 7.144482481811224716e+03 3.237685600764887619e-03 1.669320711633849896e+02 7.154920686115477935e-01 1.203132373764211227e+00 1.370340098976007948e+00 4.179002310527098474e-01 
7.820458324991157895e+01 4.943631877456943585e+03 1.077174566203731750e+15 1.736528758644762900e+33 1.122806047161483724e-02 2.850522058575440765e-07 3.640014890384271712e+04 1.391457871420169482e+06 6.421798328839226087e+03 3.181796130696129890e-03 1.694844548132176669e+02 6.873056314658978483e-01 1.221723875861353559e+00 1.385655892449770610e+00 4.227710183846827841e-01 
7.802730939487624084e+01 4.920921368051101126e+03 1.057516850926020875e+15 1.704838270417491688e+33 1.097762256552049093e-02 2.863535894610064852e-07 3.623905858228719444e+04 1.391624397385577904e+06 6.679315910454475670e+03 3.125470214959107356e-03 1.721512600039896483e+02 6.599448500310024501e-01 1.241096953848448203e+00 1.401903029283799063e+00 4.281600940586939852e-01 
7.789599886506199766e+01 4.898315188265724828e+03 1.038217875802476875e+15 1.673726112401624103e+33 1.073039976677234858e-02 2.877735458255341232e-07 3.607781758679844643e+04 1.392302561013880186e+06 6.520888346114676096e+03 3.068719421457471487e-03 1.749388910875088357e+02 6.334087786141677778e-01 1.261299968378553071e+00 1.419136167462322407e+00 4.341088806802997913e-01 
7.781223877928810850e+01 4.875812858821832378e+03 1.019271094065253375e+15 1.643181730457656906e+33 1.048647934679875111e-02 2.893142615216178572e-07 3.591626670714454667e+04 1.393488939131526509e+06 6.535545234011065986e+03 3.011556365585620672e-03 1.778542131479332511e+02 6.076947807332452323e-01 1.282384815400503753e+00 1.437413772983935578e+00 4.406631217293283664e-01 
7.777772355745392474e+01 4.853413902642198991e+03 1.000670078420640500e+15 1.613194763052076592e+33 1.024594386370138339e-02 2.909780046335010644e-07 3.575424244290535717e+04 1.395179986065414269e+06 7.273516018070695281e+03 2.953995677055960833e-03 1.809045412067537768e+02 5.827986941982695734e-01 1.304406933646470312e+00 1.456798151944285635e+00 4.478730907634445035e-01 
7.779425436910881331e+01 4.831117844841252918e+03 9.824085188687477500e+14 1.583755037742439234e+33 1.000887069648113276e-02 2.927672554673387180e-07 3.559156240122378949e+04 1.397372043011711910e+06 6.509864532425820471e+03 2.896049179755365039e-03 1.840979459803491807e+02 5.587150927042572324e-01 1.327424859802960544e+00 1.477354946950168335e+00 4.557955226981603158e-01 
7.786374802269081385e+01 4.808924212714979149e+03 9.644802205629496250e+14 1.554852567726551046e+33 9.775331809668564784e-03 2.946846011252511357e-07 3.542804075771743373e+04 1.400061371680847136e+06 7.036659498106390856e+03 2.837731097508766707e-03 1.874430478857429705e+02 5.354370679414559575e-01 1.351500962280295592e+00 1.499154024395044527e+00 4.644929292155712264e-01 
7.798827116543270677e+01 4.786832535730931340e+03 9.468791017084410000e+14 1.526477548454699906e+33 9.545393143767870112e-03 2.967328555324584278e-07 3.526347797968286613e+04 1.403244262976208469e+06 6.543353982436819024e+03 2.779054541821122676e-03 1.909492775938324201e+02 5.129564109869535482e-01 1.376701676216049108e+00 1.522269808001385005e+00 4.740355916768235200e-01 
7.817004023427436721e+01 4.764842345518223738e+03 9.295991914990922500e+14 1.498620354303628713e+33 9.319115088461891669e-03 2.989150183237276405e-07 3.509766581873802352e+04 1.406916962862518383e+06 7.233590171874145199e+03 2.720033435859696164e-03 1.946268506326413217e+02 4.912636644521876095e-01 1.403097752243142704e+00 1.546781605965329431e+00 4.845019972522883189e-01 
7.841141359333576588e+01 4.742953175857614951e+03 9.126346280919916250e+14 1.471271535311265691e+33 9.096553116084621360e-03 3.012343565132759499e-07 3.493037700295692775e+04 1.411075564438446192e+06 6.637289630807475078e+03 2.660679668867297482e-03 1.984870355339885180e+02 4.703484118717645712e-01 1.430763739906379950e+00 1.572773096084778777e+00 4.959809108913943998e-01 
7.871495455748613779e+01 4.721164562671640851e+03 8.959796566189511250e+14 1.444421813971045457e+33 8.877755512031650781e-03 3.036945348440042992e-07 3.476136205360915483e+04 1.415716381007760996e+06 6.833925214312814205e+03 2.601001803452860153e-03 2.025423846180497094e+02 4.501991403989690776e-01 1.459778947659129411e+00 1.600333489618496419e+00 5.085736542055386833e-01 
7.908341295054862030e+01 4.699476044014738363e+03 8.796286272342626250e+14 1.418062082084666202e+33 8.662765251978465225e-03 3.062994611927718213e-07 3.459036355371864192e+04 1.420835681408290518e+06 6.892318416480977248e+03 2.541010277753787214e-03 2.068065378953237143e+02 4.308033159240020060e-01 1.490227691664653742e+00 1.629557902463968810e+00 5.223940217604118308e-01 
7.951974818514779031e+01 4.677887160063491137e+03 8.635759931981368750e+14 1.392183397672375927e+33 8.451619751645749606e-03 3.090535130740557890e-07 3.441709437962892844e+04 1.426429733508428559e+06 6.670855566859901046e+03 2.480711148399691000e-03 2.112948122277812786e+02 4.121477092934584530e-01 1.522198768961852577e+00 1.660546866908627406e+00 5.375727698657094544e-01 
8.002719666144562893e+01 4.656397453106848843e+03 8.478163089950656250e+14 1.366776981939555264e+33 8.244350035650653552e-03 3.119615327173216512e-07 3.424124799593197531e+04 1.432495037317884155e+06 6.816988997009109880e+03 2.420109322386130093e-03 2.160242048902669296e+02 3.942182350273686353e-01 1.555787006947775719e+00 1.693408233778303629e+00 5.542594766223143399e-01 
8.060922106825964306e+01 4.635006467536434684e+03 8.323442284865548750e+14 1.341834216298712576e+33 8.040982422758547257e-03 3.150288838823757218e-07 3.406248793165245297e+04 1.439027971885727951e+06 7.277437006617526094e+03 2.359206724725299714e-03 2.210137723573644166e+02 3.770002997041468351e-01 1.591091814894478595e+00 1.728255612578226241e+00 5.726262505640627998e-01 
8.126963467317905554e+01 4.613713749836901115e+03 8.171545030975721250e+14 1.317346639445829230e+33 7.841536405004047305e-03 3.182616777958942207e-07 3.388044088346810895e+04 1.446025316968286177e+06 6.968292054422126967e+03 2.298000327352972983e-03 2.262851243462967830e+02 3.604787168475278580e-01 1.628218934557800868e+00 1.765210575070178090e+00 5.928733925260669668e-01 
8.201256946294287786e+01 4.592518848576285563e+03 8.022419800360570000e+14 1.293305944490006875e+33 7.646026683406556383e-03 3.216667170453083186e-07 3.369470017341170023e+04 1.453483876275188290e+06 6.872098842696654174e+03 2.236484727439755522e-03 2.318626022357849195e+02 3.446378984371145093e-01 1.667279794257390035e+00 1.804402056758660944e+00 6.152332595923271086e-01 
8.284255170805867863e+01 4.571421314396468915e+03 7.876016005449672500e+14 1.269703976135564862e+33 7.454462541770456863e-03 3.252517259198547931e-07 3.350481308819876722e+04 1.461400679194171680e+06 6.849580872529586486e+03 2.174649470566963720e-03 2.377739787081139582e+02 3.294619621889379735e-01 1.708391985175758965e+00 1.845967132708743241e+00 6.399783264363313462e-01 
8.376455223926396343e+01 4.550420700003624916e+03 7.732283981861861250e+14 1.246532727915502924e+33 7.266848243048235415e-03 3.290254618107897057e-07 3.331027772330644802e+04 1.469772971232949756e+06 6.868867779955058722e+03 2.112479622151098874e-03 2.440510003748139241e+02 3.149348175765934732e-01 1.751679621648760232e+00 1.890051656769746735e+00 6.674293900683523351e-01 
8.478404652347707326e+01 4.529516560158744142e+03 7.591174971557681250e+14 1.223784339475484573e+33 7.083183320827808604e-03 3.329980213948038551e-07 3.311052240623589023e+04 1.478598228526232298e+06 6.921668381147135733e+03 2.049952134499993025e-03 2.507304897964500014e+02 3.010403975237285756e-01 1.797272833448887885e+00 1.936809995132823925e+00 6.979685295709140425e-01 
8.590725340321534986e+01 4.508708451668211637e+03 7.452641106299387500e+14 1.201451093907398439e+33 6.903459491239085678e-03 3.371811706614711778e-07 3.290490444193677831e+04 1.487874989830330480e+06 7.026987391113615558e+03 1.987036580455063973e-03 2.578552710194951487e+02 2.877623982637562694e-01 1.845311734740491039e+00 1.986409747175775564e+00 7.320541407917603438e-01 
8.714058493481500989e+01 4.487995933374376364e+03 7.316635391412417500e+14 1.179525415131522594e+33 6.727672569288134508e-03 3.415879042893655630e-07 3.269270498104250873e+04 1.497600011731659528e+06 7.254666765428157305e+03 1.923700054017920321e-03 2.654747206218135034e+02 2.750853152571863802e-01 1.895933694125250035e+00 2.039017893218568744e+00 7.702315727446062965e-01 
8.849170994403419854e+01 4.467378566146238882e+03 7.183111689843725000e+14 1.157999865326545066e+33 6.555805794308726918e-03 3.462339812921557314e-07 3.247309124066106233e+04 1.507772499947789358e+06 8.277190935932436332e+03 1.859895242166304235e-03 2.736476995893219737e+02 2.629933421542952621e-01 1.949291648176442404e+00 2.094821714130536083e+00 8.131715181430990702e-01 
8.996905517983435630e+01 4.446855912870103566e+03 7.052024706510511250e+14 1.136867142406399735e+33 6.387841512742025059e-03 3.511377966626803607e-07 3.224509398342328495e+04 1.518391354690704495e+06 7.029398831377373426e+03 1.795562953556143447e-03 2.824443097529273246e+02 2.514714774298607569e-01 2.005540571013509243e+00 2.154014189221402642e+00 8.616976489691539065e-01 
9.158215827439875056e+01 4.426427538440328135e+03 6.923329972934942500e+14 1.116120077543207133e+33 6.223758491880663178e-03 3.563209771958992927e-07 3.200759881319320993e+04 1.529455977664832259e+06 7.424899971546577945e+03 1.730633749557901726e-03 2.919483211054807725e+02 2.405052899274157108e-01 2.064841669474201336e+00 2.216799258099087400e+00 9.168307893170072331e-01 
9.334184599674321703e+01 4.406093009750114106e+03 6.796983832159257500e+14 1.095751632735417258e+33 6.063532329840135189e-03 3.618094804948105502e-07 3.175928298521941906e+04 1.540966250292442273e+06 7.117913987029869531e+03 1.665019787966503031e-03 3.022618048965699700e+02 2.300813504901654261e-01 2.127358828309918515e+00 2.283388553387311504e+00 9.798572709773555323e-01 
9.526075015981322736e+01 4.385851895682288159e+03 6.672943423935842500e+14 1.075754898420279626e+33 5.907133382209892383e-03 3.676347512084161024e-07 3.149858118488443506e+04 1.552923437166685238e+06 8.075137469972007239e+03 1.598614300579421317e-03 3.135101325433055308e+02 2.201871990716073313e-01 2.193262773032654600e+00 2.354006923196565015e+00 1.052419134417196700e+00 
9.735277976733974015e+01 4.365703767100202640e+03 6.551166670188056250e+14 1.056123091129961922e+33 5.754536482094158197e-03 3.738345364167528061e-07 3.122361548743107414e+04 1.565327108554280596e+06 7.497177895872276167e+03 1.531289921262293796e-03 3.258487780637549349e+02 2.108124243457283054e-01 2.262708417370703717e+00 2.428867896295686002e+00 1.136632379246962143e+00 
9.963509019981673021e+01 4.345648196838596959e+03 6.431612260735885000e+14 1.036849551190362200e+33 5.605705942919689266e-03 3.804564798208967326e-07 3.093208523586510273e+04 1.578180522324565565e+06 7.436021983139451550e+03 1.462883980721466819e-03 3.394754965042974959e+02 2.019481075122062097e-01 2.335861157906473196e+00 2.508204800075404250e+00 1.235302993438982089e+00 
1.021270969006690166e+02 4.325684759694581771e+03 6.314239639282587500e+14 1.017927740461995369e+33 5.460611218838232021e-03 3.875596296266567740e-07 3.062115446584123129e+04 1.591485140498507768e+06 7.559381194487497851e+03 1.393199863801363033e-03 3.546438655342049060e+02 1.935884913119640671e-01 2.412854877485622218e+00 2.592224428021826288e+00 1.352190685006785742e+00 
1.048528829745618651e+02 4.305813032418588591e+03 6.199008989656621250e+14 9.993512401220345040e+32 5.319214844822716184e-03 3.952206200073581095e-07 3.028722381327617404e+04 1.605245856444614008e+06 8.150947505937781898e+03 1.321983638739721370e-03 3.716889386654433451e+02 1.857312858571752157e-01 2.493809375338779333e+00 2.681129568084482884e+00 1.492499153416115387e+00 
1.078407809995299544e+02 4.286032593705412182e+03 6.085881222304942500e+14 9.811137484868756273e+32 5.181485111701653566e-03 4.035384357634192676e-07 2.992570713346342018e+04 1.619465957407338312e+06 7.438484319829122796e+03 1.248922911462291459e-03 3.910595226843354340e+02 1.783796244744028647e-01 2.578777474136028314e+00 2.775060847161828548e+00 1.663571067061731856e+00 
1.111268434983127236e+02 4.266343024185292052e+03 5.974817961032785000e+14 9.632090788744386412e+32 5.047384906652119946e-03 4.126476231475560371e-07 2.953049708217865191e+04 1.634152568599873921e+06 8.787312769537575150e+03 1.173600265677462572e-03 4.133815229714832640e+02 1.715441538636225671e-01 2.667738216777873372e+00 2.874093693900311219e+00 1.876209668036196154e+00 
1.147563508403721499e+02 4.246743906414987578e+03 5.865781529985153750e+14 9.456311575054349954e+32 4.916880785845323919e-03 4.227343400594148031e-07 2.909330872209191148e+04 1.649313217597285751e+06 8.311448010326024814e+03 1.095466478965682238e-03 4.395538219147713903e+02 1.652471455970089265e-01 2.760511285535549142e+00 2.978145627147594787e+00 2.146900384930112260e+00 
1.187878093347176360e+02 4.227234824868965916e+03 5.758734940866312500e+14 9.283740214430022742e+32 4.789944050099373407e-03 4.340667448469925704e-07 2.860248190800887460e+04 1.664955880416350439e+06 7.916270046847828780e+03 1.013775797779135250e-03 4.709254278084494558e+02 1.595292512347368241e-01 2.856636115024089317e+00 3.086846485556329789e+00 2.502107169723255975e+00 
1.233015104733779026e+02 4.207815365930556254e+03 5.653641880392082500e+14 9.114318165698715673e+32 4.666546385803863398e-03 4.470551945031564346e-07 2.804065410936519402e+04 1.681093160817238968e+06 8.030948843951178787e+03 9.274500951506806480e-04 5.096498246338264835e+02 1.544627112193929230e-01 2.955164551648911342e+00 3.199317310334266029e+00 2.987347140619051711e+00 
1.284101504625711812e+02 4.188485117883214116e+03 5.550466697971518125e+14 8.947987956025122035e+32 4.546670779789947076e-03 4.623675725834439809e-07 2.738045951242895899e+04 1.697737712432017317e+06 8.282968115017078162e+03 8.348762448662263832e-04 5.594236553513227364e+02 1.501782617025278210e-01 3.054136777717479045e+00 3.313595495639162003e+00 3.687877061497478515e+00 
1.342862419964819480e+02 4.169243670901762925e+03 5.449174393613041250e+14 8.784693161414620793e+32 4.430308829773178109e-03 4.812093995841275219e-07 2.657444360040817264e+04 1.714907808372393250e+06 7.990433604889187336e+03 7.334081195310831200e-04 6.273362021869900218e+02 1.469293790788386844e-01 3.149440597442240808e+00 3.425388742658716179e+00 4.784929446536686726e+00 
1.412181404173514068e+02 4.150090617043721977e+03 5.349730606051523125e+14 8.624378387572777849e+32 4.317476267364107195e-03 5.060995882379124966e-07 2.552852239491547880e+04 1.732623329694603570e+06 8.227103720329636417e+03 6.181990392165251499e-04 7.293996239003308801e+02 1.452743903507978662e-01 3.231428490691658606e+00 3.524350764572500516e+00 6.744579915802145997e+00 
1.497806008859626559e+02 4.131025550240663506e+03 5.252101601091987500e+14 8.466989251114054262e+32 4.208231104211111739e-03 5.438901544632219483e-07 2.400541229546451359e+04 1.750906126121048816e+06 8.236450859783457418e+03 4.783035296440950931e-04 9.140945084175032207e+02 1.467930652070328079e-01 3.272011290504497349e+00 3.579857738560974223e+00 1.125674404968960651e+01 
1.616526721645136888e+02 4.112048066289577037e+03 5.156254260165863125e+14 8.312472361113177145e+32 4.102746013436438591e-03 6.305220034023090158e-07 2.093000562877974517e+04 1.769750678486194462e+06 8.536193406368951401e+03 2.734607895345532425e-04 1.492681248198160574e+03 1.600605822259350275e-01 3.124481901705352005e+00 3.430545067364647593e+00 3.370362322067783367e+01 
1.774020605268349300e+02 4.093157762844336958e+03 5.062156069096403750e+14 8.160775300993712724e+32 4.001556607207423094e-03 1.575251992299995671e-06 8.451813625338927523e+03 1.785428425388223026e+06 1.887020165518804049e+02 7.207538521359764857e-06 2.164125600406571337e+01 3.771621540656514004e-01 1.407180025142908963e+00 1.548112956952883534e+00 1.979915648474623069e+01 
1.829707655171477541e+02 4.074354239407136902e+03 4.969775107068761875e+14 8.011846610746556532e+32 3.903709479302096275e-03 1.944419030163276789e-06 6.884461851880242648e+03 1.795156666539101163e+06 5.136260394102878735e+01 3.155784982566198193e-06 2.985130111729214164e+00 4.406632464341939670e-01 1.205270029040186985e+00 1.324777096940679133e+00 6.281616195219919874e+00 
1.859531920768416740e+02 4.055637097320014618e+03 4.879080035801608750e+14 7.865635769473351468e+32 3.808309883911069511e-03 2.162723679236812715e-06 6.218010714363005718e+03 1.803412173243589001e+06 2.688510988314251549e+01 2.090454106816107245e-06 1.117330547047823641e+00 4.643392603806026919e-01 1.128860630351750327e+00 1.238638411605501810e+00 3.525226856328711023e+00 
1.876648295155836195e+02 4.037005939756412317e+03 4.790040088916354375e+14 7.722093178248446543e+32 3.715077809494122564e-03 2.324792529322295682e-06 5.808909604172730724e+03 1.811011946324750083e+06 1.742860803212360921e+01 1.585575505448514415e-06 5.795277671315675061e-01 4.730028319234300671e-01 1.086427568423233403e+00 1.189502945102498765e+00 2.378414232566803843e+00 
1.885749641833599526e+02 4.018460371712732922e+03 4.702625061500147500e+14 7.581170143293262761e+32 3.623856064868350661e-03 2.456498890187556498e-06 5.519636336865121848e+03 1.818316722657174338e+06 1.258376187977635219e+01 1.287366185504429505e-06 3.541686975845894092e-01 4.736462188987617949e-01 1.059172085172225941e+00 1.156860994569038015e+00 1.758986004715492601e+00 
1.889222005052454278e+02 4.000000000000000000e+03 4.616805299859678125e+14 7.442818859458245491e+32 3.534540864671564895e-03 2.569072820001892458e-06 5.298719737216899375e+03 1.825533719383708434e+06 9.697471516729592622e+00 1.088989538906406811e-06 2.389470262278421131e-01 4.693726841332308553e-01 1.040264021349857959e+00 1.133285499803938334e+00 1.374396594551296369e+00 
# Sigma_plus_index = 157  Sigma_minus_index = 0
# Non-converged_fits = 0