# Sigma0 	Teff 	Mdot 	F 	z0r 	rho_c 	T_c 	P_c 	tau 	PradPgas_c 	varkappa_c 	Pi1 	Pi2 	Pi3 	Pi4
# All values are in CGS units.
# M = 1.005829e+01 Msun, alpha = 0.5, r = 1.000000e+10 cm, r = 3366.4773037502728 rg, structure = BellLin, mu = 0.62
1.051671531625479439e+01 1.000000000000000000e+04 3.668230432466068000e+15 1.300206946403600972e+34 1.151028711170120830e-02 7.085473930643576904e-08 3.313290226854656794e+04 3.148262087849056697e+05 2.906140301972354223e+02 9.653766912024790148e-03 5.352773115359416778e+01 3.942154017694631474e+00 6.447555080751653511e-01 1.139966144593470787e+00 4.379175113512749351e-01 
1.038524942612757940e+01 9.954061083088736268e+03 3.601287680866792000e+15 1.276479039380531251e+34 1.141824625670058956e-02 7.023317321908688155e-08 3.293592128431377932e+04 3.102091490694077802e+05 2.889939497071978280e+02 9.566529874696833025e-03 5.385296439653893685e+01 3.902898653231677617e+00 6.475081512255609351e-01 1.139725780493460183e+00 4.374412805224234813e-01 
1.025532441432456210e+01 9.908333204586158899e+03 3.535566589704101000e+15 1.253184150788293005e+34 1.132587622236579973e-02 6.961835909759804824e-08 3.274039564760170833e+04 3.056681592457992374e+05 2.874084664594545302e+02 9.480151153211609227e-03 5.418002260949366899e+01 3.863270683476472289e+00 6.503150634678922515e-01 1.139484928316342405e+00 4.369448049384828114e-01 
1.012692428958184543e+01 9.862815395004698075e+03 3.471044864492265000e+15 1.230314378330193858e+34 1.123317114435552766e-02 6.901029633210476624e-08 3.254633092333042805e+04 3.012023970504396129e+05 2.856851340676653876e+02 9.394625886128488493e-03 5.450890561225030240e+01 3.823269841163815297e+00 6.531776253265622056e-01 1.139244278089766915e+00 4.364271660745998593e-01 
1.000003156274079608e+01 9.817506689310463116e+03 3.407700617604948500e+15 1.207861963921150179e+34 1.114013492601647476e-02 6.840899066838382953e-08 3.235372644972548369e+04 2.968109968467195285e+05 2.839407890391434535e+02 9.309942949726576766e-03 5.483964441774364929e+01 3.782903517080640210e+00 6.560965309035221571e-01 1.139004118592547243e+00 4.358879506082893318e-01 
9.874631816586708410e+00 9.772406126902860706e+03 3.345512360850403500e+15 1.185819291055958589e+34 1.104675820896408069e-02 6.781445820492231833e-08 3.216258575051091248e+04 2.924931832725486020e+05 2.822232432788790106e+02 9.226093461288947459e-03 5.517226204856050487e+01 3.742169825577612130e+00 6.590733806804567330e-01 1.138765224886594929e+00 4.353265741201316485e-01 
9.750712880073550082e+00 9.727512751594169458e+03 3.284458998181975000e+15 1.164178882225529005e+34 1.095302338750514873e-02 6.722672344448906046e-08 3.197291516299116847e+04 2.882482475567497895e+05 2.805342117617629469e+02 9.143069814585192898e-03 5.550677744771715538e+01 3.701061283506319466e+00 6.621104052068602641e-01 1.138528737166738969e+00 4.347423542852673628e-01 
9.628250795526250627e+00 9.682825611589285472e+03 3.224519818541743000e+15 1.142933396380309058e+34 1.085897134451151679e-02 6.664576859433321959e-08 3.178470938000944079e+04 2.840752001016201684e+05 2.788728045823532966e+02 9.060860174318646765e-03 5.584322619148433375e+01 3.659611571400372743e+00 6.652059583681949606e-01 1.138293996440255418e+00 4.341348326322014284e-01 
9.507246736060253056e+00 9.638343759465578842e+03 3.165674488834778000e+15 1.122075626440003164e+34 1.076452919996179376e-02 6.607168110297564021e-08 3.159798330316656939e+04 2.799736877783272066e+05 2.772445671830944320e+02 8.979455728488548033e-03 5.618164493278600702e+01 3.617775516758634957e+00 6.683660356501182065e-01 1.138064019881281030e+00 4.335035695674548384e-01 
9.387663332164056129e+00 9.594066252152739253e+03 3.107903047031484000e+15 1.101598496848693405e+34 1.066979679846100787e-02 6.550438333848969349e-08 3.141272446352955376e+04 2.759424163752796012e+05 2.756450536750751326e+02 8.898846735101493752e-03 5.652205354083385203e+01 3.575627677841444196e+00 6.715850184534666312e-01 1.137836262056401093e+00 4.328477334520030584e-01 
9.269511125427746023e+00 9.549992150912858051e+03 3.051185895396002500e+15 1.081495061174641884e+34 1.057466982554291536e-02 6.494401309376453216e-08 3.122895130404942029e+04 2.719812826633563964e+05 2.740831080564327635e+02 8.819020551363394508e-03 5.686451952325003845e+01 3.533102147632683376e+00 6.748712023497568380e-01 1.137615027278322533e+00 4.321673339909875566e-01 
9.152762001920672574e+00 9.506120521320448461e+03 2.995503793837994500e+15 1.061758499753825932e+34 1.047920913570691594e-02 6.439052871288396437e-08 3.104666149183944071e+04 2.680892459450783790e+05 2.725571468834054372e+02 8.739971231400626983e-03 5.720905138046235550e+01 3.490246519731222907e+00 6.782216905905001925e-01 1.137399225127138980e+00 4.314612834097806826e-01 
9.037411493155136810e+00 9.462450433242707732e+03 2.940837853385944000e+15 1.042382117376544842e+34 1.038338071824293496e-02 6.384401390846302574e-08 3.086585956050258392e+04 2.642658562481296831e+05 2.710729449201892862e+02 8.661681669355554558e-03 5.755573786387056145e+01 3.447044434207694241e+00 6.816400501270196699e-01 1.137190889128901095e+00 4.307298069684045161e-01 
8.923445975660065699e+00 9.418980960819737447e+03 2.887169529779397000e+15 1.023359341016184920e+34 1.028719193304822657e-02 6.330449593321101029e-08 3.068655182926831185e+04 2.605104452696453081e+05 2.696345238360733561e+02 8.584143943476365418e-03 5.790461277586393862e+01 3.403507268164265742e+00 6.851271930514019060e-01 1.136991022950300856e+00 4.299721737804503841e-01 
8.810854953990048699e+00 9.375711182444940277e+03 2.834480617178252000e+15 1.004683717599472283e+34 1.019063770392435522e-02 6.277203233520209032e-08 3.050874039826867738e+04 2.568224370786756044e+05 2.682477363275942821e+02 8.507342496596362325e-03 5.825575938723638103e+01 3.359638934369545638e+00 6.886848107263886520e-01 1.136800872224255521e+00 4.291883928115013402e-01 
8.699623311548391413e+00 9.332640180745505859e+03 2.782753241986840000e+15 9.863489118174145798e+33 1.009373218739138649e-02 6.224665166106136398e-08 3.033242903865145126e+04 2.532011541010623041e+05 2.669184255537319359e+02 8.431267151188779480e-03 5.860922991015304007e+01 3.315456131192646261e+00 6.923133081420931312e-01 1.136621167963727475e+00 4.283779089631323256e-01 
8.589744844415971414e+00 9.289767042562896677e+03 2.731969856790612000e+15 9.683487039761543067e+33 9.996460414391289059e-03 6.172843572956535763e-08 3.015762183628564162e+04 2.496461415824135474e+05 2.656583809056211862e+02 8.355900816098282141e-03 5.896512787659543875e+01 3.270956659351646589e+00 6.960152345627387271e-01 1.136453815852933369e+00 4.275409462479131673e-01 
8.481209994543418063e+00 9.247090858933566778e+03 2.682113234403643500e+15 9.506769878871030864e+33 9.898823506670257136e-03 6.121743969479344172e-08 2.998432673354199869e+04 2.461568690316505381e+05 2.644827253088984662e+02 8.281233258583800896e-03 5.932351732654919374e+01 3.226148841592042071e+00 6.997921682399318444e-01 1.136300476507534185e+00 4.266770448052365494e-01 
8.374006802624577972e+00 9.204610725069620457e+03 2.633166462024594500e+15 9.333277687955174608e+33 9.800829442544303771e-03 6.071372603242469477e-08 2.981254317612520390e+04 2.427327674923242012e+05 2.628591055466782223e+02 8.207246251305821277e-03 5.968451464046265897e+01 3.181046714885344517e+00 7.036449831964098900e-01 1.136162183967206474e+00 4.257864692906674908e-01 
8.268131767460490167e+00 9.162325740339661934e+03 2.585112935499438500e+15 9.162951613469188718e+33 9.702464202398175530e-03 6.021739324869742176e-08 2.964227724456138458e+04 2.393734680394509924e+05 2.611845331908110097e+02 8.133922274808568290e-03 6.004824389707577836e+01 3.135649622053122698e+00 7.075764876543406690e-01 1.136041398055440022e+00 4.248695710939633385e-01 
8.163571178212267299e+00 9.120235008249721432e+03 2.537936353688879000e+15 8.995733875906203051e+33 9.603745880595536064e-03 5.972848583598778615e-08 2.947353380021395060e+04 2.360783768367153534e+05 2.595891856300378322e+02 8.061250164957418224e-03 6.041478702779864562e+01 3.089978182681313523e+00 7.115870288614234429e-01 1.135939191230952217e+00 4.239259353670776220e-01 
8.060322631402819127e+00 9.078337636424193988e+03 2.491620712938473500e+15 8.831567750196573530e+33 9.504662357803592837e-03 5.924712133113175136e-08 2.930631477002847896e+04 2.328471675714136800e+05 2.580732635789967730e+02 7.989206572171371479e-03 6.078431889338429528e+01 3.044034143497149181e+00 7.156793435249991786e-01 1.135858103459166157e+00 4.229565355150196604e-01 
7.958375480502699162e+00 9.036632736586983810e+03 2.446150301649800500e+15 8.670397546465355907e+33 9.405227104049443052e-03 5.877337009215878451e-08 2.914062277009590980e+04 2.296793331529567367e+05 2.566365390325332214e+02 7.917775205089971208e-03 6.115697024067610954e+01 2.997835954530190694e+00 7.198542102346504601e-01 1.135799612710179707e+00 4.219615481721462613e-01 
7.857729703518889330e+00 8.995119424542615889e+03 2.401509694950577500e+15 8.512168591140483258e+33 9.305427111112025626e-03 5.830736114106546246e-08 2.897646263525255199e+04 2.265746142020025873e+05 2.552836369772796559e+02 7.846933802096837246e-03 6.153292719903756591e+01 2.951385241764290512e+00 7.241147458149402860e-01 1.135766835163285693e+00 4.209419459603870317e-01 
7.758371884360427018e+00 8.953796820157509501e+03 2.357683749462116500e+15 8.356827208405990987e+33 9.205285985517520572e-03 5.784915639949274733e-08 2.881383555018945117e+04 2.235324606524370320e+05 2.540176013861830029e+02 7.776666310592311206e-03 6.191233253506242562e+01 2.904707612803290484e+00 7.284609596802872344e-01 1.135760892317836612e+00 4.198978814047977237e-01 
7.660304634297937731e+00 8.912664047341353580e+03 2.314657598162295000e+15 8.204320701993766086e+33 9.104790234482157407e-03 5.739890781959891011e-08 2.865274403550802890e+04 2.205526825652039843e+05 2.528495205657560518e+02 7.706945827183108236e-03 6.229542458279814809e+01 2.857805321962004097e+00 7.328962035163912869e-01 1.135785324922129691e+00 4.188309178037823988e-01 
7.563519169382037610e+00 8.871720234028462073e+03 2.272416645342157500e+15 8.054597337307194842e+33 9.003956005646051794e-03 5.695670932985680633e-08 2.849318820678393604e+04 2.176348459426401532e+05 2.517911744118938486e+02 7.637751514487116020e-03 6.268240213361348623e+01 2.810699882509447356e+00 7.374212730472987642e-01 1.135841998276677423e+00 4.177418491736873407e-01 
7.468018396679681814e+00 8.830964512159360311e+03 2.230946561654712000e+15 7.907606323871579615e+33 8.902775272321144726e-03 5.652271811377531049e-08 2.833517040390596594e+04 2.147787758494666195e+05 2.508658922926126422e+02 7.569056074398347080e-03 6.307352995157712172e+01 2.763397723658827410e+00 7.420393463315324567e-01 1.135934676296391110e+00 4.166323955265279766e-01 
7.373791844330590983e+00 8.790396017662311351e+03 2.190233279253927500e+15 7.763297798104282664e+33 8.801271046436865905e-03 5.609702606174741576e-08 2.817868911909696180e+04 2.119840178887636575e+05 2.501042037515340724e+02 7.500838138413084069e-03 6.346903240177635297e+01 2.715925255467326771e+00 7.467507097912908787e-01 1.136065046094987041e+00 4.155034637829308486e-01 
7.280847382050753325e+00 8.750013890435060603e+03 2.150262987022585750e+15 7.621622806399810075e+33 8.699430858576308323e-03 5.567982730624183128e-08 2.802374359434940561e+04 2.092505103552559158e+05 2.493416302500657764e+02 7.433063573878653102e-03 6.386925491895775053e+01 2.668287086837986877e+00 7.515592279271260390e-01 1.136237700184372645e+00 4.143577067843993711e-01 
7.189172085579444982e+00 8.709817274326551342e+03 2.111022125887099000e+15 7.482533288523152314e+33 8.597286210582449906e-03 5.527120168399059969e-08 2.787033282157475696e+04 2.065777569575552188e+05 2.474509252183868853e+02 7.365713677477892657e-03 6.427442718453953319e+01 2.620515141675247239e+00 7.564645694079962235e-01 1.136454127425826632e+00 4.131958265565155441e-01 
7.098773641855478544e+00 8.669805317118783933e+03 2.072497384217894000e+15 7.345982061306408854e+33 8.494830200126217770e-03 5.487135306140589057e-08 2.771845201593636011e+04 2.039656988590300316e+05 2.458252448171726314e+02 7.298750589865220587e-03 6.468495430588048123e+01 2.572618334739057211e+00 7.614702851930335026e-01 1.136718951955520751e+00 4.120210180708026582e-01 
7.009654709976350873e+00 8.629977170508787822e+03 2.034675693313765250e+15 7.211922802643047557e+33 8.392068933427693569e-03 5.448045375403879241e-08 2.756809882768142779e+04 2.014141735196941590e+05 2.444294068951031704e+02 7.232143081389718654e-03 6.510120673493646848e+01 2.524613587168508033e+00 7.665789177540922594e-01 1.137036269256310961e+00 4.108357805311435573e-01 
6.921811969069450399e+00 8.590331990090568070e+03 1.997544222968525250e+15 7.080310035773863570e+33 8.289021926995420245e-03 5.409865266811990369e-08 2.741926615692682026e+04 1.989228953912048892e+05 2.432453929560113011e+02 7.165859807576276802e-03 6.552356964500192760e+01 2.476526488729275055e+00 7.717916298067586389e-01 1.137409139851388584e+00 4.096425938261688549e-01 
6.835249228469965743e+00 8.550868935337273797e+03 1.961090377118701000e+15 6.951099113860205916e+33 8.185697856177258022e-03 5.372613674658983266e-08 2.727194829600360390e+04 1.964917287204860768e+05 2.422728595565974672e+02 7.099866066869496735e-03 6.595248100541380154e+01 2.428376051574956396e+00 7.771109624617877909e-01 1.137841959204218600e+00 4.084445524571364561e-01 
6.749969088424982111e+00 8.511587169583317518e+03 1.925301789570527250e+15 6.824246204838277117e+33 8.082110153168986164e-03 5.336309263957406009e-08 2.712613665000672336e+04 1.941205136504193360e+05 2.415288203164398908e+02 7.034125610468472227e-03 6.638841301814012752e+01 2.380184491862139318e+00 7.825390738835247273e-01 1.138338955895027871e+00 4.072450100700045761e-01 
6.665976254795239697e+00 8.472485860006661824e+03 1.890166319805002000e+15 6.699708276550118989e+33 7.978271547933641489e-03 5.300972062493716925e-08 2.698182149635581300e+04 1.918091301177930727e+05 2.410559692494250612e+02 6.968600275641051792e-03 6.683188000340308577e+01 2.331973754210319161e+00 7.880784237271835080e-01 1.138904820183850308e+00 4.060477127458235191e-01 
6.583273359720624995e+00 8.433564177611189734e+03 1.855672048859497250e+15 6.577443082145955818e+33 7.874200106879336580e-03 5.266621502224828877e-08 2.683899077333696550e+04 1.895574180228835321e+05 2.409436681089351850e+02 6.903251722223570884e-03 6.728342286906551806e+01 2.283769107514963093e+00 7.937309917461007336e-01 1.139543958296180604e+00 4.048565172017842828e-01 
6.501873748912724515e+00 8.394821297209071417e+03 1.821807275284452500e+15 6.457409145752660628e+33 7.769901177032856321e-03 5.233282780159476207e-08 2.669763232375788721e+04 1.873654220729033404e+05 2.397983568978590085e+02 6.838034938393911834e-03 6.774367753242221113e+01 2.235588428540581152e+00 7.995006827719564058e-01 1.140262802722220359e+00 4.036764457538015716e-01 
6.421771364618988009e+00 8.356256397403332812e+03 1.788560511173963000e+15 6.339565748404147930e+33 7.665409761280366635e-03 5.200971755059214119e-08 2.655772818367057698e+04 1.852328088796173979e+05 2.378724948135974842e+02 6.772913738397402447e-03 6.821321953905484747e+01 2.187467101718789664e+00 8.053876632951038061e-01 1.141064361921712456e+00 4.025112335676857556e-01 
6.342988686122701836e+00 8.317868660570378779e+03 1.755920478268695250e+15 6.223872914228132402e+33 7.560724681374680206e-03 5.169718784826584310e-08 2.641926399424654664e+04 1.831597869682732271e+05 2.365169096966386064e+02 6.707836971599180458e-03 6.869281298776638778e+01 2.139419290094735082e+00 8.113973737477676584e-01 1.141957005010934667e+00 4.013672106514215576e-01 
6.265519205094360444e+00 8.279657272842696329e+03 1.723876104130011750e+15 6.110291396885280528e+33 7.455884882245648361e-03 5.139540374049742866e-08 2.628221734014188041e+04 1.811460131079884595e+05 2.356283880852316770e+02 6.642766698583111966e-03 6.918311852186474198e+01 2.091482485563258553e+00 8.175298031171840396e-01 1.142943840092860430e+00 4.002486788713348065e-01 
6.189380965038909999e+00 8.241621424091608787e+03 1.692416518383887750e+15 5.998782666255750378e+33 7.350901051465361449e-03 5.110465119342738300e-08 2.614656886383212623e+04 1.791915927673391416e+05 2.351930959851730449e+02 6.577653073218999585e-03 6.968496336359598331e+01 2.043677611559144403e+00 8.237894276193162835e-01 1.144032719535060361e+00 3.991621840556790479e-01 
6.114585486288405924e+00 8.203760307910057236e+03 1.661531049033331500e+15 5.889308895368538948e+33 7.245794477458194355e-03 5.082519423682926306e-08 2.601229285443852132e+04 1.772965061594742874e+05 2.352828806388912994e+02 6.512445952537291617e-03 7.019921788295344811e+01 1.996031828550788756e+00 8.301794275521046096e-01 1.145230326480510374e+00 3.981143974112537620e-01 
6.041139803323273050e+00 8.166073121595555676e+03 1.631209218838179000e+15 5.781832947569634151e+33 7.140594369530230308e-03 5.055727317570295429e-08 2.587936216915766272e+04 1.754606387411115284e+05 2.361342641990170534e+02 6.447098979358491071e-03 7.072676092724181274e+01 1.948576359358396459e+00 8.367021507827258064e-01 1.146542705555121167e+00 3.971117303636940155e-01 
5.969062022932029699e+00 8.128559066133118904e+03 1.601440741760868500e+15 5.676318363924040373e+33 7.035320036529011875e-03 5.030119060760236500e-08 2.574774614820332499e+04 1.736840665822171432e+05 2.334557226765010967e+02 6.381557196503196035e-03 7.126861458718029496e+01 1.901336792459810798e+00 8.433618914434606317e-01 1.147978098158231042e+00 3.961622350608949295e-01 
5.898357946609360525e+00 8.091217346178379557e+03 1.572215519477166500e+15 5.572729350848019414e+33 6.930006153942425487e-03 5.005717860326843233e-08 2.561741641355407774e+04 1.719666341408958542e+05 2.319733068269005685e+02 6.315778501860602745e-03 7.182572187103393446e+01 1.854346351854577968e+00 8.501609267239498280e-01 1.149542815655803185e+00 3.952724616845642025e-01 
5.829050511224204811e+00 8.054047170040672427e+03 1.543523637950484000e+15 5.471030767966729874e+33 6.824672666654655467e-03 4.982557721487710455e-08 2.548833257373461311e+04 1.703084746872684918e+05 2.313898360245673587e+02 6.249700591069560877e-03 7.239929927886920780e+01 1.807630608047837040e+00 8.571042693698621706e-01 1.151246224991960831e+00 3.944522451891099291e-01 
5.761149905762991352e+00 8.017047749666274285e+03 1.515355364068766750e+15 5.371188116193662130e+33 6.719354694533076315e-03 4.960664643733919280e-08 2.536045980148540184e+04 1.687094801672750327e+05 2.316480544802388408e+02 6.183278050253233384e-03 7.299045174871400832e+01 1.761222149492064570e+00 8.641949913545698969e-01 1.153095825134153873e+00 3.937094975753471227e-01 
5.694676194121923274e+00 7.980218300621718299e+03 1.487701142342764000e+15 5.273167526027624980e+33 6.614080248631661746e-03 4.940071043346206350e-08 2.523375419569847872e+04 1.671696981898780505e+05 2.330223832916474009e+02 6.116453591865729164e-03 7.360048391443802984e+01 1.715149669618997397e+00 8.714377804689948936e-01 1.155100983347284505e+00 3.930543388952607020e-01 
5.629646857289866801e+00 7.943558042077109349e+03 1.460551591664487500e+15 5.176935746063081573e+33 6.508882187560557919e-03 4.920807623000687085e-08 2.510817179641230905e+04 1.656891133454583469e+05 2.304961441848406025e+02 6.049175194149910943e-03 7.423072316541356486e+01 1.669443572545903809e+00 8.788370539533665315e-01 1.157270938479710409e+00 3.924967340577456554e-01 
5.566081217848788398e+00 7.907066196789630339e+03 1.433897502124917500e+15 5.082460131710484224e+33 6.403794518964596970e-03 4.902906373540875383e-08 2.498366360829179030e+04 1.642677162178858125e+05 2.291507876315822045e+02 5.981388975486522964e-03 7.488260225590543939e+01 1.624134269156907839e+00 8.863975670138632967e-01 1.159615459775248159e+00 3.920475529692457051e-01 
5.504001931337196396e+00 7.870741991087012138e+03 1.407729831889697250e+15 4.989708634122152643e+33 6.298850527682122759e-03 4.886400944565289179e-08 2.486017853148289214e+04 1.629055340959219029e+05 2.292479584211827159e+02 5.913041198822906880e-03 7.555764821241206164e+01 1.579250951467928488e+00 8.941248804927617311e-01 1.162145329588267550e+00 3.917184411618908069e-01 
5.443429101630782974e+00 7.834584654851149935e+03 1.382039704131897000e+15 4.898649789320431680e+33 6.194088066653813049e-03 4.871324444493410457e-08 2.473765840489376205e+04 1.616025240065029648e+05 2.308719621144690279e+02 5.844077727003102289e-03 7.625749061252568595e+01 1.534824503089174286e+00 9.020241051136758115e-01 1.164870905269162371e+00 3.915217694525138237e-01 
5.384388354038861735e+00 7.798593421501802368e+03 1.356818404020757750e+15 4.809252707524272038e+33 6.089543065072206517e-03 4.857711819754885220e-08 2.461604637678407016e+04 1.603587063518209034e+05 2.289682675732719019e+02 5.774447432147570593e-03 7.698383944681437185e+01 1.490883597691291529e+00 9.101017038066986364e-01 1.167804234252239226e+00 3.914705807135248072e-01 
5.326903810053468469e+00 7.762767527980284285e+03 1.332057375765331000e+15 4.721487062670390127e+33 5.985254952901333976e-03 4.845598492183778398e-08 2.449527567371536861e+04 1.591740448611413594e+05 2.276887644982845131e+02 5.704096229439408090e-03 7.773855559147628469e+01 1.447458039299025501e+00 9.183638472556966414e-01 1.170957059771484010e+00 3.915791816053936225e-01 
5.271006314087908429e+00 7.727106214733349589e+03 1.307748219712150500e+15 4.635323082125946055e+33 5.881260897809402477e-03 4.835022808103796418e-08 2.437527732909379847e+04 1.580485763629858848e+05 2.285898736594043896e+02 5.632970078905508160e-03 7.852363751423096971e+01 1.404575360989657185e+00 9.268182313657676863e-01 1.174343001214028126e+00 3.918632066764366484e-01 
5.216715483610292026e+00 7.691608725697026784e+03 1.283882689495786000e+15 4.550731536588657250e+33 5.777606709918446312e-03 4.826017135094918401e-08 2.425598292705729909e+04 1.569821357547659718e+05 2.296476680729604141e+02 5.561027593013888499e-03 7.934106081142324740e+01 1.362265830133509548e+00 9.354709823374830480e-01 1.177973756499803848e+00 3.923373470939626184e-01 
5.164074962376594691e+00 7.656274308280651894e+03 1.260452689241481250e+15 4.467683730171531712e+33 5.674326334854419736e-03 4.818627443913210849e-08 2.413730697625920584e+04 1.559748796222277742e+05 2.270804156439982364e+02 5.488205520940980797e-03 8.019324593266767920e+01 1.320553640744340118e+00 9.443323850620473081e-01 1.181866108879174204e+00 3.930214841250254110e-01 
5.113103475492665417e+00 7.621102213350856800e+03 1.237450270818763250e+15 4.386151490668262910e+33 5.571469549363876339e-03 4.812885257484902724e-08 2.401917557176207993e+04 1.550265564073018031e+05 2.279485451585833573e+02 5.414471311506607529e-03 8.108237599910154358e+01 1.279468262645288013e+00 9.534091529604776794e-01 1.186032394441892901e+00 3.939318389282657207e-01 
5.063846833964727345e+00 7.586091695215711297e+03 1.214867631145222500e+15 4.306107159996463976e+33 5.469073295837643088e-03 4.808838002840332643e-08 2.390149235868178948e+04 1.541372693428038910e+05 2.289709187941586492e+02 5.339765466645858896e-03 8.201118567390236080e+01 1.239032881895135940e+00 9.627126414392299658e-01 1.190490613123381669e+00 3.950910636355089434e-01 
5.016337966062817344e+00 7.551242011608936082e+03 1.192697109539500000e+15 4.227523584815303759e+33 5.367183391461340103e-03 4.806525296971571192e-08 2.378416646210274484e+04 1.533068865120930714e+05 2.268193380088095807e+02 5.264048108983391226e-03 8.298234881911788818e+01 1.199272864082827628e+00 9.722526276547489577e-01 1.195256748218140874e+00 3.965204610312397238e-01 
4.970610322369555689e+00 7.516552423674113925e+03 1.170931185122527500e+15 4.150374107314192614e+33 5.265846192049558790e-03 4.805987528949404836e-08 2.366710104851277356e+04 1.525352436561263166e+05 2.291313697641473937e+02 5.187281663704064981e-03 8.399872394944885912e+01 1.160212428446981692e+00 9.820394001861827427e-01 1.200347219021529632e+00 3.982430315840260748e-01 
4.926720899120144992e+00 7.482022195949080924e+03 1.149562474266266250e+15 4.074632556169810299e+33 5.165099544726358023e-03 4.807278371615123940e-08 2.355017929489475137e+04 1.518224462328717636e+05 2.272436720569067461e+02 5.109408865409181995e-03 8.506371400680458805e+01 1.121871354986654357e+00 9.920875445583151597e-01 1.205783769550671014e+00 4.002880955025654441e-01 
4.884694684848667201e+00 7.447650596350286833e+03 1.128583728088938000e+15 4.000273237667938241e+33 5.064996225343364189e-03 4.810433431218437457e-08 2.343330167699515368e+04 1.511681117287186498e+05 2.280598751347315556e+02 5.030411542082966446e-03 8.618040522282315408e+01 1.084273363222972852e+00 1.002407004672920321e+00 1.211582026675485979e+00 4.026803821898391478e-01 
4.844600137799046635e+00 7.413436896157292722e+03 1.107987829996006625e+15 3.927270926987452508e+33 4.965572472798688783e-03 4.815514360382086258e-08 2.331632822869407028e+04 1.505723880265827756e+05 2.281126371796204637e+02 4.950226531090168650e-03 8.735287941910047493e+01 1.047435190284694118e+00 1.013015135906967679e+00 1.217766872752837681e+00 4.054564168799633106e-01 
4.806469337900217909e+00 7.379380369997345952e+03 1.087767793266040125e+15 3.855600859643389980e+33 4.866880106732969329e-03 4.822560722860589582e-08 2.319914734143915484e+04 1.500348759293098992e+05 2.281553031303758985e+02 4.868841531186083454e-03 8.858475584464751762e+01 1.011377100150592456e+00 1.023924248405966742e+00 1.224356466153907030e+00 4.086466460640229559e-01 
4.770366572400966731e+00 7.345480295829946044e+03 1.067916758680580875e+15 3.785238723086007677e+33 4.768959810657069816e-03 4.831632757081395038e-08 2.308160927303351127e+04 1.495555373390036693e+05 2.284425178895203317e+02 4.786208489039778420e-03 8.988059244875893228e+01 9.761145769926585780e-01 1.035152124781392180e+00 1.231375752413364832e+00 4.122924749984523962e-01 
4.736351226028542527e+00 7.311735954931599736e+03 1.048427992197337000e+15 3.716160648453394518e+33 4.671855279493481242e-03 4.842787753293794911e-08 2.296356546120445273e+04 1.491342007895001152e+05 2.292408071856254139e+02 4.702294225088441033e-03 9.124513041395515245e+01 9.416624916404605639e-01 1.046716542573440156e+00 1.238849364565042466e+00 4.164372697591041672e-01 
4.704484127862963661e+00 7.278146631880529640e+03 1.029294882665771625e+15 3.648343202474358904e+33 4.575610659478373740e-03 4.856085673490457954e-08 2.284485462586591530e+04 1.487706410872574488e+05 2.283668083133318021e+02 4.617066511200043633e-03 9.268355766788265271e+01 9.080346044224489876e-01 1.058635878591094759e+00 1.246802430924417004e+00 4.211294265681335691e-01 
4.674832252047233183e+00 7.244711614541526615e+03 1.010510939584422250e+15 3.581763379519230937e+33 4.480268877610809469e-03 4.871590709266733448e-08 2.272530523174026530e+04 1.484646347609490622e+05 2.322875014112966028e+02 4.530495011086046846e-03 9.420155391583787718e+01 8.752427663167070548e-01 1.070930195665624529e+00 1.255261932565879590e+00 4.264232583637093676e-01 
4.647471007361285267e+00 7.211430194050876707e+03 9.920697908991483750e+14 3.516398593795736180e+33 4.385871099520760943e-03 4.889374402966035293e-08 2.260472574497478854e+04 1.482159808478612395e+05 2.294552342250720471e+02 4.442543684229655759e-03 9.580549921806166935e+01 8.432971053124665994e-01 1.083621305552649128e+00 1.264256808572068458e+00 4.323814468978106618e-01 
4.622478923593127398e+00 7.178301664801280822e+03 9.739651808415201250e+14 3.452226671687147426e+33 4.292458691739896130e-03 4.909512271430303967e-08 2.248291021615879436e+04 1.480244212080767320e+05 2.298183026211222568e+02 4.353178778438674713e-03 9.750241338208529385e+01 8.122065509672893313e-01 1.096731884664145840e+00 1.273816848636753374e+00 4.390745840019881219e-01 
4.599936344082538930e+00 7.145325324426951738e+03 9.561909678067121250e+14 3.389225844230464542e+33 4.200072433578862924e-03 4.932082729361307538e-08 2.235964527667951188e+04 1.478896420257602585e+05 2.329576612508852804e+02 4.262374945211669548e-03 9.929992060770260309e+01 7.819782662622833946e-01 1.110285564108166367e+00 1.283972677024776798e+00 4.465811514999133425e-01 
4.579942883264796372e+00 7.112500473788671115e+03 9.387411222700658750e+14 3.327374739731654781e+33 4.108749512861106963e-03 4.957180282771080741e-08 2.223467777364540598e+04 1.478114404140233528e+05 2.325119289466410635e+02 4.170086668341456762e-03 1.012069462282494783e+02 7.526177124022760401e-01 1.124308999679166643e+00 1.294758691069699985e+00 4.549959516135406168e-01 
4.562596981813558550e+00 7.079826416958993832e+03 9.216097247417166250e+14 3.266652376515811999e+33 4.018527657487776933e-03 4.984902615383521244e-08 2.210774311848581419e+04 1.477895012805986626e+05 2.318238107294468477e+02 4.076278284317566038e-03 1.032332566854350659e+02 7.241291504028505299e-01 1.138828882728832204e+00 1.306209001926277535e+00 4.644252398481050204e-01 
4.548009028502874251e+00 7.047302461207507804e+03 9.047909637585393750e+14 3.207038155809596326e+33 3.929442876266417937e-03 5.015360565800837011e-08 2.197854192101093940e+04 1.478235180978449353e+05 2.320492459715551377e+02 3.980904382315568479e-03 1.053900409914665346e+02 6.965156081369365815e-01 1.153873453561917950e+00 1.318359610948951044e+00 4.749941960574321498e-01 
4.536295447313069218e+00 7.014927916986104719e+03 8.882791339127102500e+14 3.148511854753453592e+33 3.841529865126309777e-03 5.048673398433952742e-08 2.184675757211542077e+04 1.479131417716176657e+05 2.326906622182949320e+02 3.883926174484454881e-03 1.076897561549295119e+02 6.697784367805847960e-01 1.169472047589059427e+00 1.331247660730075610e+00 4.868463241873309810e-01 
4.527598644856585253e+00 6.982702097914411752e+03 8.720686339162957500e+14 3.091053619541539838e+33 3.754819141588145240e-03 5.084987089198166411e-08 2.171200726174544616e+04 1.480581524503304099e+05 2.334636697850739324e+02 3.785274219272439546e-03 1.101472903175380225e+02 6.439178649057701875e-01 1.185656940373380763e+00 1.344914099526101747e+00 5.001579426113940130e-01 
4.522057357768224151e+00 6.950624320765184166e+03 8.561539647011052500e+14 3.034643958686631742e+33 3.669343820365783375e-03 5.124455597821726136e-08 2.157388188908426309e+04 1.482581329870547634e+05 2.343460621094681926e+02 3.684889173841996574e-03 1.127793306448717914e+02 6.189340221165248179e-01 1.202458036204674396e+00 1.359397205607140169e+00 5.151324770456272573e-01 
4.519826753249488682e+00 6.918693905449879821e+03 8.405297275532791250e+14 2.979263736408165022e+33 3.585133013436575533e-03 5.167253140201525191e-08 2.143193351885259108e+04 1.485126976435303513e+05 2.356392207761394388e+02 3.582709515606850945e-03 1.156050421237289783e+02 5.948250454277820287e-01 1.219907163867994804e+00 1.374737343626789343e+00 5.320113477655415979e-01 
4.521099931559827922e+00 6.886910175004187295e+03 8.251906222818638750e+14 2.924894166140731812e+33 3.502212267131176761e-03 5.213598071493955346e-08 2.128560502527756398e+04 1.488216249009632738e+05 2.380510784992879110e+02 3.478625889381599563e-03 1.186479171544392273e+02 5.715892179233420523e-01 1.238038352376322537e+00 1.390978585915449317e+00 5.510984370247263842e-01 
4.526064453957669542e+00 6.855272455573694060e+03 8.101314454208443750e+14 2.871516804161171575e+33 3.420608384198914331e-03 5.263721848300607917e-08 2.113431290318990068e+04 1.491844509740909270e+05 2.384206056565619178e+02 3.372552680432523275e-03 1.219344795267513177e+02 5.492240998645417926e-01 1.256881838916293237e+00 1.408160280593207636e+00 5.727497225072071263e-01 
4.534957326637826469e+00 6.823780076399626523e+03 7.953470884639911250e+14 2.819113543331976810e+33 3.340343223033445837e-03 5.317918545738791698e-08 2.097732661630753137e+04 1.496009380640274612e+05 2.381361767992659679e+02 3.264344717771830873e-03 1.254977045878542583e+02 5.277277017491329714e-01 1.276469478464926421e+00 1.426325094795916071e+00 5.974200430419436270e-01 
4.548030564704169443e+00 6.792432369804572772e+03 7.808325361318815000e+14 2.767666606958733653e+33 3.261438384074168053e-03 5.376521064934767263e-08 2.081383393999181135e+04 1.500707083769223827e+05 2.420959226581093446e+02 3.153858314200542155e-03 1.293764473609736569e+02 5.070980574243613148e-01 1.296829404429809873e+00 1.445511670179916219e+00 6.256663861429859752e-01 
4.565567487073721509e+00 6.761228671178389959e+03 7.665828646706020000e+14 2.717158542759862784e+33 3.183914736466347036e-03 5.439932861211554085e-08 2.064285602366779494e+04 1.505933584634706203e+05 2.404910095579076312e+02 3.040906630894697933e-03 1.336185747865380335e+02 4.873350562167099720e-01 1.317982981182244107e+00 1.465752298679596777e+00 6.581975205304370080e-01 
4.587908129295759529e+00 6.730168318964057107e+03 7.525932401814425000e+14 2.667572216946206676e+33 3.107788437619670319e-03 5.508647809224677286e-08 2.046322818823057241e+04 1.511686204369325133e+05 2.417335578907716922e+02 2.925261593340115068e-03 1.382833911042481247e+02 4.684393819943982740e-01 1.339948983299748209e+00 1.487077535659931060e+00 6.959261011671411534e-01 
4.615427800803049152e+00 6.699250654643678899e+03 7.388589169811131250e+14 2.618890808408806988e+33 3.033076831246725533e-03 5.583267379225026361e-08 2.027353958081033124e+04 1.517960607295842783e+05 2.438452287895532322e+02 2.806645659471825646e-03 1.434453062044580633e+02 4.504154346374232842e-01 1.362730976170679398e+00 1.509502098876350562e+00 7.400416661775068849e-01 
4.648585355626950744e+00 6.668475022724538576e+03 7.253752359918780000e+14 2.571097803012721048e+33 2.959792556489457532e-03 5.664552128221628295e-08 2.007205281981864027e+04 1.524754291877523938e+05 2.451266498712588771e+02 2.684708083691198996e-03 1.491997752379338635e+02 4.332709668955679883e-01 1.386321512868005312e+00 1.533030387512953174e+00 7.921350053781739398e-01 
4.687907943699126001e+00 6.637840770725153561e+03 7.121376231610402500e+14 2.524176987994877115e+33 2.887949135110378079e-03 5.753470934243686054e-08 1.985657417626871029e+04 1.532063413374226948e+05 2.455551620241050159e+02 2.559000193554720071e-03 1.556718004965048010e+02 4.170211108635902275e-01 1.410683595101994481e+00 1.557635736625135214e+00 8.543785393518645854e-01 
4.734029199663446263e+00 6.607347249161498439e+03 6.991415879093178750e+14 2.478112446464328375e+33 2.817557565384613740e-03 5.851267459606667818e-08 1.962436558137763859e+04 1.539884229783852061e+05 2.470958923858630953e+02 2.428981471057572051e-03 1.630267355590819705e+02 4.016886675575864207e-01 1.435747896897193732e+00 1.583257418103344971e+00 9.297946976767457183e-01 
4.787724008612250337e+00 6.576993811533181542e+03 6.863827216074852500e+14 2.432888552002701008e+33 2.748627581500813228e-03 5.959616089179411662e-08 1.937179810034856928e+04 1.548213013305269997e+05 2.486022115245006319e+02 2.293922773006220120e-03 1.714930756660760096e+02 3.873111439707079273e-01 1.461385949456305289e+00 1.609771713604120080e+00 1.022767619086508928e+00 
4.849958504103566881e+00 6.546779814309789799e+03 6.738566960808623750e+14 2.388489963363342137e+33 2.681168343440640343e-03 6.080823835712972447e-08 1.909397939807232979e+04 1.557045727203818096e+05 2.509990043568837734e+02 2.152852133575350671e-03 1.813958480022201343e+02 3.739477921127299931e-01 1.487378577937517932e+00 1.636957435164011487e+00 1.139886949886905532e+00 
4.921950276320013806e+00 6.516704616917198109e+03 6.615592621410527500e+14 2.344901619267056072e+33 2.615188703341842728e-03 6.218164656063053435e-08 1.878414879750546243e+04 1.566376768382224836e+05 2.516124329744477848e+02 2.004470256402560591e-03 1.932144396877810664e+02 3.616913379182726818e-01 1.513359045077206311e+00 1.664432328474000133e+00 1.291499206062632465e+00 
5.005320042866657104e+00 6.486767581724009688e+03 6.494862481445065000e+14 2.302108733292920566e+33 2.550696667474464021e-03 6.376579067685732726e-08 1.843236997217297539e+04 1.576200364777246432e+05 2.533234786486237908e+02 1.846898643748915748e-03 2.077005140905367568e+02 3.506939843329250905e-01 1.538704741744453264e+00 1.691534751939000492e+00 1.494959179829741247e+00 
5.102227749947227053e+00 6.456968074028060073e+03 6.376335585773862500e+14 2.260096788862333763e+33 2.487702304939286117e-03 6.563861962820001728e-08 1.802352114546244047e+04 1.586505475370088534e+05 2.547646318525851541e+02 1.677439079565800316e-03 2.261023917427335732e+02 3.412105951430439155e-01 1.562327211018449846e+00 1.717088592860342322e+00 1.781526422712882418e+00 
5.215844651430063372e+00 6.427305462042907493e+03 6.259971726662312500e+14 2.218851534314501670e+33 2.426217089815756872e-03 6.793713551057902790e-08 1.753196983984499457e+04 1.597277749393694685e+05 2.555016425725127078e+02 1.491668050921506625e-03 2.507327231062436113e+02 3.337140436132481347e-01 1.582186823383730179e+00 1.738868849271682837e+00 2.214623195857345461e+00 
5.351030288727199213e+00 6.397779116884496943e+03 6.145731430140173750e+14 2.178358978071944577e+33 2.366257461154941573e-03 7.093147023760849051e-08 1.690972656998861567e+04 1.608488804697651358e+05 2.575229555850193037e+02 1.281911572898866963e-03 2.864867107523641607e+02 3.291730418683366244e-01 1.594066574896146671e+00 1.752238761746897300e+00 2.944989795976229452e+00 
5.516231301196398817e+00 6.368388412557778793e+03 6.033575942610682500e+14 2.138605383894085822e+33 2.307849006757772999e-03 7.528413325790915158e-08 1.604687054518236982e+04 1.620079398352993303e+05 2.557125856790587761e+02 1.032178639148814301e-03 3.465334455790539891e+02 3.300423106396904172e-01 1.587455743898451344e+00 1.745591297399166075e+00 4.445449480595763170e+00 
5.728976580043639188e+00 6.339132725943457444e+03 5.923467217704293750e+14 2.099577266217551781e+33 2.251038977083619219e-03 8.354242517365915912e-08 1.456594868536353897e+04 1.631880487466449849e+05 2.435884632279206414e+02 6.956591844967028020e-04 4.897258389777679781e+02 3.460337522527376919e-01 1.523200094227074475e+00 1.675630840155621026e+00 9.435515216946422257e+00 
5.967811389153299118e+00 6.310011436784798207e+03 5.815367903372326250e+14 2.061261385581503274e+33 2.195895600169545797e-03 1.069516877224315353e-07 1.145263790619472093e+04 1.642614559031309327e+05 8.200417039824772303e+01 2.641290823680347475e-04 1.842685340515267853e+02 4.189829750040756084e-01 1.270532452621127906e+00 1.397315943219321399e+00 9.500271388962355346e+00 
6.097441462139929769e+00 6.281023927674433253e+03 5.709241329215906250e+14 2.023644744136372200e+33 2.142239245380761058e-03 1.228163144769964202e-07 1.002332883135238444e+04 1.650861101764922787e+05 3.516799756499438701e+01 1.541938843212404544e-04 5.087898865922735325e+01 4.556697803857561735e-01 1.158760311810007826e+00 1.272578768291510620e+00 4.484677980622515214e+00 
6.171116106113676558e+00 6.252169584041323105e+03 5.605051494046501875e+14 1.986714581234682722e+33 2.089849078611392963e-03 1.337310519965148812e-07 9.245806336317309615e+03 1.658133711329878424e+05 2.103699311844663455e+01 1.111448620131923990e-04 2.334489963662716860e+01 4.701430414519918166e-01 1.104044393758364828e+00 1.210078837559216636e+00 2.824039927704490083e+00 
6.212469177839000878e+00 6.223447794137682649e+03 5.502763053673126250e+14 1.950458369102217820e+33 2.038612661934925685e-03 1.422934887769071813e-07 8.725285384440032431e+03 1.664972879859103996e+05 1.454125301919761704e+01 8.778921570366988742e-05 1.335133672594160004e+01 4.740726413930810845e-01 1.070815148714452159e+00 1.170948233046811282e+00 2.012639134888412507e+00 
6.232052820186427589e+00 6.194857949026028109e+03 5.402341308912628125e+14 1.914863808588256089e+33 1.988460707624557094e-03 1.494602554018315449e-07 8.340155197886506357e+03 1.671638434398182144e+05 1.090333607227363011e+01 7.299346020328438599e-05 8.641382509873194451e+00 4.718689701320994412e-01 1.048475764459886994e+00 1.143645524248284362e+00 1.536789948729070820e+00 
6.235787407355942946e+00 6.166399442566289508e+03 5.303752193818809375e+14 1.879918824993375936e+33 1.939345906305828867e-03 1.557019164927938821e-07 8.037661538269609991e+03 1.678286758716880868e+05 8.614668174789061439e+00 6.271659324621711197e-05 6.054270151813123668e+00 4.657435277156181663e-01 1.032552325154278527e+00 1.123314909067782530e+00 1.226117611761338377e+00 
6.227430767396743505e+00 6.138071671402911306e+03 5.206962264126110000e+14 1.845611563973309654e+33 1.891232421774234314e-03 1.612887378479886467e-07 7.790388393836634350e+03 1.685022285785438144e+05 7.059646138024406881e+00 5.512651803431336980e-05 4.481868565518179359e+00 4.569829343556630619e-01 1.020774857553818915e+00 1.107500737998717399e+00 1.008394993314743804e+00 
6.209555082122633074e+00 6.109874034952114926e+03 5.111938685904533750e+14 1.811930387517674852e+33 1.844093083469053708e-03 1.663918987209567245e-07 7.582371434299428984e+03 1.691919626531121030e+05 5.943641063020336013e+00 4.926860466467172290e-05 3.454840042705515923e+00 4.464084944194663396e-01 1.011848452158703449e+00 1.094807579342711668e+00 8.479466145517011721e-01 
6.184025272748549185e+00 6.081805935389118531e+03 5.018649224421277500e+14 1.778863870001969998e+33 1.797906185773078935e-03 1.711275382907855245e-07 7.403544665927340247e+03 1.699034115791647055e+05 5.109222940031734161e+00 4.459503142848743275e-05 2.746862852320568038e+00 4.345784726335930048e-01 1.004972853135679856e+00 1.084376200958815373e+00 7.251885482537226979e-01 
6.152240107844979100e+00 6.053866777635485050e+03 4.927062233205855625e+14 1.746400794311700206e+33 1.752653595709963846e-03 1.755785587410777529e-07 7.247176499315816727e+03 1.706407745181625069e+05 4.465207446729116292e+00 4.076827258026264868e-05 2.237925080209492101e+00 4.218896359096926396e-01 9.996217868816019703e-01 1.075643279387630269e+00 6.285013014728028091e-01 
6.115287068727637276e+00 6.026055969346519305e+03 4.837146643314755625e+14 1.714530148037226387e+33 1.708319877517313181e-03 1.798064320684392770e-07 7.108560764839769035e+03 1.714073335839385109e+05 3.955387102741054761e+00 3.756877998473598227e-05 1.859595740938994046e+00 4.086331697414402053e-01 9.954339202484681071e-01 1.068223399057931733e+00 5.505700609861328143e-01 
6.074029218765460314e+00 5.998372920898669690e+03 4.748871952791816875e+14 1.683241119737989441e+33 1.664891655587762836e-03 1.838582529962187876e-07 6.984282827923676450e+03 1.722056682903970359e+05 3.543364545185600178e+00 3.484733728530497136e-05 1.570528737191103419e+00 3.950283143027739641e-01 9.921510018587289537e-01 1.061841914860197411e+00 4.865647241660829292e-01 
6.029165706967756222e+00 5.970817045377075374e+03 4.662208216321258750e+14 1.652523095275017661e+33 1.622357002684230928e-03 1.877709914119475006e-07 6.871792660552661800e+03 1.730378228204856277e+05 3.204609732901041674e+00 3.249891913212327567e-05 1.344549015257536118e+00 3.812430348385253409e-01 9.895831632413495393e-01 1.056297402572223598e+00 4.331716271472103585e-01 
5.981271719429228639e+00 5.943387758563075295e+03 4.577126035069206250e+14 1.622365654210248247e+33 1.580704805633183913e-03 1.915742284874304286e-07 6.769141556932287131e+03 1.739054437860219332e+05 2.922032344302922802e+00 3.044745365718123985e-05 1.164434301920689530e+00 3.674074445131793043e-01 9.875877120366092221e-01 1.051438743549811372e+00 3.880446282927074719e-01 
5.930825901909392073e+00 5.916084478921869959e+03 4.493596546710910625e+14 1.592758566271669110e+33 1.539924703874242335e-03 1.952921233500357787e-07 6.674806241115509692e+03 1.748098444265269209e+05 2.683384652670339321e+00 2.863640773418070628e-05 1.018469925717679025e+00 3.536234819855872957e-01 9.860546068157499677e-01 1.047149510763937919e+00 3.494760959207592887e-01 
5.878231733375533175e+00 5.888906627590148673e+03 4.411591415639685000e+14 1.563691787882868633e+33 1.500006952418516575e-03 1.989446283554059054e-07 6.587576969375434601e+03 1.757520565168807225e+05 2.479677483256204518e+00 2.702291312477788439e-05 8.984648641312523720e-01 3.399713575299114221e-01 9.848979146961254205e-01 1.043338789894985741e+00 3.161949580873219534e-01 
5.823832240636749091e+00 5.861853628363836833e+03 4.331082823354712500e+14 1.535155458755986603e+33 1.460941835476801346e-03 2.025484759830822121e-07 6.506478180859444365e+03 1.767329200573483831e+05 2.304174798780739053e+00 2.557385674909915598e-05 7.985512074133059857e-01 3.265141380632227142e-01 9.840495230175336783e-01 1.039934407398342309e+00 2.872360010232052896e-01 
5.767920703645030400e+00 5.834924907685896869e+03 4.252043459024262500e+14 1.507139898546840184e+33 1.422719841963719038e-03 2.061178713756436555e-07 6.430711356564574999e+03 1.777530907670931774e+05 2.151735633031198081e+00 2.426323340056748675e-05 7.144338929056278653e-01 3.133014802072601190e-01 9.834544465812488090e-01 1.036877943474276309e+00 2.618530431659521485e-01 
5.710750613302456813e+00 5.808119894634126467e+03 4.174446510220942500e+14 1.479635603571027045e+33 1.385331594993358248e-03 2.096649209638199370e-07 6.359617242669817642e+03 1.788130654381338973e+05 2.018374055872832251e+00 2.307036334742158559e-05 6.429122584414516117e-01 3.003721788000620063e-01 9.830682850406967654e-01 1.034122024614135826e+00 2.394608701814105178e-01 
5.652541612815942251e+00 5.781438020909100487e+03 4.098265653826290000e+14 1.452633243580051018e+33 1.348767590284449206e-03 2.132000880745258546e-07 6.292644748228832213e+03 1.799132254762061057e+05 1.900954886871901728e+00 2.197857534293134964e-05 5.815601006149057062e-01 2.877562119476145264e-01 9.828545920545841419e-01 1.031627515424976327e+00 2.195939077665254868e-01 
5.593485259160559053e+00 5.754878720822083778e+03 4.023475047101100000e+14 1.426123658596193432e+33 1.313018156171044844e-03 2.167324907065921735e-07 6.229328903570925831e+03 1.810538563163415529e+05 1.796980721357915201e+00 2.097427889052940020e-05 5.285109131870072696e-01 2.754763473744463176e-01 9.827832563153121592e-01 1.029361811676275940e+00 2.018772541136655274e-01 
5.533748789387755274e+00 5.728441431283053134e+03 3.950049318918870625e+14 1.400097855805201450e+33 1.278073505730188209e-03 2.202701295452864772e-07 6.169273860664251515e+03 1.822351515342690400e+05 1.704438973802478774e+00 2.004628109836058920e-05 4.823093676537005825e-01 2.635494611198375137e-01 9.828290960478871519e-01 1.027297362512195278e+00 1.860056447969272719e-01 
5.473479688739019799e+00 5.702125591788777456e+03 3.877963561159232500e+14 1.374547006505682834e+33 1.243923782930397241e-03 2.238200133583404342e-07 6.112141344591980669e+03 1.834572172719401715e+05 1.621691400175116815e+00 1.918529687697349500e-05 4.418079510970024382e-01 2.519875276556579613e-01 9.829712744173391137e-01 1.025411074536233480e+00 1.717283012107882756e-01 
5.412807729561468051e+00 5.675930644410894274e+03 3.807193320258293125e+14 1.349462443114119103e+33 1.210558736384885394e-03 2.273883991132830756e-07 6.057639271575500970e+03 1.847201223181874957e+05 1.547391558109176835e+00 1.838354210371293259e-05 4.060911387015128660e-01 2.407983821531082536e-01 9.831922228203278102e-01 1.023683158250016767e+00 1.588371474169700814e-01 
5.351847867657125057e+00 5.649856033784124520e+03 3.737714588913395000e+14 1.324835656224612186e+33 1.177967956331235373e-03 2.309808383361576414e-07 6.005514841505375443e+03 1.860238778463462950e+05 1.480423451312142813e+00 1.763445553097243759e-05 3.744217742768068402e-01 2.299864629604712329e-01 9.834772857581269845e-01 1.022096786550926506e+00 1.471582724206632331e-01 
5.290701274327684445e+00 5.623901207094458186e+03 3.669503797939051250e+14 1.300658291722212817e+33 1.146140862478145029e-03 2.346023515667922568e-07 5.955546093594620288e+03 1.873684425444743538e+05 1.419854324231994536e+00 1.693244542607258915e-05 3.461997019327968661e-01 2.195534534180851038e-01 9.838137495708718649e-01 1.020637072504158915e+00 1.365449296000478263e-01 
5.229458351585594578e+00 5.598065614067470960e+03 3.602537808271686250e+14 1.276922147948997109e+33 1.115066650629713144e-03 2.382574338448140614e-07 5.907539219255075295e+03 1.887537414853548689e+05 1.364899484608193436e+00 1.627273887404502600e-05 3.209334281979172587e-01 2.094986348923271458e-01 9.841910828340040274e-01 1.019291347593432873e+00 1.268727705963916819e-01 
5.168199297553088378e+00 5.572348706956625392e+03 3.536793903120118750e+14 1.253619172921798472e+33 1.084734214670765281e-03 2.419501769679788983e-07 5.861323345278087800e+03 1.901796833491880971e+05 1.314894087910846165e+00 1.565122632242259802e-05 2.982168081958573858e-01 1.998192957698501360e-01 9.846003233241980013e-01 1.018048510427846054e+00 1.180356155677742547e-01 
5.106995487562590696e+00 5.546749940531673019e+03 3.472249780259416875e+14 1.230741461600758449e+33 1.055132274343226163e-03 2.456843041246936351e-07 5.816747207125620662e+03 1.916461492676404596e+05 1.269271351086213917e+00 1.506435123059318526e-05 2.777118237763303021e-01 1.905111095065651350e-01 9.850338594851708596e-01 1.016898819562695122e+00 1.099422727730024751e-01 
5.045910709867089672e+00 5.521268772067108330e+03 3.408883544465367500e+14 1.208281253207720498e+33 1.026249449447485217e-03 2.494631925502390580e-07 5.773676640858747305e+03 1.931529870696920843e+05 1.227545355797319271e+00 1.450902304316863512e-05 2.591353915359734250e-01 1.815684305696288470e-01 9.854853042105771177e-01 1.015833779834924178e+00 1.025140272480879744e-01 
4.985001198279878309e+00 5.495904661330628187e+03 3.346673700086904375e+14 1.186230928593520482e+33 9.980740811545596881e-04 2.532900025433759445e-07 5.731991054616022666e+03 1.947000432002764428e+05 1.189297055097103817e+00 1.398252930758183547e-05 2.422484772210422854e-01 1.729845047390129176e-01 9.859489876707939748e-01 1.014845589336509812e+00 9.568246266130664424e-02 
4.924317798395582813e+00 5.470657070571717668e+03 3.285599143754263125e+14 1.164583007653386691e+33 9.705943525825574134e-04 2.571676048519481304e-07 5.691583754195085021e+03 1.962871578562110080e+05 1.154163659410491816e+00 1.348249934656733085e-05 2.268489276975109992e-01 1.647516441758031802e-01 9.864204272901241355e-01 1.013927678297521506e+00 8.938806229368663481e-02 
4.863905507412196627e+00 5.445525464510216807e+03 3.225639157220029375e+14 1.143330146789445074e+33 9.437983120939400254e-04 2.610987028639991018e-07 5.652358001976016567e+03 1.979141614791300963e+05 1.121829272485206141e+00 1.300683236635818696e-05 2.127640163441791854e-01 1.568614794473804919e-01 9.868956232635550663e-01 1.013073959322574158e+00 8.357860441070698310e-02 
4.803804529302359683e+00 5.420509310324980106e+03 3.166773400330932500e+14 1.122465136419566434e+33 9.176739837192806563e-04 2.650857763044876752e-07 5.614227022863396087e+03 1.995808607213352516e+05 1.092017757535748146e+00 1.255367150166956307e-05 1.998458700148834366e-01 1.493050992735721616e-01 9.873712710670371484e-01 1.012279068999153653e+00 7.820819795644955164e-02 
4.744050901094191808e+00 5.395608077642605167e+03 3.108981904127945000e+14 1.101980898531690182e+33 8.922091694017626187e-04 2.691311681878796669e-07 5.577112684110766168e+03 2.012870854193142150e+05 1.064486796282136494e+00 1.212136520841373547e-05 1.879672521869416024e-01 1.420731156716971977e-01 9.878446809067210621e-01 1.011538286472004611e+00 7.323635418867033287e-02 
4.684676019959395532e+00 5.370821238526142224e+03 3.052245064072120625e+14 1.081870484282719749e+33 8.673916033362792828e-04 2.732371069061909600e-07 5.540943549430561688e+03 2.030326576547856966e+05 1.039022693139050713e+00 1.170843295373485698e-05 1.770178856474794449e-01 1.351558476620698945e-01 9.883133776168062656e-01 1.010847096234336773e+00 6.862713602020087400e-02 
4.625708467508323096e+00 5.346148267463951925e+03 2.996543633394295000e+14 1.062127071641317352e+33 8.432089726270644136e-04 2.774056726793265289e-07 5.505655419200167671e+03 2.048174053503116011e+05 1.015436611055895444e+00 1.131355304845905408e-05 1.669021947840112208e-01 1.285433819738365235e-01 9.887755196579657291e-01 1.010201684377937115e+00 6.434865462484799792e-02 
# Sigma_plus_index = 80  Sigma_minus_index = 105
# Non-converged_fits = 0