# Sigma0 	Teff 	Mdot 	F 	z0r 	rho_c 	T_c 	P_c 	tau 	PradPgas_c 	varkappa_c 	Pi1 	Pi2 	Pi3 	Pi4
# All values are in CGS units.
# M = 1.005829e+00 Msun, alpha = 1, r = 1.000000e+10 cm, r = 33664.77303750273 rg, structure = BellLin, mu = 0.62
1.699311471347066060e+01 1.000000000000000000e+04 3.592641175954258000e+16 4.111615380207851587e+34 3.674411113499197190e-02 3.647615452465250330e-08 3.221668867335998584e+04 1.575913742450568825e+05 2.598580307367173532e+02 1.723935166117399748e-02 2.970960158695178066e+01 4.100762930405489115e+00 6.339371465418371931e-01 1.141266117383999301e+00 4.393569413821644676e-01 
1.678207865392215581e+01 9.954061083088736268e+03 3.527077877722322000e+16 4.036581149906245948e+34 3.646332314732278479e-02 3.615640644785947925e-08 3.202453229477363129e+04 1.552782225701614225e+05 2.583468921879082814e+02 1.708245959821532226e-02 2.989081951765973244e+01 4.063186491393501854e+00 6.364645957741018600e-01 1.141020346385400064e+00 4.389599256728661802e-01 
1.657348951334038034e+01 9.908333204586158899e+03 3.462711065825776400e+16 3.962916244114899349e+34 3.618157329873444850e-02 3.583994161536619334e-08 3.183374262244916827e+04 1.530021345440772711e+05 2.568548985602456582e+02 1.692712039774089960e-02 3.007303902757394454e+01 4.025228959068879675e+00 6.390417332562697839e-01 1.140772277024929560e+00 4.385449973426136516e-01 
1.636732011671937670e+01 9.862815395004698075e+03 3.399518905189398400e+16 3.890595673577518944e+34 3.589884907056004049e-02 3.552675727156347754e-08 3.164432111011567758e+04 1.507626793805742054e+05 2.553833036913084982e+02 1.677332085185478244e-02 3.025626493916731619e+01 3.986890877212282636e+00 6.416696332014538706e-01 1.140522260178580050e+00 4.381115003769093241e-01 
1.616354421819214338e+01 9.817506689310463116e+03 3.337479959213424400e+16 3.819594905074957494e+34 3.561513803226502156e-02 3.521685266160806754e-08 3.145626933046269914e+04 1.485594389421582746e+05 2.539336924633107913e+02 1.662104702629730799e-02 3.044050368273586571e+01 3.948173018355832564e+00 6.443493989681069456e-01 1.140270701224980421e+00 4.376588059759194960e-01 
1.596213451875587097e+01 9.772406126902860706e+03 3.276573182501746000e+16 3.749889853102962009e+34 3.533044232642842952e-02 3.491022743352213220e-08 3.126958751641771232e+04 1.463919939367253683e+05 2.525076637354004561e+02 1.647028270948985157e-02 3.062576556079008938e+01 3.909079784793990875e+00 6.470818491692180707e-01 1.140017866708463501e+00 4.371863725322886474e-01 
1.576306805619066509e+01 9.727512751594169458e+03 3.216777913722624000e+16 3.681456871701584606e+34 3.504472525424427026e-02 3.460688435260571040e-08 3.108428053863835885e+04 1.442599632017793483e+05 2.511079144112340771e+02 1.632101758331110791e-02 3.081205272270701911e+01 3.869606608268727932e+00 6.498686602942658208e-01 1.139764495380345410e+00 4.366933867290353488e-01 
1.556631734887154117e+01 9.682825611589285472e+03 3.158073868599796000e+16 3.614272746433821529e+34 3.475800450887998883e-02 3.430682473125304691e-08 3.090034800361757880e+04 1.421629378934601264e+05 2.497367170718594025e+02 1.617323371874070451e-02 3.099937917337896565e+01 3.829761883034793257e+00 6.527103892442485122e-01 1.139510792803366757e+00 4.361793607418860685e-01 
1.537186125698609374e+01 9.638343759465578842e+03 3.100441133031513200e+16 3.548314686510661211e+34 3.447023738829806117e-02 3.401005739021639217e-08 3.071779393896853799e+04 1.401005638269147894e+05 2.482950170279527526e+02 1.602691664430888618e-02 3.118775528632392380e+01 3.789540354285387380e+00 6.556088708018579236e-01 1.139257581216756243e+00 4.356436681287348400e-01 
1.517967764884152970e+01 9.594066252152739253e+03 3.043860156335011600e+16 3.483560317059689048e+34 3.418140776689287258e-02 3.371659217567357355e-08 3.053662026230638730e+04 1.380724836159643310e+05 2.467984226940420740e+02 1.588204810911189244e-02 3.137719828741659001e+01 3.748943194917218502e+00 6.585654386559512963e-01 1.139005530207519712e+00 4.350858573815200026e-01 
1.498973208366713727e+01 9.549992150912858051e+03 2.988311744614462400e+16 3.419987671535003917e+34 3.389161332173668689e-02 3.342641824137382919e-08 3.035682742077625517e+04 1.360782514479659440e+05 2.453238460614730911e+02 1.573861735924310737e-02 3.156771073478092049e+01 3.707996909126996421e+00 6.615791188217303720e-01 1.138754326259875382e+00 4.345049888902471902e-01 
1.480201491676996639e+01 9.506120521320448461e+03 2.933777054249746400e+16 3.357575184265416562e+34 3.360072157498847356e-02 3.313956644217123435e-08 3.017842139192320974e+04 1.341176194917054090e+05 2.438738996454721359e+02 1.559660264516378979e-02 3.175932027354776110e+01 3.666677164232605257e+00 6.646536829300062621e-01 1.138505709653719888e+00 4.339008525402395788e-01 
1.461650125431344627e+01 9.462450433242707732e+03 2.880237585504248400e+16 3.296301683138860118e+34 3.330876590239031237e-02 3.285604238901977970e-08 3.000140486745181261e+04 1.321902236916408583e+05 2.424495291151730498e+02 1.545598899890203264e-02 3.195204050579522459e+01 3.624996663598143876e+00 6.677895829598462507e-01 1.138260164035036937e+00 4.332727800954869202e-01 
1.443317219469554580e+01 9.418980960819737447e+03 2.827675176249142400e+16 3.236146382420115261e+34 3.301571574897654848e-02 3.257586388496439885e-08 2.982578150311443096e+04 1.302957557430851739e+05 2.410524088929569473e+02 1.531675723704905255e-02 3.214589498952516067e+01 3.582954320486879229e+00 6.709885957281037649e-01 1.138018664358342757e+00 4.326203449108381727e-01 
1.425199953159152066e+01 9.375711182444940277e+03 2.776071995802304000e+16 3.177088875699727213e+34 3.272163311834148242e-02 3.229903344474455279e-08 2.965155307910925694e+04 1.284338399388440157e+05 2.396831885475075978e+02 1.517889250853816062e-02 3.234089841441353030e+01 3.540569636831478739e+00 6.742505457244029055e-01 1.137781385827057568e+00 4.319428162172374575e-01 
1.407297288104188127e+01 9.332640180745505859e+03 2.725410538879663200e+16 3.119109128971600315e+34 3.242643477998454621e-02 3.202558466051870576e-08 2.947872478674833110e+04 1.266042413335433957e+05 2.383453090928960307e+02 1.504237064142955466e-02 3.253708800567274295e+01 3.497830521059162479e+00 6.775784524298835709e-01 1.137550036545023957e+00 4.312400887975499919e-01 
1.389607044004220882e+01 9.289767042562896677e+03 2.675673619656826800e+16 3.062187473836795084e+34 3.213014883268866528e-02 3.175552913107310957e-08 2.930730226559466246e+04 1.248066403683220124e+05 2.370411171599612317e+02 1.490717849588490615e-02 3.273447932223496792e+01 3.454749244357252724e+00 6.809730430916981492e-01 1.137325464475838377e+00 4.305113843568921239e-01 
1.372127449653805087e+01 9.247090858933566778e+03 2.626844365939248800e+16 3.006304600831550249e+34 3.183276350991303544e-02 3.148889231891786083e-08 2.913728749388886354e+04 1.230407581400700146e+05 2.357737430535150338e+02 1.477329085700259011e-02 3.293311320384950136e+01 3.411330226355499651e+00 6.844358199794533526e-01 1.137108699251140553e+00 4.297565841156322231e-01 
1.354856957547599627e+01 9.204610725069620457e+03 2.578906213438612800e+16 2.951441552876862379e+34 3.153426508893680119e-02 3.122570242800192547e-08 2.896868410818255506e+04 1.213063345957670972e+05 2.345476788406269293e+02 1.464068383010648337e-02 3.313303071415567302e+01 3.367577598789153637e+00 6.879684457172967615e-01 1.136901036941415200e+00 4.289755293672602998e-01 
1.337793488838034328e+01 9.162325740339661934e+03 2.531842900153786000e+16 2.897579718847741525e+34 3.123468176632752252e-02 3.096597661062552205e-08 2.880149757998983841e+04 1.196030754526878445e+05 2.333673499228338244e+02 1.450934154210380828e-02 3.333425792057042258e+01 3.323504523727504267e+00 6.915717035041758498e-01 1.136703426438901765e+00 4.281675759767002987e-01 
1.320936248266392710e+01 9.120235008249721432e+03 2.485638460854304400e+16 2.844700827259808455e+34 3.093396344782054982e-02 3.070975901207949812e-08 2.863573150158594581e+04 1.179307839836373460e+05 2.322414870511902336e+02 1.437923267870429289e-02 3.353685666604036442e+01 3.279108060781104061e+00 6.952482203382712722e-01 1.136517831052664018e+00 4.273330470670611003e-01 
1.304282932055251187e+01 9.078337636424193988e+03 2.440277221664445200e+16 2.792786940071012934e+34 3.063216378439261034e-02 3.045706653190074546e-08 2.847138968986741747e+04 1.162891599213159061e+05 2.311780528623822306e+02 1.425033912101078722e-02 3.374086138138588353e+01 3.234407589885577305e+00 6.989982170836105402e-01 1.136344978896507207e+00 4.264714018413365282e-01 
1.287833153080341653e+01 9.036632736586983810e+03 2.395743794746268800e+16 2.741820446596611795e+34 3.032922279041145447e-02 3.020795067802627533e-08 2.830847773327782124e+04 1.146780435809662886e+05 2.299215091822613317e+02 1.412262930096448710e-02 3.394634118699570280e+01 3.189398579918099053e+00 7.028247722883956827e-01 1.136187335498483941e+00 4.255830411534243796e-01 
1.271584593629327564e+01 8.995119424542615889e+03 2.352023073079557600e+16 2.691784057535049288e+34 3.002520331889881391e-02 2.996243363718192054e-08 2.814699650935471436e+04 1.130971445140725264e+05 2.284828486154227960e+02 1.399607842713597623e-02 3.415334970145936211e+01 3.144103275434694478e+00 7.067278724158645442e-01 1.136045535610806123e+00 4.246678040255047470e-01 
1.255536793393407713e+01 8.953796820157509501e+03 2.309100225337104800e+16 2.642660799102954079e+34 2.972006756112205786e-02 2.972056656973037375e-08 2.798695227351348876e+04 1.115463045456070686e+05 2.271078180451848141e+02 1.387065635069401406e-02 3.436195966052525819e+01 3.098522452420408246e+00 7.107102385410287715e-01 1.135922093600891136e+00 4.237260416915625827e-01 
1.239688545967980815e+01 8.912664047341353580e+03 2.266960690853536800e+16 2.594434007277183619e+34 2.941382720976101414e-02 2.948239280752149214e-08 2.782834703841774171e+04 1.100253185014424671e+05 2.257962944235747216e+02 1.374633041164236361e-02 3.457225121586026262e+01 3.052668122820112462e+00 7.147733108426921333e-01 1.135818740273567773e+00 4.227581889950937644e-01 
1.224039198026790309e+01 8.871720234028462073e+03 2.225590174685842400e+16 2.547087322141824958e+34 2.910647177420440379e-02 2.924796308220878240e-08 2.767118618245487960e+04 1.085340221819828876e+05 2.245503136104209148e+02 1.362306968965589123e-02 3.478430639252579937e+01 3.006547638754479390e+00 7.189192950287592865e-01 1.135737899046698862e+00 4.217646689742367005e-01 
1.208586766569588100e+01 8.830964512159360311e+03 2.184974642764194400e+16 2.500604682338529146e+34 2.879806391357398257e-02 2.901731191058156524e-08 2.751546863961713098e+04 1.070721658514342707e+05 2.233711577948374156e+02 1.350084150627282702e-02 3.499821184371479887e+01 2.960184488344957288e+00 7.231483001755265594e-01 1.135680545246419371e+00 4.207458766324559396e-01 
1.193331682063543830e+01 8.790396017662311351e+03 2.145100317131118400e+16 2.454970319617953620e+34 2.848855365401475881e-02 2.879051053803587949e-08 2.736120085222803027e+04 1.056396651542144682e+05 2.222657279816841367e+02 1.337960742967182412e-02 3.521407842679345634e+01 2.913578414037382824e+00 7.274638356305761500e-01 1.135650257570337551e+00 4.197028533994803801e-01 
1.178272402946234720e+01 8.750013890435060603e+03 2.105953671267678400e+16 2.410168753490794412e+34 2.817799347588770612e-02 2.856760398583966146e-08 2.720838131165235973e+04 1.042363073659056536e+05 2.212398618154053622e+02 1.325932983199722484e-02 3.543201549731512756e+01 2.866751415019503479e+00 7.318664336752898070e-01 1.135648508252277589e+00 4.186364007055740633e-01 
1.163409086282258365e+01 8.709817274326551342e+03 2.067521425504841600e+16 2.366184785976299718e+34 2.786636335787784705e-02 2.834866327431972605e-08 2.705701388222400055e+04 1.028619955373677076e+05 2.203059773850029899e+02 1.313996724900200544e-02 3.565215184211454869e+01 2.819710376830198317e+00 7.363589581096019465e-01 1.135678673078839740e+00 4.175477935106678973e-01 
1.148740634500307323e+01 8.669805317118783933e+03 2.029790542518643600e+16 2.323003496446691312e+34 2.755370751233000848e-02 2.813374245915643654e-08 2.690709775001027447e+04 1.015165522361549229e+05 2.194793646811846486e+02 1.302147965221542823e-02 3.587461589786881433e+01 2.772476037295016571e+00 7.409423808044638404e-01 1.135742806113560377e+00 4.164381184471244168e-01 
1.134267605563757009e+01 8.629977170508787822e+03 1.992748222907593600e+16 2.280610236565703096e+34 2.724000674009726189e-02 2.792292405631090937e-08 2.675863433989234545e+04 1.001999109622940450e+05 2.187885358956098969e+02 1.290381756425678164e-02 3.609957033542889349e+01 2.725056381618592205e+00 7.456197916964572014e-01 1.135844753523875372e+00 4.153092900508633667e-01 
1.119987999790545707e+01 8.590331990090568070e+03 1.956381900850680000e+16 2.238990625319366289e+34 2.692535281750199280e-02 2.771625080310185322e-08 2.661161981400384684e+04 9.891184172462714196e+04 2.179077165432467780e+02 1.278694281686168152e-02 3.632715098124936759e+01 2.677482404244129199e+00 7.503907784342690457e-01 1.135985693834397070e+00 4.141622742916358235e-01 
1.105903026820200630e+01 8.550868935337273797e+03 1.920679239844751200e+16 2.198130544137634207e+34 2.660971389768735512e-02 2.751381952557667048e-08 2.646605478119438339e+04 9.765232478659351182e+04 2.163914016348410314e+02 1.267079929609816850e-02 3.655755477016421651e+01 2.629760148612182213e+00 7.552590912327341588e-01 1.136170277455188282e+00 4.129996020194888207e-01 
1.092012944801496133e+01 8.511587169583317518e+03 1.885628128519562800e+16 2.158016132104892702e+34 2.629310748425004937e-02 2.731571411431157231e-08 2.632193637017039509e+04 9.642127928508499463e+04 2.150644639267293030e+02 1.255533256641774495e-02 3.679098180096643489e+01 2.581906180881185175e+00 7.602270447073131709e-01 1.136402194498225882e+00 4.118236710906960085e-01 
1.078317107668514652e+01 8.472485860006661824e+03 1.851216676529273600e+16 2.118633781257963026e+34 2.597559216143045802e-02 2.712200471314035574e-08 2.617925956871717062e+04 9.521856713443799526e+04 2.139089604398183155e+02 1.244049225524171409e-02 3.702762921542439045e+01 2.533945512665298327e+00 7.652956693699087820e-01 1.136684222949760237e+00 4.106365968601247141e-01 
1.064815982502077851e+01 8.433564177611189734e+03 1.817433210518925600e+16 2.079970131969920346e+34 2.565718927051764339e-02 2.693278260120239028e-08 2.603801962364769861e+04 9.404412521526808268e+04 2.129194287794945240e+02 1.232621955550573106e-02 3.726772981925719108e+01 2.485895935871618168e+00 7.704673900656829888e-01 1.137020413214485215e+00 4.094412482929751240e-01 
1.051509570444036434e+01 8.394821297209071417e+03 1.784266270164450000e+16 2.042012068418061227e+34 2.533794690352740575e-02 2.674813212194403603e-08 2.589820999724373905e+04 9.289785864408561611e+04 2.121004817818122774e+02 1.221245732626208627e-02 3.751152241628791018e+01 2.437780738680942694e+00 7.757438704852206435e-01 1.137414381579665124e+00 4.082404433995773241e-01 
1.038399360436472030e+01 8.356256397403332812e+03 1.751704604285056800e+16 2.004746714134706678e+34 2.501787095441137740e-02 2.656816581983032176e-08 2.575982312750442725e+04 9.177976586742966902e+04 2.114725966018100394e+02 1.209913525837658620e-02 3.775929840111977853e+01 2.389615294705410786e+00 7.811285206546981774e-01 1.137871437688362297e+00 4.070381595484260928e-01 
1.025484611694774983e+01 8.317868660570378779e+03 1.719737167026451200e+16 1.968161427639068731e+34 2.469704547639008096e-02 2.639295948408513980e-08 2.562284932393709460e+04 9.068970920654473593e+04 2.110722715709654835e+02 1.198619811809466945e-02 3.801131611762493634e+01 2.341430193703993634e+00 7.866219477427651707e-01 1.138394549404743827e+00 4.058372202062872081e-01 
1.012767693612602926e+01 8.279657272842696329e+03 1.688353114113798400e+16 1.932243798148935841e+34 2.437546757345191925e-02 2.622264549860082113e-08 2.548727690653489844e+04 8.962773816188653291e+04 2.109834658639983616e+02 1.187356360502259817e-02 3.826793250422092285e+01 2.293239676310380837e+00 7.922283591827438132e-01 1.138990149557570053e+00 4.046427892064935472e-01 
1.000247371471316704e+01 8.241621424091608787e+03 1.657541799173039200e+16 1.896981641370586326e+34 2.405324675883087696e-02 2.605729202197026459e-08 2.535309539684130868e+04 8.859368499072417035e+04 2.094300339943098379e+02 1.176118188520299673e-02 3.852942001394659144e+01 2.245079031361624899e+00 7.979477166981026048e-01 1.139660925415698411e+00 4.034575532888640681e-01 
9.879271649139001354e+00 8.203760307910057236e+03 1.627292770119298400e+16 1.862362995365484066e+34 2.373036711089163142e-02 2.589705647918741452e-08 2.522028806115904445e+04 8.758766370215585630e+04 2.080285760498384207e+02 1.164895583942453759e-02 3.879621669163769582e+01 2.196960542985754383e+00 8.037853213504072558e-01 1.140414781587860027e+00 4.022881696142226460e-01 
9.758057175647152803e+00 8.166073121595555676e+03 1.597595765611279200e+16 1.828376116492494020e+34 2.340695203778679970e-02 2.574201160326464717e-08 2.508883807154550595e+04 8.660949887857040449e+04 2.070168960773882247e+02 1.153682854748430339e-02 3.906865097342471671e+01 2.148922268514800393e+00 8.097407877257187803e-01 1.141254309996086347e+00 4.011381008156850170e-01 
9.638859150066396708e+00 8.128559066133118904e+03 1.568440711570277600e+16 1.795009475424051438e+34 2.308302084559374009e-02 2.559230389675229806e-08 2.495872755684872755e+04 8.565926037056399218e+04 2.063597584886583718e+02 1.142471070837535081e-02 3.934717890080740688e+01 2.100982867444286306e+00 8.158186147533167398e-01 1.142187105334433017e+00 4.000138350240949880e-01 
9.521689585987155979e+00 8.091217346178379557e+03 1.539817717762809200e+16 1.762251753235132294e+34 2.275864530511589531e-02 2.544805358906047801e-08 2.482993534973567148e+04 8.473691623033287760e+04 2.060711288954429961e+02 1.131252287574848955e-02 3.963224630437265716e+01 2.053170731604651245e+00 8.220212514713536311e-01 1.143218925734665214e+00 3.989211827587543224e-01 
9.406561352845125512e+00 8.054047170040672427e+03 1.511717074445518000e+16 1.730091837563503785e+34 2.243390172316985995e-02 2.530938411800171349e-08 2.470243803814209241e+04 8.384243662809793022e+04 2.062352098844421846e+02 1.120018389790608526e-02 3.992432918955454824e+01 2.005514892279730343e+00 8.283512018046412795e-01 1.144355754238389977e+00 3.978663387435227849e-01 
9.293496029822810200e+00 8.017047749666274285e+03 1.484129249071368800e+16 1.698518818840109584e+34 2.210885350951103528e-02 2.517643406891774317e-08 2.457621109460090520e+04 8.297583699649717892e+04 2.056977924080260891e+02 1.108760748940021933e-02 4.022394925312573122e+01 1.958041768599069865e+00 8.348119982430902697e-01 1.145604826765050044e+00 3.968562904402161973e-01 
9.182507762779058780e+00 7.980218300621718299e+03 1.457044883055950600e+16 1.667521986588251533e+34 2.178358923806921268e-02 2.504933451468238698e-08 2.445122373278086889e+04 8.213708531105554721e+04 2.039868523876520783e+02 1.097470564857905978e-02 4.053166081781592567e+01 1.910782313456856896e+00 8.414061400479007080e-01 1.146972455669683422e+00 3.958983293045877927e-01 
9.073621452508978891e+00 7.943558042077109349e+03 1.430454788602734800e+16 1.637090825790240065e+34 2.145818149556728491e-02 2.492823164523479299e-08 2.432744688000279712e+04 8.132620374418460415e+04 2.030617417716048010e+02 1.086138984159072673e-02 4.084805569440545980e+01 1.863763964722365385e+00 8.481375182480673791e-01 1.148466648262023160e+00 3.950003530586612688e-01 
8.966856748281342604e+00 7.907066196789630339e+03 1.404349945586355800e+16 1.607215013320449919e+34 2.113272196888184296e-02 2.481326740871677084e-08 2.420484545757827073e+04 8.054317873530066572e+04 2.027889568689132602e+02 1.074756947538691408e-02 4.117376543194878025e+01 1.817017384968874216e+00 8.550093042992239489e-01 1.150094786560258431e+00 3.941706978618674251e-01 
8.862245201192143540e+00 7.870741991087012138e+03 1.378721498492686400e+16 1.577884414443375714e+34 2.080728733000945102e-02 2.470460510049185156e-08 2.408338106295207035e+04 7.978805330209611566e+04 2.032186689494222662e+02 1.063314486862439179e-02 4.150949422714566595e+01 1.770570230306307336e+00 8.620260411112801169e-01 1.151865933442351331e+00 3.934190224501309951e-01 
8.759795929683992455e+00 7.834584654851149935e+03 1.353560753414806800e+16 1.549089079375653458e+34 2.048200129174746267e-02 2.460236532300281073e-08 2.396301956366403101e+04 7.906074473278595542e+04 2.032259714933324517e+02 1.051804534043072371e-02 4.185588175796856092e+01 1.724457067301352620e+00 8.691900395713128002e-01 1.153786826744000349e+00 3.927529916408760702e-01 
8.659563036072279729e+00 7.798593421501802368e+03 1.328859175103800000e+16 1.520819239910829348e+34 2.015691897879168248e-02 2.450675679913909448e-08 2.384370915777025584e+04 7.836139382145401032e+04 2.013334100169291787e+02 1.040214446579340243e-02 4.221381795915385737e+01 1.678701386206568946e+00 8.765082157210248859e-01 1.155869538866164836e+00 3.921856877216534643e-01 
8.561545515344924695e+00 7.762767527980284285e+03 1.304608384073311400e+16 1.493065306105659069e+34 1.983219253376426738e-02 2.441788456136461402e-08 2.372541139901387214e+04 7.768985012367156742e+04 2.007253243520260639e+02 1.028538360997086586e-02 4.258398849605867298e+01 1.633340993207218705e+00 8.839819718280533811e-01 1.158119972692301713e+00 3.917248264343096698e-01 
8.465797315026495795e+00 7.727106214733349589e+03 1.280800153757027800e+16 1.465817863026971438e+34 1.950789280209142343e-02 2.433595525718033482e-08 2.360807172537407678e+04 7.704623300429277879e+04 2.011908657524656405e+02 1.016764616637133405e-02 4.296735319564550792e+01 1.588400349425447278e+00 8.916185846383928304e-01 1.160550896213004002e+00 3.913841274144139182e-01 
8.372348307675283152e+00 7.691608725697026784e+03 1.257426407717946400e+16 1.439067667557803063e+34 1.918413876065285309e-02 2.426113351703454646e-08 2.349163541429470570e+04 7.643052372705312155e+04 2.021532163576152357e+02 1.004884027017641582e-02 4.336483533025771209e+01 1.543910822355108348e+00 8.994228091988806240e-01 1.163172329282160522e+00 3.911758105789939211e-01 
8.281223487827997332e+00 7.656274308280651894e+03 1.234479216908658800e+16 1.412805645261916469e+34 1.886105911768667584e-02 2.419357293511740296e-08 2.337604953797197231e+04 7.584267192397835606e+04 1.998835680231961192e+02 9.928888218665870430e-03 4.377736497435504504e+01 1.499903996894482727e+00 9.073992647739250739e-01 1.165994123273587757e+00 3.911117493079644403e-01 
8.192483689814920922e+00 7.621102213350856800e+03 1.211950796981552600e+16 1.387022887305448036e+34 1.853874180902869914e-02 2.413349643240785232e-08 2.326124438303287388e+04 7.528278659202219569e+04 1.995994182933382888e+02 9.807670352918075943e-03 4.420611224215867452e+01 1.456404883732949962e+00 9.155563670769887308e-01 1.169030739830898336e+00 3.912087440409105499e-01 
8.106141340920238747e+00 7.586091695215711297e+03 1.189833505648151400e+16 1.361710647434791980e+34 1.821734546420577736e-02 2.408103424500196053e-08 2.314716403274631739e+04 7.475072688542089600e+04 2.009842371679845883e+02 9.685131178746930053e-03 4.465205805501464909e+01 1.413447434634695243e+00 9.238978295496317328e-01 1.172291059032847249e+00 3.914786871947087965e-01 
8.022272183013509306e+00 7.551242011608936082e+03 1.168119840086646600e+16 1.336860339009637566e+34 1.789695451904486923e-02 2.403643719339975520e-08 2.303372683135943953e+04 7.424663959898958274e+04 1.996821742439595369e+02 9.561143052472969792e-03 4.511657013137742211e+01 1.371054296099371239e+00 9.324341436272762795e-01 1.175792149810217069e+00 3.919416842213058749e-01 
7.940891375099235816e+00 7.516552423674113925e+03 1.146802434396690400e+16 1.312463532090094942e+34 1.757773306185907852e-02 2.399984194845551309e-08 2.292086865956035763e+04 7.377036798170623661e+04 1.989410020225260780e+02 9.435656252285868142e-03 4.560077220223896433e+01 1.329257868499406747e+00 9.411698646055384199e-01 1.179543842982827995e+00 3.926116672998473667e-01 
7.862062598327733021e+00 7.482022195949080924e+03 1.125874057100705200e+16 1.288511950577056891e+34 1.725979407921829356e-02 2.397147600664826192e-08 2.280850455858680289e+04 7.332196292745262326e+04 2.005894276766341306e+02 9.308569247374158528e-03 4.610611059887459362e+01 1.288082475222591894e+00 9.501148715001971334e-01 1.183562462137281113e+00 3.935092846670216193e-01 
7.785846263121556809e+00 7.447650596350286833e+03 1.105327608690730400e+16 1.264997469404675173e+34 1.694326120156792320e-02 2.395156315988376993e-08 2.269654496736948568e+04 7.290144027613684011e+04 1.991345977467845785e+02 9.179788279783922950e-03 4.663411054244162557e+01 1.247552817089376598e+00 9.592790504350624525e-01 1.187864288158814841e+00 3.946562363872893053e-01 
7.712285286460952349e+00 7.413436896157292722e+03 1.085156119220076200e+16 1.241912111784118122e+34 1.662828230644464167e-02 2.394029075704527314e-08 2.258490569491290807e+04 7.250871317323329276e+04 1.990240517667502331e+02 9.049252334861868086e-03 4.718626556487946289e+01 1.207695242823227710e+00 9.686709615444278887e-01 1.192463882698812094e+00 3.960729882425211290e-01 
7.641447129916009828e+00 7.379380369997345952e+03 1.065352745938930200e+16 1.219248046497628827e+34 1.631498479037121058e-02 2.393789918016204167e-08 2.247348316942259771e+04 7.214378407074465940e+04 2.009134439926473874e+02 8.916869450434435421e-03 4.776434267050930771e+01 1.168532504863339483e+00 9.783019297640931367e-01 1.197379120532173991e+00 3.977852953574675943e-01 
7.573390374762404065e+00 7.345480295829946044e+03 1.045910770973069600e+16 1.196997585241916131e+34 1.600350929509567616e-02 2.394460492902409857e-08 2.236218040954347089e+04 7.180659250386798522e+04 1.987443228633276249e+02 8.782578484912446221e-03 4.837010850119195027e+01 1.130087201095379745e+00 9.881831526606110749e-01 1.202627563260866284e+00 3.998185006408358499e-01 
7.508186060678275098e+00 7.311735954931599736e+03 1.026823599044999400e+16 1.175153180020100458e+34 1.569399102050620873e-02 2.396065617961310302e-08 2.225088265102684454e+04 7.149710321303080127e+04 2.011422125090760744e+02 8.646299944299506296e-03 4.900557489307448122e+01 1.092380352393375720e+00 9.983272452406642961e-01 1.208228437143927136e+00 4.022025465889830786e-01 
7.445904042625802077e+00 7.278146631880529640e+03 1.008084755236615000e+16 1.153707420581182604e+34 1.538656868758286889e-02 2.398629928961199948e-08 2.213947307259270019e+04 7.121525343591299315e+04 1.989939138614450087e+02 8.507968383675892574e-03 4.967286145684851562e+01 1.055431785522233934e+00 1.008747360063367848e+00 1.214201394354500474e+00 4.049691802931559281e-01 
7.386630211573459448e+00 7.244711614541526615e+03 9.896878827927348000e+15 1.132653031906285630e+34 1.508137383287541829e-02 2.402181431007378634e-08 2.202781971879224875e+04 7.096101429511222523e+04 2.012908534767079516e+02 8.367505559320852562e-03 5.037435216083743228e+01 1.019259290306167909e+00 1.019458735373962810e+00 1.220568578767587509e+00 4.081553226843656068e-01 
7.330427916796715238e+00 7.211430194050876707e+03 9.716267409647200000e+15 1.111982871740775654e+34 1.477855708092701802e-02 2.406743580883794475e-08 2.191580124396299652e+04 7.073423661614402954e+04 1.993687269767679595e+02 8.224878894332628490e-03 5.111240064296104180e+01 9.838808949053715613e-01 1.030475038779037567e+00 1.227349801507619853e+00 4.117969128480138963e-01 
7.277414408310586502e+00 7.178301664801280822e+03 9.538952028934046000e+15 1.091689928171370329e+34 1.447823479639274297e-02 2.412351860064406290e-08 2.180325061485157858e+04 7.053495532447169535e+04 2.025001636997147045e+02 8.079981413566078921e-03 5.189001493295554468e+01 9.493103529734741031e-01 1.041815565799766752e+00 1.234571945928168546e+00 4.159431849157729788e-01 
7.227655622685813519e+00 7.145325324426951738e+03 9.364872535307184000e+15 1.071767317247531271e+34 1.418056050135405033e-02 2.419031197037715390e-08 2.169003151259222795e+04 7.036296760429155256e+04 2.001548006915293172e+02 7.932797248067981200e-03 5.270996345888207912e+01 9.155630516709138966e-01 1.053495268464500256e+00 1.242255893962439073e+00 4.206382273451808596e-01 
7.181272674204021378e+00 7.112500473788671115e+03 9.193969875991826000e+15 1.052208280646198488e+34 1.388565474797178421e-02 2.426818515494250800e-08 2.157596405111954300e+04 7.021825056743000459e+04 2.008799880911957985e+02 7.783243265292681505e-03 5.357570799038855114e+01 8.826501646420777947e-01 1.065535096604648402e+00 1.250430069323775539e+00 4.259405687731339651e-01 
7.138371778183146610e+00 7.079826416958993832e+03 9.026186075886848000e+15 1.033006183379189603e+34 1.359365026218146283e-02 2.435749069894994739e-08 2.146086457288862948e+04 7.010068389658292290e+04 2.026707605687926446e+02 7.631262124776929875e-03 5.449091127141445412e+01 8.505827305990526499e-01 1.077954747940609748e+00 1.259120958384505329e+00 4.319128185568447131e-01 
7.099085137993697003e+00 7.047302461207507804e+03 8.861464217898024000e+15 1.014154511542428212e+34 1.330466757956149694e-02 2.445864475898043448e-08 2.134452309871323450e+04 7.001020360720537428e+04 2.013183417515254803e+02 7.476773988873739764e-03 5.545978423917991051e+01 8.193694762025167666e-01 1.090776999178996176e+00 1.268358781820189796e+00 4.386293199973083645e-01 
7.063515957705417847e+00 7.014927916986104719e+03 8.699748423629899000e+15 9.956468701062154438e+33 1.301884353038310245e-02 2.457200863346006064e-08 2.122674651167256889e+04 6.994659669737891818e+04 2.016703279233173873e+02 7.319761259452459666e-03 5.648658343539452176e+01 7.890186177971730830e-01 1.104022357528065212e+00 1.278170380379848758e+00 4.461661633520637715e-01 
7.031825924054560417e+00 6.982702097914411752e+03 8.540983834430488000e+15 9.774769807458817899e+33 1.273628824873541086e-02 2.469809317240631071e-08 2.110727730842873279e+04 6.990981231241836213e+04 2.032211318104266127e+02 7.160123248920580337e-03 5.757664166587863264e+01 7.595357925433628976e-01 1.117716883735308642e+00 1.288589756175231749e+00 4.546224834896632205e-01 
7.004165015555306795e+00 6.950624320765184166e+03 8.385116592781365000e+15 9.596386797119667327e+33 1.245711922957852373e-02 2.483740575805134806e-08 2.098585330146494016e+04 6.989970783290287363e+04 2.054907793500028106e+02 6.997790565606667665e-03 5.873570549586140999e+01 7.309258404567081646e-01 1.131885562058462469e+00 1.299649185829354403e+00 4.641074792611217803e-01 
6.980711289773744888e+00 6.918693905449879821e+03 8.232093824027937000e+15 9.421259157393312624e+33 1.218144373492780104e-02 2.499054005742398078e-08 2.086217445614539974e+04 6.991618291427522490e+04 2.051004970391495874e+02 6.832668515471852777e-03 5.997043377936425657e+01 7.031919324644424485e-01 1.146556012039576355e+00 1.311384244539886224e+00 4.747514726920687989e-01 
6.961621885458136205e+00 6.886910175004187295e+03 8.081863618442583000e+15 9.249327479943653440e+33 1.190937854489432582e-02 2.515807216573182218e-08 2.073594278218840554e+04 6.995900756077929691e+04 2.053406452572997409e+02 6.664710258569268332e-03 6.128795708314874702e+01 6.763364493127758115e-01 1.161753467266017914e+00 1.323827105100942925e+00 4.866978008869243255e-01 
6.947125803322943050e+00 6.855272455573694060e+03 7.934375013615474000e+15 9.080533440596970370e+33 1.164101454201349646e-02 2.534077932165948200e-08 2.060677498922822269e+04 7.002812389076854743e+04 2.061280765139025277e+02 6.493777359923596192e-03 6.269713504022373485e+01 6.503599127343552277e-01 1.177509363028738099e+00 1.337018105555837444e+00 5.001299932219017697e-01 
6.937433682288553172e+00 6.823780076399626523e+03 7.789577977166788000e+15 8.914819779556830401e+33 1.137645395522456429e-02 2.553946493294974267e-08 2.047426561016496271e+04 7.012334474359883461e+04 2.075569153679239776e+02 6.319758454557195676e-03 6.420783884112486817e+01 6.252629822026756212e-01 1.193851037543064653e+00 1.350992609981574333e+00 5.152582179763315340e-01 
6.932795100847817693e+00 6.792432369804572772e+03 7.647423389774023000e+15 8.752130281979620440e+33 1.111578677393909413e-02 2.575507004010829101e-08 2.033795209271404383e+04 7.024452026377944276e+04 2.074490998294783992e+02 6.142514628914345041e-03 6.583165183059864489e+01 6.010449023126294144e-01 1.210808403371389286e+00 1.365789203775310323e+00 5.323371872358243495e-01 
6.933494528949196045e+00 6.761228671178389959e+03 7.507863028509594000e+15 8.592409758905179507e+33 1.085909488292002324e-02 2.598870613805505546e-08 2.019729623363193605e+04 7.039152746987456339e+04 2.069657294995428458e+02 5.961867533825272215e-03 6.758234169543418091e+01 5.777044670380947489e-01 1.228411561406345109e+00 1.381447278618342489e+00 5.516787374067932959e-01 
6.939815217465770125e+00 6.730168318964057107e+03 7.370849550481978000e+15 8.435604028534824629e+33 1.060646267637694283e-02 2.624157571029227061e-08 2.005172210931244990e+04 7.056414473289482703e+04 2.080275675565102347e+02 5.777665534057154807e-03 6.947563804621142936e+01 5.552399356754332826e-01 1.246687008836469879e+00 1.398001862096486025e+00 5.736522771701105805e-01 
6.952138089285732292e+00 6.699250654643678899e+03 7.236336476775768000e+15 8.281659897851475065e+33 1.035795545914668624e-02 2.651525638622428152e-08 1.990048543002640872e+04 7.076230915859482775e+04 2.101552063199206373e+02 5.589622193469735711e-03 7.153146241697727703e+01 5.336504120535734419e-01 1.265664282134286944e+00 1.415493291158146150e+00 5.987382433325149078e-01 
6.970837343468180514e+00 6.668475022724538576e+03 7.104278176684758000e+15 8.130525144575125645e+33 1.011364705619858737e-02 2.681150324105061395e-08 1.974276218046776557e+04 7.098581516346131684e+04 2.096435363907827139e+02 5.397465222547012664e-03 7.377323115263025954e+01 5.129359176412667809e-01 1.285363595498149047e+00 1.433951345458571058e+00 6.275227710636523959e-01 
6.996349727513488936e+00 6.637840770725153561e+03 6.974629852232481000e+15 7.982148499447305120e+33 9.873598866104449367e-03 2.713241261154628349e-08 1.957759757630585227e+04 7.123448775830726663e+04 2.110165323750168511e+02 5.200882635259937957e-03 7.622941044044020487e+01 4.930965042740556026e-01 1.305802881813382665e+00 1.453403928568734793e+00 6.607468177527761055e-01 
7.029214554629814593e+00 6.607347249161498439e+03 6.847347522975695000e+15 7.836479628839353260e+33 9.637862737491236995e-03 2.748066447413377799e-08 1.940377992118579641e+04 7.150823609741816472e+04 2.136893556887067120e+02 4.999413581619508058e-03 7.893639709979282770e+01 4.741355821816580773e-01 1.326993628231313727e+00 1.473873814641274649e+00 6.993885890521702731e-01 
7.070024625653381634e+00 6.576993811533181542e+03 6.722388011084717000e+15 7.693469117677535773e+33 9.406491096060952059e-03 2.785951040922536547e-08 1.921985911094508629e+04 7.180689956329399138e+04 2.139134346324031242e+02 4.792525077838740398e-03 8.193982730315515539e+01 4.560599400922871749e-01 1.348931207047265879e+00 1.495366582076759432e+00 7.447254248839869639e-01 
7.119473015749426814e+00 6.546779814309789799e+03 6.599708926696483000e+15 7.553068452680286206e+33 9.179528245562231306e-03 2.827297598891452256e-08 1.902408764340598282e+04 7.213031984673565603e+04 2.153312462708668988e+02 4.579597025094459851e-03 8.529778640862721772e+01 4.388799666930526810e-01 1.371595228962030122e+00 1.517871417532272504e+00 7.984587269498150119e-01 
7.178387980460927409e+00 6.516704616917198109e+03 6.479268653534483000e+15 7.415230005900868277e+33 8.957017474466590426e-03 2.872629965428852682e-08 1.881421270748240568e+04 7.247833895782812033e+04 2.156004805033753939e+02 4.359791671790274464e-03 8.908743732899456802e+01 4.226147971647665202e-01 1.394934527086982401e+00 1.541345619835766234e+00 8.629440050204723045e-01 
7.247771614957492226e+00 6.486767581724009688e+03 6.361026334791422000e+15 7.279907018570725906e+33 8.738992480136412513e-03 2.922631023664380607e-08 1.858737138641393176e+04 7.285082294426366570e+04 2.161522194637944949e+02 4.132065661816799150e-03 9.341227032779266892e+01 4.072931843172807320e-01 1.418858703270180932e+00 1.565704658478097810e+00 9.415017859992727001e-01 
7.328853356932259366e+00 6.456968074028060073e+03 6.244941859269496000e+15 7.147053585237646798e+33 8.525485474421596807e-03 2.978223717810469903e-08 1.833976390206608630e+04 7.324762607276882045e+04 2.175642596947006666e+02 3.895033329128841371e-03 9.841633442157389311e+01 3.929609682981113905e-01 1.443210233193650938e+00 1.590792019931643653e+00 1.038996508862370272e+00 
7.423156470660849493e+00 6.427305462042907493e+03 6.130975847773308000e+15 7.016624638193078741e+33 8.316528893111919604e-03 3.040690988860767649e-08 1.806622341900375250e+04 7.366855636485070863e+04 2.189819818125952224e+02 3.646843427072145316e-03 1.043069023084339193e+02 3.796899704576916501e-01 1.467723445064422094e+00 1.616333724813421968e+00 1.162837944419363279e+00 
7.532666323037537914e+00 6.397779116884496943e+03 6.019089639751545000e+15 6.888575932184128747e+33 8.112148599133173210e-03 3.111898116877646261e-08 1.775943683936962771e+04 7.411345428037336387e+04 2.198075431513698845e+02 3.384928307849392401e-03 1.113964160227795048e+02 3.675938658266836856e-01 1.491960986277640178e+00 1.641868636741519172e+00 1.324925420654226249e+00 
7.659954849043089098e+00 6.368388412557778793e+03 5.909245280182021000e+15 6.762864029404087264e+33 7.912377687874987825e-03 3.194672790464097863e-08 1.740864968443317775e+04 7.458198954797109764e+04 2.215470303931252261e+02 3.105676029304192242e-03 1.201808627177835263e+02 3.568580262354433819e-01 1.515175089546684895e+00 1.666593530896838926e+00 1.545576953148426025e+00 
7.808638173282452577e+00 6.339132725943457444e+03 5.801405506696316000e+15 6.639446284757160945e+33 7.717246977679219355e-03 3.293664811525910106e-08 1.699677349025150033e+04 7.507379710425616940e+04 2.222326716765681169e+02 2.803543732804485416e-03 1.315160176502473917e+02 3.478048835548072093e-01 1.536043463440798895e+00 1.689071945249680962e+00 1.862853312417549922e+00 
7.983984108485910447e+00 6.310011436784798207e+03 5.695533736939376000e+15 6.518280831392107056e+33 7.526798833222361242e-03 3.417273981765424197e-08 1.649421877732520443e+04 7.558820743898792716e+04 2.231394915885085197e+02 2.469464156255323124e-03 1.470439077538960362e+02 3.410444121972371345e-01 1.552028025814483181e+00 1.706521890373785544e+00 2.357390661562800638e+00 
8.194420832382949271e+00 6.281023927674433253e+03 5.591594056159563000e+15 6.399326566499604446e+33 7.341092504533114523e-03 3.583185569108169747e-08 1.584199162789500770e+04 7.612399558034879738e+04 2.231403208180771571e+02 2.086638963830904012e-03 1.704916288103719637e+02 3.379088496971470734e-01 1.557608366061260519e+00 1.712858177466579424e+00 3.236497484036950478e+00 
8.454947745222362698e+00 6.252169584041323105e+03 5.489551205025523000e+15 6.282543137369212861e+33 7.160225306770114616e-03 3.839420707187045709e-08 1.489235235546007789e+04 7.667812799510266632e+04 2.200164126758779446e+02 1.617750271373679868e-03 2.131287699254221479e+02 3.421222225709059095e-01 1.537759933434642790e+00 1.691465437196328692e+00 5.248002912241012119e+00 
8.797087341781919534e+00 6.223447794137682649e+03 5.389370567665051000e+15 6.167890927700393508e+33 6.984372639546956169e-03 4.442383705058882996e-08 1.296560306352772386e+04 7.724160417361090367e+04 1.877503850410986956e+02 9.226763150569903572e-04 3.484572324368575096e+02 3.741577784455982769e-01 1.417638301507167853e+00 1.559616542189824928e+00 1.525502696025061944e+01 
9.081361509402904986e+00 6.194857949026028109e+03 5.291018159922445000e+15 6.055331044163579833e+33 6.813570281287019414e-03 5.508622496072415756e-08 1.051901472521173127e+04 7.770707645728599164e+04 5.304141849977312972e+01 3.973465555211056518e-04 6.311001757168595816e+01 4.391320240361681893e-01 1.209771132978873842e+00 1.329789904419629298e+00 6.463171775729107615e+00 
9.232958035167779798e+00 6.166399442566289508e+03 5.194460617830187000e+15 5.944825303206540437e+33 6.647064115988093533e-03 6.140014740382327303e-08 9.482217401152975071e+03 7.807676624777374673e+04 2.742537359452177625e+01 2.611244786050304469e-04 2.318224834513094379e+01 4.636920619310492264e-01 1.131127560527204423e+00 1.241216176901683399e+00 3.588844768471954882e+00 
9.320017646829331426e+00 6.138071671402911306e+03 5.099665186290752000e+15 5.836336218101219491e+33 6.484351473485022201e-03 6.606377501914749037e-08 8.850639846054100417e+03 7.841164241660530388e+04 1.768153791520770568e+01 1.973548910800370770e-04 1.192342840583530794e+01 4.727874583787836649e-01 1.087819414395815976e+00 1.191130008847018473e+00 2.410007009103111830e+00 
9.366614861384721991e+00 6.109874034952114926e+03 5.006599707965324000e+15 5.729826986227376873e+33 6.325153552786760836e-03 6.984397956164596439e-08 8.405735483432847104e+03 7.873125810286132037e+04 1.272658466215717254e+01 1.599136204879332221e-04 7.252151221316291085e+00 4.736856265216973783e-01 1.060114116919845362e+00 1.158000326618081832e+00 1.777652797096948234e+00 
9.384877520508766224e+00 6.081805935389118531e+03 4.915232612364945000e+15 5.625261476587896340e+33 6.169286306464700359e-03 7.306985244085141083e-08 8.066741037084682830e+03 7.904580762780694931e+04 9.787792327031029416e+00 1.350962798660716648e-04 4.877836384736454534e+00 4.695764326170659975e-01 1.040939425083091674e+00 1.134135752865066848e+00 1.386643710043830247e+00 
9.382035436418664887e+00 6.053866777635485050e+03 4.825532905140970000e+15 5.522604217552201523e+33 6.016618228263557848e-03 7.591623373210272707e-08 7.795311765263925736e+03 7.936164090245444095e+04 7.869034488597195676e+00 1.173418923114543267e-04 3.508432361844807001e+00 4.621827018283935495e-01 1.027022513499711298e+00 1.115989117503306538e+00 1.122480838036854722e+00 
9.362841720851763583e+00 6.026055969346519305e+03 4.737470157570933000e+15 5.421820384823304120e+33 5.867051835301203937e-03 7.848828746940942342e-08 7.570399710241894354e+03 7.968308858522002993e+04 6.531030471920000302e+00 1.039534369661789513e-04 2.647218092643488507e+00 4.525526576583075999e-01 1.016606559179007663e+00 1.101663280044039128e+00 9.328806453294202772e-01 
9.330646470206135135e+00 5.998372920898669690e+03 4.651014496236124000e+15 5.322875789624250727e+33 5.720509793742405494e-03 8.085496678275975715e-08 7.379262243318559740e+03 8.001329275420142221e+04 5.552126296533160144e+00 9.345862888817256151e-05 2.070292360599065074e+00 4.413764522277956459e-01 1.008649558004075519e+00 1.090037145802900564e+00 7.906727339860789572e-01 
9.287912839436371470e+00 5.970817045377075374e+03 4.566136592887817000e+15 5.225736867100489981e+33 5.576928614415974789e-03 8.306410739089928580e-08 7.213645867363728030e+03 8.035459493281928007e+04 4.809318808238950638e+00 8.498422661972576361e-05 1.664763895286733852e+00 4.291327601728118779e-01 1.002489072980796259e+00 1.080400264998810256e+00 6.803898708937003992e-01 
9.236523580303286352e+00 5.943387758563075295e+03 4.482807654498133000e+15 5.130370664933524657e+33 5.436256089025434148e-03 8.515050838555046636e-08 7.067911448909995670e+03 8.070879078449797817e+04 4.229250864016889544e+00 7.797822205356049374e-05 1.368695205845958052e+00 4.161674160911286724e-01 9.976802965009822222e-01 1.072277338042480155e+00 5.925956080048159214e-01 
9.177955406660336379e+00 5.916084478921869959e+03 4.400999413492765500e+15 5.036744832162715107e+33 5.298446826087571671e-03 8.714033813773946198e-08 6.938050852800898610e+03 8.107728833515144652e+04 3.765664891072761478e+00 7.207430612397798834e-05 1.145815080751755310e+00 4.027370690691134403e-01 9.939124403959284093e-01 1.065337309138234545e+00 5.212178810844267929e-01 
9.113390726945288733e+00 5.888906627590148673e+03 4.320684118161674500e+15 4.944827608210746852e+33 5.163460644155561281e-03 8.905390627224550912e-08 6.821114610157621428e+03 8.146120245566546510e+04 3.388048940343400872e+00 6.701936995665641811e-05 9.737282991409158539e-01 3.890366476436664667e-01 9.909600570172251155e-01 1.059340682398208111e+00 4.621748888673598010e-01 
9.043795091476557246e+00 5.861853628363836833e+03 4.241834523244962000e+15 4.854587812109595268e+33 5.031261638168520178e-03 9.090726304089589797e-08 6.714878599927339565e+03 8.186141428684993298e+04 3.075525609521348347e+00 6.263299627149181061e-05 8.380073884796387373e-01 3.752162707513944095e-01 9.886560612000832027e-01 1.054110361215123248e+00 4.126264426944563635e-01 
8.969966075653113435e+00 5.834924907685896869e+03 4.164423880690556000e+15 4.765994831923109495e+33 4.901816271711840339e-03 9.271339423879086084e-08 6.617623881225091282e+03 8.227863089006800146e+04 2.813359839025903586e+00 5.878290352821082752e-05 7.290124752577115119e-01 3.613929479502003828e-01 9.868730628140697236e-01 1.049511509701785084e+00 3.705354824892237442e-01 
8.892572391437678192e+00 5.808119894634126467e+03 4.088425930580370000e+15 4.679018614362414403e+33 4.775092581611838430e-03 9.448293669401609380e-08 6.527999347712700910e+03 8.271342059705274005e+04 2.590878109058479151e+00 5.536995854529641153e-05 6.401063732908716108e-01 3.476583525104990358e-01 9.855127196141326706e-01 1.045440086815089487e+00 3.344049663259164307e-01 
8.812178940276803374e+00 5.781438020909100487e+03 4.013814892222321000e+15 4.593629654591126095e+33 4.651060131199683326e-03 9.622476437832651871e-08 6.444922066534493752e+03 8.316623135139627266e+04 2.400171268146095382e+00 5.231827650750035737e-05 5.665944551900947701e-01 3.340848188595076373e-01 9.844972356899004406e-01 1.041813746546665254e+00 3.031096200630353787e-01 
8.729268126788040760e+00 5.754878720822083778e+03 3.940565455404667500e+15 4.509798986216338230e+33 4.529689150042200824e-03 9.794632535664889698e-08 6.367514835608511930e+03 8.363741630807674665e+04 2.235264109673625654e+00 4.956887061564228613e-05 5.050825573113664202e-01 3.207292217518107891e-01 9.837648269119874112e-01 1.038566966945849046e+00 2.757886070029006986e-01 
8.644253475649264828e+00 5.728441431283053134e+03 3.868652771810098000e+15 4.427498171462436326e+33 4.410949719235796734e-03 9.965399278525024260e-08 6.295055037548745531e+03 8.412725744104295154e+04 2.091563215956536492e+00 4.707509067111971356e-05 4.530646898597815442e-01 3.076362174219023360e-01 9.832652396483749779e-01 1.035646262264618311e+00 2.517716165957555874e-01 
8.557493711009874104e+00 5.702125591788777456e+03 3.798052446586517500e+15 4.346699291524239790e+33 4.294812144018615892e-03 1.013531980028624267e-07 6.226944793149074030e+03 8.463596835225450923e+04 1.965484686596602693e+00 4.479967509172245581e-05 4.086604785387914496e-01 2.948404717947271103e-01 9.829580053111259819e-01 1.033008339006442622e+00 2.305300567554016966e-01 
8.469300036428302647e+00 5.675930644410894274e+03 3.728740530071504000e+15 4.267374937096019806e+33 4.181246798344547162e-03 1.030486726310059818e-07 6.162680289973260187e+03 8.516370273781449941e+04 1.854192912081654043e+00 4.271238142730056543e-05 3.704337192724985184e-01 2.823687567863023551e-01 9.828094379518980128e-01 1.030616918427339712e+00 2.116406448602531909e-01 
8.379943758540033372e+00 5.649856033784124520e+03 3.660693509668008500e+15 4.189498199073605341e+33 4.070223033710832286e-03 1.047445518616366969e-07 6.101835445135444388e+03 8.571057920826578629e+04 1.755417489059945435e+00 4.078845975071630775e-05 3.372733772247977768e-01 2.702411210804502861e-01 9.827916490566068752e-01 1.028441670154604415e+00 1.947610029397951470e-01 
8.289663620440459013e+00 5.623901207094458186e+03 3.593888301868101500e+15 4.113042659425919598e+33 3.961709845009575223e-03 1.064444564427893550e-07 6.044047386887063112e+03 8.627667604417445546e+04 1.667320811962512028e+00 3.900747224416467270e-05 3.083090616603298972e-01 2.584721480752853462e-01 9.828815866644889931e-01 1.026457232373288120e+00 1.796113442503856350e-01 
8.198669401499136811e+00 5.598065614067470960e+03 3.528302244422478000e+15 4.037982382233334429e+33 3.855676084852034842e-03 1.081515801202472983e-07 5.989004085723975550e+03 8.686202982303148019e+04 1.588400309855262371e+00 3.735237610248862784e-05 2.828505645773353727e-01 2.470719689408340525e-01 9.830598706367333905e-01 1.024641990680841053e+00 1.659606783299655552e-01 
8.107146469379594933e+00 5.572348706956625392e+03 3.463913088652686000e+15 3.964291904889363155e+33 3.752089339415689683e-03 1.098687740339409180e-07 5.936435860877768391e+03 8.746666223131156585e+04 1.517416495967808254e+00 3.580884687618067329e-05 2.603449903600114634e-01 2.360468633579232145e-01 9.833102688223721577e-01 1.022977516922465524e+00 1.536167402263227955e-01 
8.015258079419997017e+00 5.546749940531673019e+03 3.400698991903775000e+15 3.891946229463056821e+33 3.650916605993404038e-03 1.115985902893417702e-07 5.886107849773388807e+03 8.809056987212623062e+04 1.453338087425429359e+00 3.436475183915173868e-05 2.403449802205581132e-01 2.253999991904907796e-01 9.836189641046143572e-01 1.021447811957302276e+00 1.424181471252251030e-01 
7.923149632903277784e+00 5.521268772067108330e+03 3.338638510134672500e+15 3.820920814219026719e+33 3.552124398328468987e-03 1.133433228081393793e-07 5.837814447256387211e+03 8.873372695613239193e+04 1.395300787389700758e+00 3.300974696704151297e-05 2.224853998902826535e-01 2.151319602704093448e-01 9.839742992408748723e-01 1.020039071259361885e+00 1.322284960625741412e-01 
7.830950159688004675e+00 5.495904661330628187e+03 3.277710590643660500e+15 3.751191565292080610e+33 3.455678550866160634e-03 1.151050375070654205e-07 5.791375235563914430e+03 8.939609142158023315e+04 1.342575060286262723e+00 3.173496752215957588e-05 2.064659746560589537e-01 2.052411368968005134e-01 9.843664338293658389e-01 1.018739316727075073e+00 1.229317798085735602e-01 
7.738774401837821948e+00 5.470657070571717668e+03 3.217894564926793000e+15 3.682734828514004223e+33 3.361543924333436004e-03 1.168856198340123299e-07 5.746630896218338421e+03 9.007761592739558546e+04 1.294541142488967456e+00 3.053276259840504288e-05 1.920378032831690229e-01 1.957240713449132641e-01 9.847870209046393208e-01 1.017538065212638010e+00 1.144286951172171912e-01 
7.646724851264483647e+00 5.445525464510216807e+03 3.159170141666465500e+15 3.615527381389295031e+33 3.269684863036454500e-03 1.186867835177457685e-07 5.703440421344284914e+03 9.077824140615727811e+04 1.250669400909820261e+00 2.939650111435819765e-05 1.789932055227698160e-01 1.865758124610549795e-01 9.852290543371127196e-01 1.016426193158123992e+00 1.066337841973551970e-01 
7.554891873945419611e+00 5.420509310324980106e+03 3.101517399848033500e+15 3.549546425217446181e+33 3.180065519112546500e-03 1.205101017304175085e-07 5.661677462019550148e+03 9.149788876421468740e+04 1.210504400892260968e+00 2.832038776212134870e-05 1.671574472184022275e-01 1.777902479943453684e-01 9.856863365464603177e-01 1.015395372888524550e+00 9.947298261548390141e-02 
7.463357007121266484e+00 5.395608077642605167e+03 3.044916782002094000e+15 3.484769577359040670e+33 3.092648966516323931e-03 1.223570272861002080e-07 5.621229920031874826e+03 9.223648873538931366e+04 1.173652937966183529e+00 2.729935620555065204e-05 1.563830927303972440e-01 1.693601674857086736e-01 9.861538528570160667e-01 1.014438489579376990e+00 9.288198291125283890e-02 
7.372192680340960536e+00 5.370821238526142224e+03 2.989349087569917500e+15 3.421174863642789593e+33 3.007397970196624189e-03 1.242289015067512036e-07 5.581997219427802520e+03 9.299396311100553430e+04 1.139773591776957584e+00 2.632894620777757882e-05 1.465447867167401219e-01 1.612775725606650223e-01 9.866273143159296488e-01 1.013549162406072179e+00 8.680458283483251380e-02 
7.281463392153960434e+00 5.346148267463951925e+03 2.934795466390186000e+15 3.358740710911397129e+33 2.924274976443621415e-03 1.261269754569325226e-07 5.543888597422198472e+03 9.377022793119495327e+04 1.108568587038128772e+00 2.540520931338748252e-05 1.375353300664682310e-01 1.535338398727385811e-01 9.871030308954310550e-01 1.012721625414405580e+00 8.119143895898571495e-02 
7.191226702182401453e+00 5.321588641358519453e+03 2.881237412304373000e+15 3.297445939703209131e+33 2.843242180298659414e-03 1.280524084450020054e-07 5.506822420263685672e+03 9.456519418394535023e+04 1.079777148780098228e+00 2.452464554810825954e-05 1.292627237518219341e-01 1.461198466759252024e-01 9.875779387201965021e-01 1.011950763630341088e+00 7.599910430819706297e-02 
7.101534191070464352e+00 5.297141839515384163e+03 2.828656756878969000e+15 3.237269757067581007e+33 2.764261180741254490e-03 1.300062961327822295e-07 5.470725111914434819e+03 9.537878247758495854e+04 1.053170043967331715e+00 2.368413724968515720e-05 1.216476512343739047e-01 1.390260534169008855e-01 9.880495537364452074e-01 1.011232072310914054e+00 7.118918511766340884e-02 
7.012430766746683197e+00 5.272807343632116499e+03 2.777035663242258000e+15 3.178191749511350650e+33 2.687293415010182790e-03 1.319896826434152965e-07 5.435529288712390553e+03 9.621090956723276759e+04 1.028544788385997943e+00 2.288088460289641117e-05 1.146212298124114487e-01 1.322426740602687112e-01 9.885155792385486029e-01 1.010561227927568861e+00 6.672755006626110430e-02 
6.923957298174185482e+00 5.248584637787288557e+03 2.726356620033452000e+15 3.120191876073893241e+33 2.612300394532098089e-03 1.340035341848289588e-07 5.401174370786843610e+03 9.706148829501010187e+04 1.005722171457150038e+00 2.211238650632200487e-05 1.081236586956736412e-01 1.257597468246436923e-01 9.889743242925020938e-01 1.009934584027984528e+00 6.258387029091304343e-02 
# Sigma_plus_index = 84  Sigma_minus_index = 108
# Non-converged_fits = 0