# Sigma0 	Teff 	Mdot 	F 	z0r 	rho_c 	T_c 	P_c 	tau 	PradPgas_c 	varkappa_c 	Pi1 	Pi2 	Pi3 	Pi4
# All values are in CGS units.
# M = 2.011658e+00 Msun, alpha = 0.1, r = 1.000000e+10 cm, r = 16832.386518751366 rg, structure = BellLin, mu = 0.62
7.557370637934677404e+01 1.000000000000000000e+04 1.803439570257686800e+16 2.907351116975877209e+34 3.665103633243918524e-02 1.795143886395801060e-07 5.163747423212052672e+04 1.243101959979966516e+06 1.727631776243483728e+03 1.442390934562826944e-02 4.478040879716719758e+01 5.105182474402850445e+00 5.743216695224484525e-01 1.147308126469052114e+00 4.462416340140049620e-01 
7.465203154318240308e+01 9.954061083088736268e+03 1.770528004477206800e+16 2.854293903908498768e+34 3.644526262846932430e-02 1.779003925918092585e-07 5.132380352037137345e+04 1.224442049951006891e+06 1.717401720027425654e+03 1.429113985940549079e-02 4.505683747815204043e+01 5.079534591254789788e+00 5.756965735227893566e-01 1.147220160461940308e+00 4.461690942098445190e-01 
7.374129274353968810e+01 9.908333204586158899e+03 1.738217052756644000e+16 2.802204949487969271e+34 3.623908464300842902e-02 1.763010019722882241e-07 5.101208621416026290e+04 1.206064018813977251e+06 1.707254212412964080e+03 1.415962491769032737e-02 4.533490374354666130e+01 5.053569659184684149e+00 5.770969131370400351e-01 1.147129944504845955e+00 4.460923677599598625e-01 
7.284135240580064874e+01 9.862815395004698075e+03 1.706495754291190000e+16 2.751066583641707531e+34 3.603255637265694034e-02 1.747161161151653109e-07 5.070230829344418453e+04 1.187963765045855893e+06 1.697190880113676712e+03 1.402934847485496489e-02 4.561462864942429007e+01 5.027303593113090052e+00 5.785221122435746377e-01 1.147037242828611081e+00 4.460115562260966726e-01 
7.195208285183356622e+01 9.817506689310463116e+03 1.675353348303363600e+16 2.700861458764090436e+34 3.582561206585779812e-02 1.731456231383647540e-07 5.039446492963416677e+04 1.170137376133266836e+06 1.687218112122237699e+03 1.390030316116698528e-02 4.589601012660119039e+01 5.000718015370911651e+00 5.799736171354915593e-01 1.146942162357936779e+00 4.459262612203097609e-01 
7.107334565260684656e+01 9.772406126902860706e+03 1.644779270392698200e+16 2.651572543831731756e+34 3.561834568250076688e-02 1.715894094312481806e-07 5.008854433908751525e+04 1.152580812933965120e+06 1.677335391802924050e+03 1.377247608077868807e-02 4.617906096036979591e+01 4.973839900555591775e+00 5.814502209667080646e-01 1.146844448301773678e+00 4.458363972659233343e-01 
7.020502004197524570e+01 9.727512751594169458e+03 1.614763148951953600e+16 2.603183118626004794e+34 3.541065065775859944e-02 1.700473808941808287e-07 4.978454056770180614e+04 1.135290350180689711e+06 1.667222648759149251e+03 1.364585770999438182e-02 4.646378586355369578e+01 4.946639709393335416e+00 5.829540420661206701e-01 1.146744236176123310e+00 4.457416925626063176e-01 
6.934697622412691942e+01 9.682825611589285472e+03 1.585294801648780200e+16 2.555676768061082705e+34 3.520255069025034211e-02 1.685194311290524610e-07 4.948244482700720982e+04 1.118262159160950687e+06 1.657080679408749575e+03 1.352043727309992956e-02 4.675019260056592429e+01 4.919124618373760249e+00 5.844850623877174689e-01 1.146641424651762220e+00 4.456419382456050515e-01 
6.849908906408043663e+01 9.638343759465578842e+03 1.556364231971603400e+16 2.509037376615507489e+34 3.499403228345669692e-02 1.670054581018810693e-07 4.918224988734239014e+04 1.101492521004613722e+06 1.647005700803773834e+03 1.339620503091311192e-02 4.703828635860300977e+01 4.891291323753873321e+00 5.860438964348222424e-01 1.146535997448084210e+00 4.455368630621895365e-01 
6.766123613678178117e+01 9.594066252152739253e+03 1.527961625838472200e+16 2.463249122865266340e+34 3.478507158287683088e-02 1.655053653035347059e-07 4.888394843487069011e+04 1.084977794949329691e+06 1.636996883174008872e+03 1.327315082932028698e-02 4.732807388157984718e+01 4.863133702606726061e+00 5.876313450909327329e-01 1.146427954587415643e+00 4.454262198055580213e-01 
6.683328710549453433e+01 9.549992150912858051e+03 1.500077348267892000e+16 2.418296474116792619e+34 3.457573444295069381e-02 1.640190507302520422e-07 4.858752936701371800e+04 1.068714263646735577e+06 1.627052588676916002e+03 1.315126197592414448e-02 4.761956942648664182e+01 4.834671176916568669e+00 5.892466445657583707e-01 1.146317041859958641e+00 4.453099062933893459e-01 
6.601513034492799648e+01 9.506120521320448461e+03 1.472701940110310800e+16 2.374164181137748415e+34 3.436591879012439871e-02 1.625464209212254035e-07 4.829299113268793735e+04 1.052698519312659511e+06 1.617174967156149705e+03 1.303053296072785409e-02 4.791276645738646067e+01 4.805875300882666679e+00 5.908920115859574995e-01 1.146203528388202164e+00 4.451873881500722496e-01 
6.520664351112624502e+01 9.462450433242707732e+03 1.445826114839350000e+16 2.330837272984118472e+34 3.415564342979732215e-02 1.610873808812850741e-07 4.800032544198886899e+04 1.036927035465366323e+06 1.607363645798169046e+03 1.291095299753631902e-02 4.820767400607780218e+01 4.776752199908968599e+00 5.925675410319726222e-01 1.146087311509595086e+00 4.450584409113959028e-01 
6.440770961560355090e+01 9.418980960819737447e+03 1.419440755401510000e+16 2.288301051921578048e+34 3.394488848986858959e-02 1.596418516633361012e-07 4.770952288752733148e+04 1.021396406330942875e+06 1.597619350299584084e+03 1.279250922216157091e-02 4.850430876222324628e+01 4.747297384623516692e+00 5.942739825193207315e-01 1.145968323973618697e+00 4.449229765726451791e-01 
6.361820813801669772e+01 9.375711182444940277e+03 1.393536911123419400e+16 2.246541088439621610e+34 3.373368414983594910e-02 1.582097200897267844e-07 4.742058095053193392e+04 1.006103194543898338e+06 1.587941116980651941e+03 1.267519715549771282e-02 4.880265975611857954e+01 4.717519723490582351e+00 5.960113092900758414e-01 1.145846582808697889e+00 4.447803599182582612e-01 
6.283803017315522510e+01 9.332640180745505859e+03 1.368105794675524200e+16 2.205543216356684710e+34 3.352196294601727383e-02 1.567909240428913461e-07 4.713349066202566610e+04 9.910441894552583108e+05 1.578331365180189096e+03 1.255900311934757783e-02 4.910274750786499709e+01 4.687401545553937510e+00 5.977811352541909651e-01 1.145722121106188762e+00 4.446305534223605194e-01 
6.206705825210600835e+01 9.289767042562896677e+03 1.343138779091133800e+16 2.165293528014501977e+34 3.330974957704899847e-02 1.553853683319242562e-07 4.684824634277090081e+04 9.762160775058125146e+05 1.568789097909359953e+03 1.244391882056983430e-02 4.940457416110304933e+01 4.656950694942165292e+00 5.995835055896054921e-01 1.145594877190424521e+00 4.444731566563597802e-01 
6.130518337455179534e+01 9.247090858933566778e+03 1.318627394839952000e+16 2.125778369560306669e+34 3.309701104344880962e-02 1.539929778755321025e-07 4.656484223187346652e+04 9.616157076059689280e+05 1.559315882997799463e+03 1.232993437056123173e-02 4.970814815996551062e+01 4.626158989205474192e+00 6.014195037503253793e-01 1.145464913528935869e+00 4.443078767266442353e-01 
6.055229464186521682e+01 9.204610725069620457e+03 1.294563326954928400e+16 2.086984336314984205e+34 3.288374138059260710e-02 1.526136625572389256e-07 4.628327550688462361e+04 9.472399307525634067e+05 1.549912449198883905e+03 1.221704349274014938e-02 5.001346519610875418e+01 4.595025597033841613e+00 6.032897835360256922e-01 1.145332309528667603e+00 4.441341685783345983e-01 
5.980827648700866206e+01 9.162325740339661934e+03 1.270938412211599800e+16 2.048898268225848293e+34 3.266997644750027630e-02 1.512473477095685716e-07 4.600353579310181522e+04 9.330855751537894830e+05 1.540577601895622820e+03 1.210523276350489348e-02 5.032054591586962289e+01 4.563562255258204914e+00 6.051941241566050067e-01 1.145196833896021449e+00 4.439519513072142654e-01 
5.907302987235034664e+01 9.120235008249721432e+03 1.247744636358902200e+16 2.011507245402392593e+34 3.245564434630299200e-02 1.498939575532601447e-07 4.572562419357676845e+04 9.191497309120701393e+05 1.531314815260870546e+03 1.199449800749360050e-02 5.062937966667207945e+01 4.531749512656494616e+00 6.071344678228280944e-01 1.145058838220976094e+00 4.437605340985320002e-01 
5.834644640619532652e+01 9.078337636424193988e+03 1.224974131400475200e+16 1.974798583733441858e+34 3.224075153384762388e-02 1.485534211147953433e-07 4.544953413991659181e+04 9.054293941338928416e+05 1.522124478477079037e+03 1.188482866016600699e-02 5.093997785910744369e+01 4.499590718077568496e+00 6.091112212030800332e-01 1.144918275753744830e+00 4.435596351071063870e-01 
5.762842617980575000e+01 9.036632736586983810e+03 1.202619172925646000e+16 1.938759830584392618e+34 3.202525828640689215e-02 1.472256748461994730e-07 4.517526278263504355e+04 8.919217134667087812e+05 1.513009388152893280e+03 1.177621656072500890e-02 5.125234418623825405e+01 4.467076064484992060e+00 6.111257297137140387e-01 1.144775336257462639e+00 4.433488113478256665e-01 
5.691885412641817510e+01 8.995119424542615889e+03 1.180672177489057200e+16 1.903378760572873508e+34 3.180923047006148363e-02 1.459106375020390174e-07 4.490280193093221169e+04 8.786236566116719041e+05 1.503967075076142009e+03 1.166865085294495688e-02 5.156649119959151051e+01 4.434225863058335548e+00 6.131772523568032041e-01 1.144629745678439781e+00 4.431277763503485012e-01 
5.621764199300719866e+01 8.953796820157509501e+03 1.159125700038153800e+16 1.868643371421559565e+34 3.159257368121125287e-02 1.446082604511156497e-07 4.463215268584792648e+04 8.655326029043387389e+05 1.495003508935695663e+03 1.156212539847295724e-02 5.188241644992390889e+01 4.401014902224262393e+00 6.152682732257992448e-01 1.144481980244682617e+00 4.428959422201648177e-01 
5.552468209310629987e+01 8.912664047341353580e+03 1.137972431387627200e+16 1.834541879886685269e+34 3.137532414628572269e-02 1.433184729348384785e-07 4.436330914560391102e+04 8.526456902115680277e+05 1.486118218245437220e+03 1.145663041842702803e-02 5.220012954096932134e+01 4.367455240209570988e+00 6.173986728588117812e-01 1.144331922640320798e+00 4.426529368915628204e-01 
5.483988002349087765e+01 8.871720234028462073e+03 1.117205195739890000e+16 1.801062717760769082e+34 3.115744777116637165e-02 1.420412220231267581e-07 4.409626962154267676e+04 8.399602747152809752e+05 1.477314862793331258e+03 1.135215804559388392e-02 5.251963426144016722e+01 4.333539045618066687e+00 6.195697772441037809e-01 1.144179811013505521e+00 4.423982622018248767e-01 
5.416313597062035257e+01 8.830964512159360311e+03 1.096816948250879800e+16 1.768194527948406901e+34 3.093894973471061557e-02 1.407764478654270052e-07 4.383103086194230127e+04 8.274736693785334937e+05 1.468595120845715201e+03 1.124869980548443178e-02 5.284093638652450409e+01 4.299269720452247867e+00 6.217821299051474737e-01 1.144025709350957154e+00 4.421314425893019817e-01 
5.349435807145926702e+01 8.790396017662311351e+03 1.076800772640208400e+16 1.735926160613561427e+34 3.071979923221105843e-02 1.395241059551019730e-07 4.356759097465093510e+04 8.151833310908167623e+05 1.459963473763531738e+03 1.114624709926842136e-02 5.316404333521423098e+01 4.264640672310354041e+00 6.240370330322028147e-01 1.143869861076118211e+00 4.418520122423156837e-01 
5.283344916367968835e+01 8.750013890435060603e+03 1.057149878844993600e+16 1.704246669397269419e+34 3.050000359807217981e-02 1.382841366049323091e-07 4.330594888481208181e+04 8.030866693195141852e+05 1.451422135972589558e+03 1.104479321206659238e-02 5.348895428817482411e+01 4.229655973262117286e+00 6.263350493598331958e-01 1.143712400404947704e+00 4.415593464660200751e-01 
5.218031955975243363e+01 8.709817274326551342e+03 1.037857600716449600e+16 1.673145307704281222e+34 3.027954045955793400e-02 1.370565050357996742e-07 4.304610181543435465e+04 7.911812330550529296e+05 1.442976730502093915e+03 1.094432817929946906e-02 5.381568306231489629e+01 4.194311781620572610e+00 6.286773385986554885e-01 1.143553551993738315e+00 4.412530590579242795e-01 
5.153488201992065854e+01 8.669805317118783933e+03 1.018917393758543000e+16 1.642611525057515815e+34 3.005838261391093752e-02 1.358411643403578407e-07 4.278805267600895604e+04 7.794646298074238002e+05 1.434633540481351474e+03 1.084484738427890851e-02 5.414422126063760743e+01 4.158602521268327301e+00 6.310652799991036677e-01 1.143393734065963452e+00 4.409323557851689834e-01 
5.089703635817085114e+01 8.629977170508787822e+03 1.000322832907930000e+16 1.612634963519065497e+34 2.983657018391280141e-02 1.346380733343078018e-07 4.253179367503976391e+04 7.679343289070047904e+05 1.426394343240629496e+03 1.074633764357175829e-02 5.447459615634687680e+01 4.122542491747371862e+00 6.334986780040517962e-01 1.143232763133195329e+00 4.405970493086937001e-01 
5.026670526229202807e+01 8.590331990090568070e+03 9.820676103543574000e+15 1.583205454176432633e+34 2.961404662843067359e-02 1.334472045972868074e-07 4.227732971280970378e+04 7.565881332290952560e+05 1.418270967750930140e+03 1.064879436929017965e-02 5.480680086159055975e+01 4.086118148745441658e+00 6.359796040157316144e-01 1.143071292945529116e+00 4.402463324513942178e-01 
4.964380330499588467e+01 8.550868935337273797e+03 9.641455334009066000e+15 1.554313013692997047e+34 2.939080131772236690e-02 1.322685311476861475e-07 4.202466007972213993e+04 7.454237668775912607e+05 1.410273279622674863e+03 1.055220869773255098e-02 5.514084643713010792e+01 4.049329415998228932e+00 6.385091025381788299e-01 1.142909629491932311e+00 4.398796926887814651e-01 
4.902824892379636168e+01 8.511587169583317518e+03 9.465505223632228000e+15 1.525947840921334234e+34 2.916681463895008999e-02 1.311020337364075779e-07 4.177378508836877154e+04 7.344390369737222791e+05 1.402414846894168477e+03 1.045657195469009565e-02 5.547674419057851480e+01 4.012173837696187739e+00 6.410884555139404473e-01 1.142748179912994599e+00 4.394965969537841799e-01 
4.841994667064205515e+01 8.472485860006661824e+03 9.292766085071232000e+15 1.498100313578402336e+34 2.894212918811827490e-02 1.299476645126336492e-07 4.152470389286604768e+04 7.236315911633064970e+05 1.394703595493720968e+03 1.036187690962932402e-02 5.581449750140370014e+01 3.974666364743094871e+00 6.437175576383087350e-01 1.142586980370875027e+00 4.390963592361850631e-01 
4.781883043240475928e+01 8.433564177611189734e+03 9.123179320238436000e+15 1.470760984981409003e+34 2.871667722993699254e-02 1.288054361342060055e-07 4.127741928724234458e+04 7.129994993579082657e+05 1.387167965833770268e+03 1.026811426413211728e-02 5.615412354559062180e+01 3.936791461046719398e+00 6.463988495936628942e-01 1.142426835176912681e+00 4.386784987575373385e-01 
4.722481449340939719e+01 8.394821297209071417e+03 8.956687400421953000e+15 1.443920580843179593e+34 2.849047540297390893e-02 1.276753239964102156e-07 4.103193161709020205e+04 7.025405986525868066e+05 1.379830900303155204e+03 1.017527587917370878e-02 5.649563234209726659e+01 3.898557234365414903e+00 6.491328689061242052e-01 1.142268012224884943e+00 4.382423910335767059e-01 
4.663782804949015315e+01 8.356256397403332812e+03 8.793233846770552000e+15 1.417569996126100485e+34 2.826349176682618064e-02 1.265573281921790553e-07 4.078824515773785242e+04 6.922529484901028918e+05 1.372735333777958886e+03 1.008335459415698500e-02 5.683903163697836192e+01 3.859958311301360467e+00 6.519213565806112332e-01 1.142111234660685204e+00 4.377873497212317888e-01 
4.605778611538868716e+01 8.317868660570378779e+03 8.632763211134121000e+15 1.391700291953382185e+34 2.803575161619844408e-02 1.254514392123536551e-07 4.054635727536427294e+04 6.821344548360275803e+05 1.365928316125938863e+03 9.992338903694150676e-03 5.718434936261247969e+01 3.821005865712675309e+00 6.547646303839012027e-01 1.141956672969892006e+00 4.373129941407611354e-01 
4.548462829730194557e+01 8.279657272842696329e+03 8.475221057254237000e+15 1.366302692576763243e+34 2.780720114154049474e-02 1.243576696188798828e-07 4.030627739843291056e+04 6.721833644471416483e+05 1.359506587765030872e+03 9.902224497662684768e-03 5.753158206030671096e+01 3.781688542576831846e+00 6.576651075173899352e-01 1.141805440516765024e+00 4.368184015808507237e-01 
4.491827198829668077e+01 8.241621424091608787e+03 8.320553942297849000e+15 1.341368582399529039e+34 2.757786849366875015e-02 1.232760186999692447e-07 4.006800324846446892e+04 6.623976696639128495e+05 1.353597709127334838e+03 9.812999475880448963e-03 5.788076192784063068e+01 3.742018709749900474e+00 6.606230892561093526e-01 1.141657757091732561e+00 4.363032028190174105e-01 
4.435865685384100487e+01 8.203760307910057236e+03 8.168709398727755000e+15 1.316889503053824870e+34 2.734771567835931477e-02 1.222065137339302895e-07 3.983154120520188008e+04 6.527756732609489700e+05 1.346757761612135937e+03 9.724656114898229745e-03 5.823190444584677294e+01 3.701990154455973236e+00 6.636406514170486437e-01 1.141514645434465347e+00 4.357667261979102369e-01 
4.380570761054173801e+01 8.166073121595555676e+03 8.019635916504311000e+15 1.292857150531367752e+34 2.711675872506887422e-02 1.211491606966410760e-07 3.959689369206107222e+04 6.433155111731643556e+05 1.336041666264008654e+03 9.637185484596917651e-03 5.858503020067279010e+01 3.661611961885849365e+00 6.667185179125344474e-01 1.141376633437928723e+00 4.352083525787948659e-01 
4.325936950671948011e+01 8.128559066133118904e+03 7.873282925611537000e+15 1.269263372366454275e+34 2.688495766842538548e-02 1.201040067516597075e-07 3.936406664537649340e+04 6.340156089457996422e+05 1.326024693169953480e+03 9.550577959687629043e-03 5.894016771966802537e+01 3.620878008970182194e+00 6.698589074254140963e-01 1.141244879313031202e+00 4.346275572688761413e-01 
4.271956639371967412e+01 8.091217346178379557e+03 7.729600778902527000e+15 1.246100164870444564e+34 2.665234120209790045e-02 1.190710683266933846e-07 3.913306021754440007e+04 6.248741470758428331e+05 1.316557916146861544e+03 9.464822159001408733e-03 5.929735360468529848e+01 3.579801518154601681e+00 6.730622385444881006e-01 1.141119815147153993e+00 4.340239034180171651e-01 
4.218624842260850727e+01 8.054047170040672427e+03 7.588540735257507000e+15 1.223359670416648506e+34 2.641887065864129136e-02 1.180504005692740588e-07 3.890388306322106655e+04 6.158896584342372371e+05 1.307543521483734139e+03 9.379909823498892851e-03 5.965661320719505767e+01 3.538377046251162117e+00 6.763308479487645242e-01 1.141002820633635340e+00 4.333967466620244902e-01 
4.165934811304695273e+01 8.017047749666274285e+03 7.450054943049538000e+15 1.201034174774806744e+34 2.618456179252156776e-02 1.170420356310895385e-07 3.867653863342429395e+04 6.070604814317584969e+05 1.298909136435484243e+03 9.295830747314366357e-03 6.001798156814450635e+01 3.496614552997994618e+00 6.796656123135422778e-01 1.140894660636311508e+00 4.327455530271138162e-01 
4.113881869621195619e+01 7.980218300621718299e+03 7.314096423911946000e+15 1.179116104494215958e+34 2.594938238007467313e-02 1.160460482456392580e-07 3.845103354572437092e+04 5.983852356563906651e+05 1.290607998717488954e+03 9.212573645956928514e-03 6.038150505260334455e+01 3.454511161076553982e+00 6.830687853176390378e-01 1.140796763102610800e+00 4.320699297577026976e-01 
4.062459295869003739e+01 7.943558042077109349e+03 7.180619056801713000e+15 1.157598024334563892e+34 2.571335788292907279e-02 1.150624788531909447e-07 3.822737064296968310e+04 5.898623123323348118e+05 1.282603025523722181e+03 9.130127257614544314e-03 6.074722933427708682e+01 3.412080029210633914e+00 6.865410444960186043e-01 1.140709895612612934e+00 4.313694223777369552e-01 
4.011663337419071240e+01 7.907066196789630339e+03 7.049577562354114000e+15 1.136472634743717795e+34 2.547644860374125367e-02 1.140914222733648302e-07 3.800555893980004475e+04 5.814904862942388281e+05 1.274875074368324704e+03 9.048480454529449907e-03 6.111520650553631384e+01 3.369316725762555809e+00 6.900850232336553924e-01 1.140635850232927240e+00 4.306436443899304689e-01 
3.961487428282788414e+01 7.870741991087012138e+03 6.920927487522460000e+15 1.115732769381475924e+34 2.523868631348183053e-02 1.131329292190146673e-07 3.778560115653963294e+04 5.732682159670187393e+05 1.267406412554340477e+03 8.967621118932225452e-03 6.148549297585346096e+01 3.326236658998910745e+00 6.937013002260616901e-01 1.140575458960298993e+00 4.298922125871292299e-01 
3.911928038127412322e+01 7.834584654851149935e+03 6.794625190498428000e+15 1.095371392688550694e+34 2.500003988772160624e-02 1.121871077967326650e-07 3.756750576438004646e+04 5.651943467680381145e+05 1.260193983948750883e+03 8.887536716908329276e-03 6.185815567086100231e+01 3.282838392916144876e+00 6.973923962295853762e-01 1.140530609419664110e+00 4.291148698977455545e-01 
3.862979991350645292e+01 7.798593421501802368e+03 6.670627825907583000e+15 1.075381597499918554e+34 2.476052141797176545e-02 1.112540410445716823e-07 3.735127766922584851e+04 5.572675473153754137e+05 1.253236077059214495e+03 8.808214189118259221e-03 6.223326569380936490e+01 3.239132542902893874e+00 7.011595963400226728e-01 1.140502638505517696e+00 4.283113602726447700e-01 
3.814640175577401493e+01 7.762767527980284285e+03 6.548893330274808000e+15 1.055756602701680197e+34 2.452010672724340076e-02 1.103338570843683309e-07 3.713692394731185050e+04 5.494867498853134457e+05 1.246543766563169811e+03 8.729638484928267314e-03 6.261091382443150621e+01 3.195120355650771682e+00 7.050053715188243642e-01 1.140493582557965402e+00 4.274816788415726210e-01 
3.766902657383555209e+01 7.727106214733349589e+03 6.429380407755373000e+15 1.036489750930745465e+34 2.427883314031311496e-02 1.094266232915587593e-07 3.692445107533003466e+04 5.418505782727341866e+05 1.240124225508110158e+03 8.651798976342186392e-03 6.299116304695527901e+01 3.150819502785357606e+00 7.089303896067986610e-01 1.140504661234115868e+00 4.266253307164921127e-01 
3.719765150592360925e+01 7.691608725697026784e+03 6.312048516125988000e+15 1.017574506316430867e+34 2.403667306658037461e-02 1.085324997303230359e-07 3.671386412100043526e+04 5.343581008282133844e+05 1.234005078958806735e+03 8.574676765100448100e-03 6.337413888452586264e+01 3.106231191564533312e+00 7.129373431658990734e-01 1.140538167590750662e+00 4.257427075745816580e-01 
3.673224066140627286e+01 7.656274308280651894e+03 6.196857853031919000e+15 9.990044522633372236e+33 2.379363084860160876e-02 1.076516132638653504e-07 3.650517014982117689e+04 5.270082514918446541e+05 1.228219508316208476e+03 8.498257051095506678e-03 6.375994470576763717e+01 3.061365115844469909e+00 7.170280797085395452e-01 1.140596120844916683e+00 4.248337986594333815e-01 
3.627275858109315010e+01 7.621102213350856800e+03 6.083769342484707000e+15 9.807732892746269506e+33 2.354971642310793589e-02 1.067840969541612699e-07 3.629837542675482837e+04 5.197999854462270741e+05 1.222814780994450530e+03 8.422524053012745912e-03 6.414869578533395611e+01 3.016232794357300850e+00 7.212043350645632733e-01 1.140680573575562073e+00 4.238987010741138706e-01 
3.581918117544532265e+01 7.586091695215711297e+03 5.972744621606541000e+15 9.628748328150656013e+33 2.330492542001568607e-02 1.059301175162452704e-07 3.609348514047006029e+04 5.127324081413187669e+05 1.217866250098217733e+03 8.347458674359145223e-03 6.454053772869843897e+01 2.970842493552432906e+00 7.254683771605187070e-01 1.140793949776432115e+00 4.229378808417661451e-01 
3.537147585967091601e+01 7.551242011608936082e+03 5.863746027616540000e+15 9.453030112130616739e+33 2.305927390160117038e-02 1.050898227991007949e-07 3.589050521101306367e+04 5.058045444703912362e+05 1.213481376385729845e+03 8.273043923880639416e-03 6.493560787989706284e+01 2.925207963810428247e+00 7.298219106639974862e-01 1.140938490806556738e+00 4.219516001465403177e-01 
3.492962499978860791e+01 7.516552423674113925e+03 5.756736585054295000e+15 9.280518636009541265e+33 2.281276090728959899e-02 1.042633985562247119e-07 3.568944117297070625e+04 4.990155975234601647e+05 1.209843841543985945e+03 8.199259678151611663e-03 6.533407490223649461e+01 2.879338969086897571e+00 7.342673235691765665e-01 1.141116964485633822e+00 4.209405047248263587e-01 
3.449360560768609218e+01 7.482022195949080924e+03 5.651679993236891000e+15 9.111155378929425503e+33 2.256539878773888841e-02 1.034510283776060174e-07 3.549029673195567739e+04 4.923647334985778434e+05 1.207269115065570304e+03 8.126084871703492807e-03 6.573612196174994438e+01 2.833249122136554554e+00 7.388066103036028398e-01 1.141331981473976853e+00 4.199053389666784208e-01 
3.406340928652141287e+01 7.447650596350286833e+03 5.548540613944540000e+15 8.944882887998681713e+33 2.231718662987507845e-02 1.026529231487078684e-07 3.529307795041158533e+04 4.858512805988205946e+05 1.206398277614209292e+03 8.053498087794765462e-03 6.614194662507934197e+01 2.786948821807857524e+00 7.434424425379242418e-01 1.141586788842228417e+00 4.188469864713137980e-01 
3.363900824179747673e+01 7.413436896157292722e+03 5.447283459331120000e+15 8.781644758802557335e+33 2.206815579345067571e-02 1.018692638228157442e-07 3.509778762344464485e+04 4.794743785737050348e+05 1.208735304071951305e+03 7.981478209224868517e-03 6.655175088417163920e+01 2.740457102375373211e+00 7.481763547272175519e-01 1.141883969660579368e+00 4.177662569570710360e-01 
3.322040652440635000e+01 7.379380369997345952e+03 5.347874180055362000e+15 8.621385616269245083e+33 2.181829958637954495e-02 1.011002985753747715e-07 3.490443064469571254e+04 4.732335124603299191e+05 1.197281439768978998e+03 7.910000507428750424e-03 6.696577925652161412e+01 2.693783623426272200e+00 7.530114987982594599e-01 1.142227333399827183e+00 4.166644995322010270e-01 
3.280758517496211368e+01 7.345480295829946044e+03 5.250279053628411000e+15 8.464051095884815211e+33 2.156765234086870445e-02 1.003462455253359412e-07 3.471300577257372788e+04 4.671279397684742580e+05 1.180151447621975194e+03 7.839038698705039568e-03 6.738429612896905496e+01 2.646948982512108639e+00 7.579494935831289082e-01 1.142619811242653993e+00 4.155431694269884901e-01 
3.240055149654028810e+01 7.311735954931599736e+03 5.154464972974364000e+15 8.309587825251488950e+33 2.131621709288275546e-02 9.960736854115803219e-08 3.452351666805997957e+04 4.611571964837706182e+05 1.168390983860543884e+03 7.768566564272201200e-03 6.780758368594410967e+01 2.599965904463307442e+00 7.629934421957386137e-01 1.143065507758992183e+00 4.144039004458338060e-01 
3.199929173077399014e+01 7.278146631880529640e+03 5.060399435199240000e+15 8.157943405981944762e+33 2.106402948014725676e-02 9.888389443155140156e-08 3.433596479831480974e+04 4.553206140690188622e+05 1.159542959166756418e+03 7.698559622884663771e-03 6.823592098248616367e+01 2.552855508282787955e+00 7.681452581207270924e-01 1.143567842583735672e+00 4.132481173273920283e-01 
3.160382675502285466e+01 7.244711614541526615e+03 4.968050530565133000e+15 8.009066395924377010e+33 2.081109234127910892e-02 9.817613649571845752e-08 3.415034849999340076e+04 4.496178793700859533e+05 1.152534014972623027e+03 7.628984933937785727e-03 6.866967366069879120e+01 2.505631384721717314e+00 7.734083616753002488e-01 1.144131477108755179e+00 4.120783352665590149e-01 
3.121414552176401713e+01 7.211430194050876707e+03 4.877386931665568000e+15 7.862906291711936020e+33 2.055744989152588631e-02 9.748434181432697439e-08 3.396666563182122627e+04 4.440483651122786105e+05 1.146852978137488435e+03 7.559814848930330317e-03 6.910917791808907396e+01 2.458317349202556290e+00 7.787845926670438068e-01 1.144760060090581621e+00 4.108964655625564899e-01 
3.083027100364288131e+01 7.178301664801280822e+03 4.788377882798205000e+15 7.719413511630309907e+33 2.030311663320435306e-02 9.680883171494511994e-08 3.378491410531323345e+04 4.386117822610051371e+05 1.142277492260429881e+03 7.491016488276455373e-03 6.955483539091773082e+01 2.410930198986410034e+00 7.842773234467831367e-01 1.145458612403070564e+00 4.097052140646349483e-01 
3.045221578456459355e+01 7.145325324426951738e+03 4.700993189531776000e+15 7.578539378798431819e+33 2.004812362102950662e-02 9.614991487843997910e-08 3.360508951652132237e+04 4.333077495103136753e+05 1.138751732672093794e+03 7.422556984827188842e-03 7.000706613752129215e+01 2.363491012699568738e+00 7.898893661158321589e-01 1.146231866916583630e+00 4.085073299474767938e-01 
3.007999660199950753e+01 7.112500473788671115e+03 4.615203208463122000e+15 7.440236104655649852e+33 1.979250609777064365e-02 9.550791103019634612e-08 3.342718579946125828e+04 4.281359111443156726e+05 1.136361881951654823e+03 7.354402157939132594e-03 7.046632287244251813e+01 2.316022052317359581e+00 7.956235941303970716e-01 1.147084822029369677e+00 4.073058433764340514e-01 
2.971363747190418891e+01 7.079826416958993832e+03 4.530978837161373000e+15 7.304456772750593465e+33 1.953629651623848759e-02 9.488316213375122263e-08 3.325119595813463820e+04 4.230959963562638150e+05 1.135377256780599282e+03 7.286516219895102821e-03 7.093309662454257136e+01 2.268545034327754450e+00 8.014832242318343791e-01 1.148022901504183624e+00 4.061041000361355624e-01 
2.935316494749616467e+01 7.047302461207507804e+03 4.448291504295599500e+15 7.171155322825818452e+33 1.927953383675575644e-02 9.427601885145545422e-08 3.307711054092780978e+04 4.181877383694109158e+05 1.136406167844128731e+03 7.218861907377631393e-03 7.140791627569021216e+01 2.221083379718107764e+00 8.074714503962353573e-01 1.149051739532606309e+00 4.049057631407265156e-01 
2.899860717292263601e+01 7.014927916986104719e+03 4.367113159942486500e+15 7.040286535192666466e+33 1.902226033383972240e-02 9.368684164290344918e-08 3.290491858157334354e+04 4.134108917844864773e+05 1.140938264915566151e+03 7.151401117878520251e-03 7.189134568000652337e+01 2.173661332261019208e+00 8.135915397517545777e-01 1.150177187447907867e+00 4.037147313968208473e-01 
2.865000647480193052e+01 6.982702097914411752e+03 4.287416266071121500e+15 6.911806015391654770e+33 1.876451421462171573e-02 9.311602684439062780e-08 3.273460602865515466e+04 4.087653275823615841e+05 1.153891746494631889e+03 7.084092008015983009e-03 7.238401365334219406e+01 2.126302336667022175e+00 8.198472915801992000e-01 1.151405770804359241e+00 4.025355533090172466e-01 
2.830738723911214905e+01 6.950624320765184166e+03 4.209173787201162500e+15 6.785670179132371071e+33 1.850635418398018095e-02 9.256392329649203085e-08 3.256616150708278292e+04 4.042507382692196406e+05 1.130186157946716321e+03 7.016899204322267491e-03 7.288651956969381729e+01 2.079034172024651017e+00 8.262418085887781594e-01 1.152743638662216519e+00 4.013721623012638240e-01 
2.797081550163553132e+01 6.918693905449879821e+03 4.132359181231775000e+15 6.661836237508671001e+33 1.824781289343454724e-02 9.203099678514796316e-08 3.239956315740787977e+04 3.998671949285099399e+05 1.110190587635245492e+03 6.949772893929357515e-03 7.339963501676845681e+01 2.031879248179758957e+00 8.327798106101625963e-01 1.154198492933970810e+00 4.002304758062031342e-01 
2.764031168022627583e+01 6.886910175004187295e+03 4.056946390437656500e+15 6.540262182483239584e+33 1.798896487310212150e-02 9.151759292064147518e-08 3.223479533319248731e+04 3.956143183869476197e+05 1.100980014644023413e+03 6.882677766685209482e-03 7.392402760259517436e+01 1.984868686969559537e+00 8.394641958371076296e-01 1.155776681215276103e+00 3.991148056454114079e-01 
2.731595146853602429e+01 6.855272455573694060e+03 3.982909832629554000e+15 6.420906772637330403e+33 1.772984939200925730e-02 9.102419723122185777e-08 3.207183397063431039e+04 3.914922309336668695e+05 1.096606704674918319e+03 6.815564031166756326e-03 7.446054927485903363e+01 1.938025989627253809e+00 8.463001792729312189e-01 1.157486801606615545e+00 3.980315928861183905e-01 
2.699778419645128835e+01 6.823780076399626523e+03 3.910224392476114500e+15 6.303729519180598098e+33 1.747053296581450171e-02 9.055123243496569473e-08 3.191065478078825254e+04 3.875007762363007059e+05 1.095371562684965511e+03 6.748388180842060206e-03 7.501003166726454197e+01 1.891380332973932266e+00 8.532918670271071315e-01 1.159336672817168123e+00 3.969867119312829318e-01 
2.668587113199425431e+01 6.792432369804572772e+03 3.838865412983911000e+15 6.188690672215921357e+33 1.721107910119935511e-02 9.009914821293923816e-08 3.175123169118303849e+04 3.836398900606241659e+05 1.097083171509719023e+03 6.681105362667839886e-03 7.557336750294689409e+01 1.844959878696725397e+00 8.604439849942653318e-01 1.161334871301813454e+00 3.959865354020122297e-01 
2.638027977874738994e+01 6.761228671178389959e+03 3.768808687133221000e+15 6.075751207255321841e+33 1.695155495642891585e-02 8.966841277840431784e-08 3.159353352748179532e+04 3.799095226432471536e+05 1.102789841701219984e+03 6.613668109386142135e-03 7.615152580633977664e+01 1.798793371984210854e+00 8.677614986707686828e-01 1.163490399098918715e+00 3.950380915400206194e-01 
2.608108851833876329e+01 6.730168318964057107e+03 3.700030449666184000e+15 5.964872811981533783e+33 1.669202631041082074e-02 8.925951205240101483e-08 3.143752942112737946e+04 3.763096997195456061e+05 1.116712727896083379e+03 6.546030023568385516e-03 7.674552168195816648e+01 1.752908679746427723e+00 8.752500585312866788e-01 1.165813119693259070e+00 3.941487016820717226e-01 
2.578836162112689223e+01 6.699250654643678899e+03 3.632507369025008000e+15 5.856017873251469198e+33 1.643257538920845501e-02 8.887291152081206377e-08 3.128318102590002673e+04 3.728402680003821733e+05 1.118110636102341914e+03 6.478143888651229435e-03 7.735643249431144852e+01 1.707336913103979503e+00 8.829146323847842925e-01 1.168312378447763367e+00 3.933260756424106219e-01 
2.550220060942687184e+01 6.668475022724538576e+03 3.566216539437265500e+15 5.749149464336806773e+33 1.617326770224926033e-02 8.850913983918726814e-08 3.113045316229968375e+04 3.695013746388806030e+05 1.082961182077245212e+03 6.409962410241179520e-03 7.798540730077759520e+01 1.662104784914829825e+00 8.907621745472947827e-01 1.170999722417899847e+00 3.925786013092227300e-01 
2.522267751234729616e+01 6.637840770725153561e+03 3.501135473145489000e+15 5.644231332397214946e+33 1.591419314492910353e-02 8.816867607607273328e-08 3.097930189377676288e+04 3.662928505413689418e+05 1.074414103168494876e+03 6.341439242710697824e-03 7.863364483415742257e+01 1.617243764463296207e+00 8.987983103952715824e-01 1.173885475725483962e+00 3.919148177351198803e-01 
2.494989490008420319e+01 6.607347249161498439e+03 3.437242092778805500e+15 5.541227886182546350e+33 1.565543028543091644e-02 8.785205583201601837e-08 3.082968230304439930e+04 3.632147476005485514e+05 1.074657812652350913e+03 6.272526344311133047e-03 7.930244083528906174e+01 1.572782150251418987e+00 9.070302835942319897e-01 1.176981775576279698e+00 3.913441813911713307e-01 
2.468395991009169776e+01 6.576993811533181542e+03 3.374514723863534500e+15 5.440104183959071424e+33 1.539706244286113621e-02 8.755981912167546538e-08 3.068154659709872067e+04 3.602670961924585281e+05 1.081217184283981169e+03 6.203176841697203604e-03 7.999315735330560528e+01 1.528748449609410587e+00 9.154657691601549852e-01 1.180301370119980930e+00 3.908766157282634879e-01 
2.442496320584710645e+01 6.546779814309789799e+03 3.312932087470698000e+15 5.340825921656414634e+33 1.513918701787734036e-02 8.729247060664401348e-08 3.053484292924134570e+04 3.574497282589414972e+05 1.097712503008587873e+03 6.133347344599236230e-03 8.070719645256758668e+01 1.485173164798009093e+00 9.241119434354396756e-01 1.183856582031151738e+00 3.905221155616581119e-01 
2.417303259863520992e+01 6.516704616917198109e+03 3.252473292997492000e+15 5.243359421230467478e+33 1.488188898106501158e-02 8.705058347347724213e-08 3.038951736208891816e+04 3.547627271437176969e+05 1.111684349811208449e+03 6.062992021284527647e-03 8.144608500465547252e+01 1.442083353279852487e+00 9.329779833354332474e-01 1.187661968140003577e+00 3.902919203371850720e-01 
2.392828434438234098e+01 6.486767581724009688e+03 3.193117831080643000e+15 5.147671619238903101e+33 1.462526597108225468e-02 8.683470857733918803e-08 3.024550905544357374e+04 3.522059959274766152e+05 1.067629707581738785e+03 5.992066422497710314e-03 8.221142775531941993e+01 1.399507759806303708e+00 9.420727490145859306e-01 1.191731844552048170e+00 3.901977714269273534e-01 
2.369084245444632941e+01 6.456968074028060073e+03 3.134845566639080500e+15 5.053730055625167365e+33 1.436941606377389012e-02 8.664540071844765594e-08 3.010275730231075431e+04 3.497794474482413498e+05 1.063725729464760434e+03 5.920530077510880763e-03 8.300488780530882593e+01 1.357473968477300952e+00 9.514059749666082810e-01 1.196081511288091814e+00 3.902517825386755401e-01 
2.346085672499744135e+01 6.427305462042907493e+03 3.077636732043436000e+15 4.961502862706932472e+33 1.411443384018547936e-02 8.648326533753825139e-08 2.996119383512012428e+04 3.474831011063854676e+05 1.072576561650789472e+03 5.848339001793891566e-03 8.382828735158230415e+01 1.316007992150423744e+00 9.609888094430286687e-01 1.200727900944204007e+00 3.904676351076505347e-01 
2.323844478581742479e+01 6.397779116884496943e+03 3.021471920410408500e+15 4.870958754365841468e+33 1.386043055854182214e-02 8.634882874466845898e-08 2.982075087229373094e+04 3.453166517150990549e+05 1.098346476140806089e+03 5.775459562325088551e-03 8.468343294246703579e+01 1.275137602109291279e+00 9.708315728931274924e-01 1.205687007845530845e+00 3.908584103047436087e-01 
2.302378067070162970e+01 6.368388412557778793e+03 2.966332079019297000e+15 4.782067015434209774e+33 1.360750120313698047e-02 8.624272925014432378e-08 2.968135317761565602e+04 3.432801442227844382e+05 1.079217230827111507e+03 5.701851112750912741e-03 8.557235912389239729e+01 1.234886480713252022e+00 9.809475132698125543e-01 1.210978106392907927e+00 3.914396445329828556e-01 
2.281702222174908812e+01 6.339132725943457444e+03 2.912198502848810500e+15 4.694797491275618152e+33 1.335575295697003298e-02 8.616556006309918750e-08 2.954292200180843429e+04 3.413733850655947463e+05 1.059206329868338798e+03 5.627479260688614260e-03 8.649715597887794161e+01 1.195279287670238277e+00 9.913496948324678204e-01 1.216620263089929654e+00 3.922271553103176545e-01 
2.261832820252854148e+01 6.310011436784798207e+03 2.859052828231817500e+15 4.609120577555646049e+33 1.310529511084688493e-02 8.611791211613218987e-08 2.940537524644758741e+04 3.395961151772879530e+05 1.068777704924488262e+03 5.552313252544048734e-03 8.746001397510750053e+01 1.156339694343630820e+00 1.002051883905240359e+00 1.222633218177535452e+00 3.932375688865683561e-01 
2.242788881968241554e+01 6.281023927674433253e+03 2.806877026625780500e+15 4.525007210199096346e+33 1.285623233414708889e-02 8.610041973187437903e-08 2.926862695679248645e+04 3.379481812757730950e+05 1.105030192923617278e+03 5.476322986008913887e-03 8.846328014598118727e+01 1.118089184083841836e+00 1.013069914133203353e+00 1.229039046319192918e+00 3.944891868168491911e-01 
2.224589233884850614e+01 6.252169584041323105e+03 2.755653398497051500e+15 4.442428855530778459e+33 1.260867361566541354e-02 8.611371581908601947e-08 2.913258366157896671e+04 3.364293119478372973e+05 1.065856531715957317e+03 5.399480190633571333e-03 8.950944894593212098e+01 1.080548752947303237e+00 1.024420128184152734e+00 1.235860273837850132e+00 3.960016349476223052e-01 
2.207254356175447896e+01 6.223447794137682649e+03 2.705364567316597500e+15 4.361357500595933915e+33 1.236272613915334780e-02 8.615845483485895507e-08 2.899714807934116106e+04 3.350392467976197950e+05 1.062174876613448532e+03 5.321759353451994794e-03 9.060116711962193392e+01 1.043737645923023871e+00 1.036120428337269805e+00 1.243121072120739523e+00 3.977960889759551977e-01 
2.190805531078502710e+01 6.194857949026028109e+03 2.655993473665414500e+15 4.281765643657485492e+33 1.211849971563893312e-02 8.623528555989713510e-08 2.886221989705085798e+04 3.337776345907349605e+05 1.092170194933727089e+03 5.243140100106608199e-03 9.174120827368004427e+01 1.007674072096070628e+00 1.048189898913193252e+00 1.250846877655686695e+00 3.998950653604352867e-01 
2.175265939921803948e+01 6.166399442566289508e+03 2.607523369447520500e+15 4.203626284866718612e+33 1.187610076208128924e-02 8.634490452892505772e-08 2.872768874955452702e+04 3.326441544378362596e+05 1.071337301666978192e+03 5.163600348441529063e-03 9.293259499058376605e+01 9.723744229587573118e-01 1.060649219636286666e+00 1.259064748730224226e+00 4.023236551207524658e-01 
2.160658700141787136e+01 6.138071671402911306e+03 2.559937812208433500e+15 4.126912917104021541e+33 1.163563914504613106e-02 8.648796833510103352e-08 2.859344844367201222e+04 3.316383352773195948e+05 1.065550744650575098e+03 5.083129639935772374e-03 9.417840460628228527e+01 9.378538996462099098e-01 1.073520236717977694e+00 1.267802923038445551e+00 4.051076596610867497e-01 
2.147011778137376581e+01 6.109874034952114926e+03 2.513220659557514500e+15 4.051599516987057461e+33 1.139721658239376857e-02 8.666526636252026880e-08 2.845936803582005086e+04 3.307598784733404173e+05 1.113378499620811908e+03 5.001703630001130829e-03 9.548220344646249202e+01 9.041256119869610641e-01 1.086827337255600989e+00 1.277092428428258319e+00 4.082781654358800250e-01 
2.134350140799783091e+01 6.081805935389118531e+03 2.467356063691918500e+15 3.977660536042753425e+33 1.116094242798052437e-02 8.687747485537797198e-08 2.832533140731161620e+04 3.300081646594416234e+05 1.064411792949202209e+03 4.919320120577767852e-03 9.684747409155792752e+01 8.712017909521360126e-01 1.100595199261845014e+00 1.286964330408654211e+00 4.118655570267745203e-01 
2.122704778479796772e+01 6.053866777635485050e+03 2.422328466020609500e+15 3.905070892040589955e+33 1.092691620727902387e-02 8.712541642510290799e-08 2.819119867959032490e+04 3.293827906603038427e+05 1.086469153816042081e+03 4.835963728272816599e-03 9.827823433773946249e+01 8.390922930859179285e-01 1.114851756180435194e+00 1.297453350073173306e+00 4.159062898707703293e-01 
2.112106568231473958e+01 6.026055969346519305e+03 2.378122591886454500e+15 3.833805960484015551e+33 1.069523937984474121e-02 8.740988916246334876e-08 2.805683042774388014e+04 3.288831871345590334e+05 1.077397522817623440e+03 4.751629032644373585e-03 9.977867075644999773e+01 8.078056972114032730e-01 1.129626189419467908e+00 1.308595399436873086e+00 4.204390366584881966e-01 
2.102588497145544011e+01 5.998372920898669690e+03 2.334723445384555500e+15 3.763841566257007536e+33 1.046601015679745304e-02 8.773174076337161311e-08 2.792207680214058928e+04 3.285087635006138589e+05 1.082481414675673250e+03 4.666310997907383365e-03 1.013533356148442550e+02 7.773488605793270612e-01 1.144949653342208107e+00 1.320428443030570609e+00 4.255068808874366559e-01 
2.094187558702452989e+01 5.970817045377075374e+03 2.292116304275289000e+15 3.695153975423301043e+33 1.023932212768938026e-02 8.809191107807221826e-08 2.778677064048666580e+04 3.282589708701978670e+05 1.086270112879774842e+03 4.579999935911389583e-03 1.030072903481990352e+02 7.477269390270540050e-01 1.160855976756788976e+00 1.332993412012838386e+00 4.311591084667687479e-01 
2.086939758486216334e+01 5.943387758563075295e+03 2.250286714990017500e+15 3.627719887175032596e+33 1.001527059117937601e-02 8.849129544118121950e-08 2.765074971696715511e+04 3.281330381373322452e+05 1.090274139169798900e+03 4.492700370946441611e-03 1.047457780079657965e+02 7.189437260670845653e-01 1.177380061420301827e+00 1.346332182698411595e+00 4.374478971657986270e-01 
2.080888016179223854e+01 5.916084478921869959e+03 2.209220487728101250e+15 3.561516425928555840e+33 9.793940817682094888e-03 8.893095733019647841e-08 2.751382777560466639e+04 3.281304072171878070e+05 1.081025362903707673e+03 4.404406051485417091e-03 1.065747720526287026e+02 6.910007941500557749e-01 1.194560831710248516e+00 1.360491225043623409e+00 4.444345442316759986e-01 
2.076076522566074445e+01 5.888906627590148673e+03 2.168903691643240250e+15 3.496521133564276203e+33 9.575418090383723546e-03 8.941200756846933350e-08 2.737580363025267070e+04 3.282503658000187133e+05 1.117708006714251269e+03 4.315111870853093577e-03 1.085008054861262963e+02 6.638987273294263414e-01 1.212438642851509041e+00 1.375518507382440747e+00 4.521877172936568101e-01 
2.072551419667089689e+01 5.861853628363836833e+03 2.129322650117762250e+15 3.432711961808260883e+33 9.359784583394134549e-03 8.993559040316255029e-08 2.723647310733279664e+04 3.284921192643595277e+05 1.084630307422061605e+03 4.224820803414320106e-03 1.105308861178646822e+02 6.376364066176011258e-01 1.231056186373973294e+00 1.391464514919428686e+00 4.607832078364508255e-01 
2.070366713678801673e+01 5.834924907685896869e+03 2.090463936123145250e+15 3.370067264752870994e+33 9.147113264547221054e-03 9.050308033321365471e-08 2.709559485708533248e+04 3.288550735343563138e+05 1.106474270012171928e+03 4.133519432499010993e-03 1.126731390728398594e+02 6.122110701350066408e-01 1.250460170691117812e+00 1.408384465052694878e+00 4.703111470732961319e-01 
2.069574939834050298e+01 5.808119894634126467e+03 2.052314367665122500e+15 3.308565791513746860e+33 8.937479787204764825e-03 9.111580756038951501e-08 2.695293226196065007e+04 3.293383035496607772e+05 1.128682092731535249e+03 4.041211736296483267e-03 1.149361264990255620e+02 5.876189673787639567e-01 1.270698039788942690e+00 1.426334229914951068e+00 4.808694664211504710e-01 
2.070239741806031475e+01 5.781438020909100487e+03 2.014861003312035000e+15 3.248186679021003741e+33 8.730947841279023194e-03 9.177541189304206458e-08 2.680820465075963148e+04 3.299412140353224822e+05 1.102014945241410032e+03 3.947881633183790429e-03 1.173298747156577946e+02 5.638545756293719124e-01 1.291822693747344930e+00 1.445376276493328671e+00 4.925758333465527494e-01 
2.072423520642045602e+01 5.754878720822083778e+03 1.978091137804673500e+15 3.188909444941790870e+33 8.527582603832255595e-03 9.248355327035803011e-08 2.666112357859681651e+04 3.306628850898615783e+05 1.098181234996797912e+03 3.853524382647408215e-03 1.198652460797611781e+02 5.409115978202545527e-01 1.313887178857742200e+00 1.465573102039549491e+00 5.055614855880351532e-01 
2.076199464072497136e+01 5.728441431283053134e+03 1.941992297746309000e+15 3.130713980732128718e+33 8.327440153139777090e-03 9.324222267744291565e-08 2.651135078878073909e+04 3.315026231504831812e+05 1.108614602413964576e+03 3.758116386133977371e-03 1.225549223414106166e+02 5.187825191255601709e-01 1.336949309169502165e+00 1.486993164187536243e+00 5.199835371376809734e-01 
2.081646312947875899e+01 5.702125591788777456e+03 1.906552237371382250e+15 3.073580544815552069e+33 8.130572749260213741e-03 9.405357000610204346e-08 2.635853117802728957e+04 3.324596826618142659e+05 1.128434903162425826e+03 3.661639689958797947e-03 1.254129892716088364e+02 4.974586286769124288e-01 1.361070186458394726e+00 1.509708979739905477e+00 5.360225116156829284e-01 
2.088849060110126743e+01 5.675930644410894274e+03 1.871758934391334250e+15 3.017489755886112972e+33 7.937028234157763110e-03 9.492005018401947117e-08 2.620225821788085523e+04 3.335332819567068364e+05 1.144859673973789768e+03 3.564063902766831469e-03 1.284557173626336350e+02 4.769306640819112042e-01 1.386312627251646612e+00 1.533795440163588930e+00 5.538921442817098528e-01 
2.097901964004157094e+01 5.649856033784124520e+03 1.837600585916357750e+15 2.962422586333775532e+33 7.746849166532563009e-03 9.584445526673222748e-08 2.604207870219920005e+04 3.347226768642754178e+05 1.144649125197875264e+03 3.465350938786255618e-03 1.317018133199469787e+02 4.571885988416169999e-01 1.412742792355430321e+00 1.559331928296769032e+00 5.738457352473863571e-01 
2.108913804351493582e+01 5.623901207094458186e+03 1.804065604451464000e+15 2.908360355789619998e+33 7.560069877119788249e-03 9.683003847232585357e-08 2.587748161949783025e+04 3.360273358788729529e+05 1.133656738497431434e+03 3.365450418497244536e-03 1.351730446867660760e+02 4.382215063675147237e-01 1.440432527202540003e+00 1.586405214755835624e+00 5.961875450543402399e-01 
2.121992379090038128e+01 5.598065614067470960e+03 1.771142613965721000e+15 2.855284724789001097e+33 7.376729238920192930e-03 9.788035045148367452e-08 2.570789791143835828e+04 3.374462279125883942e+05 1.128532586617558763e+03 3.264310477395256007e-03 1.388944115322754271e+02 4.200190378707538419e-01 1.469448823418257888e+00 1.615097301912478800e+00 6.212773770996210532e-01 
2.137271954108620164e+01 5.572348706956625392e+03 1.738820446033131250e+15 2.803177688550204895e+33 7.196850809501645699e-03 9.899976733922732666e-08 2.553265913009068754e+04 3.389789396194372093e+05 1.140872978882863663e+03 3.161849852696025330e-03 1.428959388983954568e+02 4.025697744102119668e-01 1.499868269066095383e+00 1.645502619133953459e+00 6.495609437191585123e-01 
2.154896135479241082e+01 5.546749940531673019e+03 1.707088136044003750e+15 2.752021570866742785e+33 7.020458682375125409e-03 1.001932697227967710e-07 2.535100759134496911e+04 3.406248046484452789e+05 1.191380761847895883e+03 3.057978312472763634e-03 1.472129254857090075e+02 3.858628191068168567e-01 1.531765590179980263e+00 1.677714795510188317e+00 6.815802701001463237e-01 
2.175029644690789610e+01 5.521268772067108330e+03 1.675934919485456750e+15 2.701799018111098399e+33 6.847570400271735767e-03 1.014668285318029682e-07 2.516205147176124956e+04 3.423833431090118829e+05 1.148032583401080501e+03 2.952577648880629849e-03 1.518880069490000437e+02 3.698876116222243882e-01 1.565217131864907518e+00 1.711831249895639395e+00 7.180113511449988106e-01 
2.197861341840047444e+01 5.495904661330628187e+03 1.645350228289743750e+15 2.652492993347810680e+33 6.678197789301361549e-03 1.028275652395586751e-07 2.496474962091893030e+04 3.442542122783977538e+05 1.188669564876503273e+03 2.845505086792944702e-03 1.569728228397802638e+02 3.546341280273654362e-01 1.600300218282292075e+00 1.747952617467191327e+00 7.597031676384610188e-01 
2.223595415290927235e+01 5.470657070571717668e+03 1.615323687249308000e+15 2.604086770554130288e+33 6.512355721349769901e-03 1.042838769654339352e-07 2.475787864566951976e+04 3.462366953485129634e+05 1.161199608248059349e+03 2.736594159368391059e-03 1.625302909996507310e+02 3.400941445275268982e-01 1.637082216743201979e+00 1.786170765634574442e+00 8.077288721855226949e-01 
2.252480321259966090e+01 5.445525464510216807e+03 1.585845110497176250e+15 2.556563928946011823e+33 6.350048034892908505e-03 1.058462366903266799e-07 2.453995297485406627e+04 3.483306123413782334e+05 1.177245098634328542e+03 2.625627012404316892e-03 1.686393215112354369e+02 3.262606622228906850e-01 1.675631738262095327e+00 1.826582276848625952e+00 8.634861904910897668e-01 
2.284805756209421901e+01 5.420509310324980106e+03 1.556904498051628250e+15 2.509908347407725153e+33 6.191275244748571660e-03 1.075276702775909369e-07 2.430915079416403751e+04 3.505359136359566473e+05 1.203811757735555375e+03 2.512328362787822657e-03 1.754000411886223958e+02 3.131294631131112394e-01 1.716006546703407132e+00 1.869275418472954531e+00 9.288198321873410990e-01 
2.320900288423709412e+01 5.395608077642605167e+03 1.528492032423944750e+15 2.464104199023157300e+33 6.036039624770383853e-03 1.093442677568382638e-07 2.406325426448547660e+04 3.528522379091684124e+05 1.203612646329038398e+03 2.396372539770027198e-03 1.829402549243395413e+02 3.007000755681406567e-01 1.758240923347908380e+00 1.914315977220164333e+00 1.006192748920546221e+00 
2.361171126916276464e+01 5.370821238526142224e+03 1.500598075287978500e+15 2.419135945706778912e+33 5.884335416225954830e-03 1.113169562354850617e-07 2.379943801077474927e+04 3.552798037921744399e+05 1.193204324880265176e+03 2.277330474485646239e-03 1.914290612967948846e+02 2.889771145632987759e-01 1.802348316447833998e+00 1.961752264994612860e+00 1.099012400631459885e+00 
2.406093956878289930e+01 5.346148267463951925e+03 1.473213164210616750e+15 2.374988332932774515e+33 5.736160427074745057e-03 1.134727795064661508e-07 2.351410993903184135e+04 3.578184523508222774e+05 1.221916885416065270e+03 2.154672232616387361e-03 2.010927906485422625e+02 2.779729253309713433e-01 1.848287833035905825e+00 2.011577483493713459e+00 1.212076911664407008e+00 
2.456277017936313811e+01 5.321588641358519453e+03 1.446328009441799250e+15 2.331646384560186902e+33 5.591504956517858588e-03 1.158486901241182204e-07 2.320245913540872061e+04 3.604687659079012228e+05 1.211241652061323066e+03 2.027674298898423082e-03 2.122479965780122768e+02 2.677114308180762459e-01 1.895952738521206715e+00 2.063719914171901593e+00 1.352450432798815605e+00 
2.512474047739400262e+01 5.297141839515384163e+03 1.419933490763192000e+15 2.289095397752614073e+33 5.450361909619208869e-03 1.184955908929863105e-07 2.285800794797211711e+04 3.632311334566490259e+05 1.224889881570986290e+03 1.895397144265867102e-03 2.253477627793783142e+02 2.582338322390401175e-01 1.945109509095103384e+00 2.117974938788676376e+00 1.530872431645153187e+00 
2.575654463506756287e+01 5.272807343632116499e+03 1.394020654394362500e+15 2.247320937990613440e+33 5.312727245304540297e-03 1.214869913627984802e-07 2.247162092074419343e+04 3.661058533113759477e+05 1.233270706513835648e+03 1.756550734352874251e-03 2.410726717357582629e+02 2.496098205382339397e-01 1.995309670953746561e+00 2.173909482144542160e+00 1.764561791789237777e+00 
2.647137600497465826e+01 5.248584637787288557e+03 1.368580709955357000e+15 2.206308834175025722e+33 5.178595211456039557e-03 1.249354016918571719e-07 2.202970677215971591e+04 3.690937825876548886e+05 1.268113304287067422e+03 1.609266262944023147e-03 2.605086631183863801e+02 2.419580635318449302e-01 2.045733411913501332e+00 2.230692088946770291e+00 2.083070254279477673e+00 
2.728759798146193205e+01 5.224473208429583792e+03 1.343605027484800750e+15 2.166045173819812813e+33 5.047968394617069823e-03 1.290239869987846238e-07 2.151087286890549876e+04 3.721953878150030505e+05 1.268872073471657359e+03 1.450744448822463475e-03 2.855184033377791479e+02 2.354880353150744232e-01 2.094827311200555542e+00 2.286692616994923100e+00 2.541608078833288875e+00 
2.823296880202498116e+01 5.200472544366866714e+03 1.319085134512323000e+15 2.126516298332470421e+33 4.920855944808891734e-03 1.340835255724553545e-07 2.087802635679901869e+04 3.754113146111761453e+05 1.303943996624238480e+03 1.276380552814141171e-03 3.196724668886632799e+02 2.306009591511625767e-01 2.139491080983454641e+00 2.338587422417425010e+00 3.257215723551353914e+00 
2.935304481789492215e+01 5.176582136755363535e+03 1.295012713184469750e+15 2.087708798380671153e+33 4.797287610570456946e-03 1.408043075298305666e-07 2.005781763260198568e+04 3.787408198982054600e+05 1.290692758070712671e+03 1.077760763294870324e-03 3.710190183748524078e+02 2.281724682282403605e-01 2.172758534752928128e+00 2.378795410677763122e+00 4.529584126806291522e+00 
3.073602605793482212e+01 5.152801479088889209e+03 1.271379597443064750e+15 2.049609509343458554e+33 4.677329208813221090e-03 1.510608460830076430e-07 1.886570084180708000e+04 3.821794682496276801e+05 1.326869110612441091e+03 8.358997440414856232e-04 4.638518197128521479e+02 2.306658369977924450e-01 2.175043108313622575e+00 2.385804045851955824e+00 7.438410232841105696e+00 
3.262291163955998030e+01 5.129130067188073554e+03 1.248177770255010500e+15 2.012205506845369914e+33 4.561140448093727907e-03 1.745966785900553089e-07 1.647312109266873085e+04 3.857041966194688575e+05 1.294004653632060581e+03 4.814807958963365254e-04 7.522874822327341917e+02 2.512957624000785040e-01 2.048251591804759020e+00 2.251426095619153855e+00 2.162465149552563659e+01 
3.481041283739430980e+01 5.105567399189711978e+03 1.225399360892721500e+15 1.975484102372181891e+33 4.449058359462710992e-03 2.916499568238691308e-07 9.937653255886221814e+03 3.886764713975008344e+05 1.290038633692700500e+02 6.328151620280309713e-05 6.229583791890551936e+01 3.965044842032180994e-01 1.341371761014159114e+00 1.475602288047389354e+00 1.416381285381893740e+01 
3.575045223454937116e+01 5.082112975536083468e+03 1.203036642264103500e+15 1.939432838966533409e+33 4.340313793321494591e-03 3.474587930180434212e-07 8.385170148814444474e+03 3.907128383370567462e+05 4.389166572357148510e+01 3.190947117170163269e-05 1.208054603583510556e+01 4.472390743671272317e-01 1.185296790762587982e+00 1.302431515120554106e+00 5.463477054379577424e+00 
3.626981070629427251e+01 5.058766298964402267e+03 1.181082028291345750e+15 1.904039487002235743e+33 4.234221602939116855e-03 3.828920032493298880e-07 7.643493177573967841e+03 3.924738033569878899e+05 2.435401883242002441e+01 2.193242361123267281e-05 4.942472422464438964e+00 4.669484942613849610e-01 1.118575785333673744e+00 1.226854639053353457e+00 3.224569617937573796e+00 
3.656651481999592335e+01 5.035526874496239543e+03 1.159528071337468000e+15 1.869292040035575280e+33 4.130508735081422564e-03 4.098258391234096347e-07 7.170941981129863962e+03 3.941105321627180674e+05 1.621807711905688976e+01 1.692063137050456770e-05 2.670721070201862002e+00 4.736382328612688819e-01 1.080066987649149324e+00 1.181986003519583051e+00 2.226169437766448045e+00 
3.671885478114570134e+01 5.012394209427041460e+03 1.138367459679882250e+15 1.835178710732401264e+33 4.029014743928648751e-03 4.319831668110858527e-07 6.830450416415111249e+03 3.956932688288341742e+05 1.189245180707865934e+01 1.387293910731651701e-05 1.671022785540757782e+00 4.731137442928653458e-01 1.054856665268618876e+00 1.151565106784290249e+00 1.668116130615777903e+00 
3.676824376938098737e+01 4.989367813315704552e+03 1.117593015030062750e+15 1.801687926869554210e+33 3.929633164962175081e-03 4.510660175206018872e-07 6.567436702814166892e+03 3.972633501212206902e+05 9.257621378115754140e+00 1.180959087910536415e-05 1.144736842419410872e+00 4.680866076729359726e-01 1.037171968955244772e+00 1.129319186087187621e+00 1.314462874604034326e+00 
3.674012195185905938e+01 4.966447197974134724e+03 1.097197690098426625e+15 1.768808327409171065e+33 3.832284908165942659e-03 4.680119944123066282e-07 6.354889125481319752e+03 3.988480350699416595e+05 7.506410151724285384e+00 1.031226879347446817e-05 8.339988251418929410e-01 4.600725699249622602e-01 1.024226069022068142e+00 1.112230088371246373e+00 1.071590087941955316e+00 
3.665151451244629044e+01 4.943631877456943585e+03 1.077174566203731750e+15 1.736528758644762900e+33 3.736910956188664243e-03 4.833982519052358724e-07 6.177584574951284594e+03 4.004665727037657052e+05 6.269559688821424004e+00 9.171456252334751974e-06 6.352656271927163978e-01 4.500140109300832525e-01 1.014481436521272428e+00 1.098638950259707148e+00 8.952168651657562704e-01 
3.651457340195505452e+01 4.920921368051101126e+03 1.057516850926020875e+15 1.704838270417491688e+33 3.643464572897543111e-03 4.976089409205935632e-07 6.026139938811050342e+03 4.021331568840490654e+05 5.355950542052598351e+00 8.270213811052446002e-06 5.004432677829411258e-01 4.385403078824157697e-01 1.007009364959883690e+00 1.087547447661868949e+00 7.617653427655144416e-01 
3.633831036391337932e+01 4.898315188265724828e+03 1.038217875802476875e+15 1.673726112401624103e+33 3.551907099265223626e-03 5.109139729315772339e-07 5.894391193687159102e+03 4.038585030897879042e+05 4.657500371116030102e+00 7.538003945871796688e-06 4.047362903735384765e-01 4.260927912939226347e-01 1.001210408148839326e+00 1.078313223573847734e+00 6.575658332357601221e-01 
3.612966655616809675e+01 4.875812858821832378e+03 1.019271094065253375e+15 1.643181730457656906e+33 3.462205988395600492e-03 5.235113891834319364e-07 5.778084230811608904e+03 4.056509509948231280e+05 4.108809800297938075e+00 6.929673073057657489e-06 3.343084830090535808e-01 4.129924837603866639e-01 9.966781105420583486e-01 1.070502282922020987e+00 5.741630841331030188e-01 
3.589411505035751304e+01 4.853413902642198991e+03 1.000670078420640500e+15 1.613194763052076592e+33 3.374333125642503539e-03 5.355512509739004661e-07 5.674168827508309732e+03 4.075170531847337261e+05 3.668157856315706233e+00 6.414945886367730029e-06 2.809460181558202652e-01 3.994791257204978185e-01 9.931257930388747157e-01 1.063809465987620717e+00 5.060549921088921543e-01 
3.563605914240066141e+01 4.831117844841252918e+03 9.824085188687477500e+14 1.583755037742439234e+33 3.288263710269443123e-03 5.471507131149282541e-07 5.580384596053301721e+03 4.094619933852863614e+05 3.307764511335562929e+00 5.972727471521957609e-06 2.395210216780717660e-01 3.857356454110807409e-01 9.903439805405989116e-01 1.058012383098964948e+00 4.495091984036819199e-01 
3.535910744312513998e+01 4.808924212714979149e+03 9.644802205629496250e+14 1.554852567726551046e+33 3.203975048696963094e-03 5.584027873910518935e-07 5.495018058201659187e+03 4.114899162008149433e+05 3.008472660844944802e+00 5.587879976104166098e-06 2.066999788917605607e-01 3.719032034855176971e-01 9.881766675359693330e-01 1.052945743321467287e+00 4.019094683372351762e-01 
3.506625002011228531e+01 4.786832535730931340e+03 9.468791017084410000e+14 1.526477548454699906e+33 3.121445880589981611e-03 5.693830694620383634e-07 5.416738184203551100e+03 4.136041517279949039e+05 2.756671391940156202e+00 5.249237943293123125e-06 1.802381120488524002e-01 3.580920787288744966e-01 9.865042723553191228e-01 1.048482997488148660e+00 3.613672487985981063e-01 
3.475999962089120032e+01 4.764842345518223738e+03 9.295991914990922500e+14 1.498620354303628713e+33 3.040656053943350309e-03 5.801537144855826967e-07 5.344494030389011641e+03 4.158073569203894003e+05 2.542445139006211274e+00 4.948390751122893403e-06 1.585794798062145905e-01 3.443888393794252156e-01 9.852340046649528116e-01 1.044525977543161899e+00 3.264869192289636124e-01 
3.444248579952378009e+01 4.742953175857614951e+03 9.126346280919916250e+14 1.471271535311265691e+33 2.961586168874209748e-03 5.907666375312481775e-07 5.277441269994196773e+03 4.181016349927486735e+05 2.358410847789240261e+00 4.678876050192879087e-06 1.406175121698433894e-01 3.308617212986422196e-01 9.842924589803065949e-01 1.040996957364538122e+00 2.962148911042080668e-01 
3.411552533058434733e+01 4.721164562671640851e+03 8.959796566189511250e+14 1.444421813971045457e+33 2.884217213531080522e-03 6.012657130443338071e-07 5.214892128338276052e+03 4.204886367681939155e+05 2.198965751049149375e+00 4.435645438395720465e-06 1.255477035034388011e-01 3.175644599474757857e-01 9.836207095693365599e-01 1.037833402319636722e+00 2.697412401168629570e-01 
3.378068493372385461e+01 4.699476044014738363e+03 8.796286272342626250e+14 1.418062082084666202e+33 2.808530075719727851e-03 6.116883257776018738e-07 5.156280577510555304e+03 4.229696723735413980e+05 2.059787563780848263e+00 4.214700384015729592e-06 1.127739547844211765e-01 3.045390619022239065e-01 9.831712818404608756e-01 1.034984729785196844e+00 2.464337201130133159e-01 
3.343932050711624981e+01 4.677887160063491137e+03 8.635759931981368750e+14 1.392183397672375927e+33 2.734505679446055330e-03 6.220666018201639136e-07 5.101135500120855795e+03 4.255457332459753961e+05 1.937491712120304133e+00 4.012831914836815482e-06 1.018468400813188485e-01 2.918181342019886548e-01 9.829054280155484768e-01 1.032409423514635938e+00 2.257916132910373630e-01 
3.309261175553238132e+01 4.656397453106848843e+03 8.478163089950656250e+14 1.366776981939555264e+33 2.662124750160001479e-03 6.324285242099173151e-07 5.049059897183790781e+03 4.282175554255343741e+05 1.829392624147587298e+00 3.827431206770824436e-06 9.242207418426610921e-02 2.794266606827258692e-01 9.827910567754700732e-01 1.030072841584209753e+00 2.074130665533039652e-01 
3.274158779839477518e+01 4.635006467536434684e+03 8.323442284865548750e+14 1.341834216298712576e+33 2.591367952572925723e-03 6.427985122336661228e-07 4.999717017715681322e+03 4.309856225675755995e+05 1.733333932998358140e+00 3.656357768887369036e-06 8.423240395134519443e-02 2.673833587944545731e-01 9.828014634725134036e-01 1.027945880795333444e+00 1.909720851124347696e-01 
3.238715498708971552e+01 4.613713749836901115e+03 8.171545030975721250e+14 1.317346639445829230e+33 2.522215263343419948e-03 6.531980447204378889e-07 4.952819681009265878e+03 4.338502862991839647e+05 1.647566157380070617e+00 3.497840073429032550e-06 7.706788837013357762e-02 2.557016218249173467e-01 9.829145825955559745e-01 1.026004183172728679e+00 1.762016830300398851e-01 
3.203010998232404916e+01 4.592518848576285563e+03 8.022419800360570000e+14 1.293305944490006875e+33 2.454646359931755405e-03 6.636461716088507472e-07 4.908120347316131301e+03 4.368117298248377629e+05 1.570655573711478681e+00 3.350397150665404700e-06 7.076158662989892600e-02 2.443905596288222792e-01 9.831117992888640522e-01 1.024226900973685517e+00 1.628809320099293134e-01 
3.167115845840250188e+01 4.571421314396468915e+03 7.876016005449672500e+14 1.269703976135564862e+33 2.388640489092867802e-03 6.741597416656676388e-07 4.865405518242655489e+03 4.398700103117119288e+05 1.501417156061154889e+00 3.212784459159794065e-06 6.517955211591736076e-02 2.334556344011159690e-01 9.833776859334569798e-01 1.022596429808529939e+00 1.508257242518505070e-01 
3.131092033168705058e+01 4.550420700003624916e+03 7.732283981861861250e+14 1.246532727915502924e+33 2.324176462141136403e-03 6.847540335485734824e-07 4.824487754003876034e+03 4.430250702177854255e+05 1.438862852243028012e+00 3.083942703563333480e-06 6.021300246253753069e-02 2.228993843275220432e-01 9.836987958013038158e-01 1.021097138950847416e+00 1.398810104524936260e-01 
3.094994943720702807e+01 4.529516560158744142e+03 7.591174971557681250e+14 1.223784339475484573e+33 2.261232777549187535e-03 6.954426632995273780e-07 4.785203705564797019e+03 4.462767439094266156e+05 1.382163353901379566e+00 2.962969875651516076e-06 5.577309521245128743e-02 2.127218231469471255e-01 9.840640044056954139e-01 1.019715765000579699e+00 1.299157045680047473e-01 
3.058873692089462537e+01 4.508708451668211637e+03 7.452641106299387500e+14 1.201451093907398439e+33 2.199787251011394752e-03 7.062380133401968551e-07 4.747409612635970916e+03 4.496248336977218278e+05 1.330617521086545629e+00 2.849090859536308595e-06 5.178660151998078220e-02 2.029208340680106748e-01 9.844638610421603264e-01 1.018440715317100231e+00 1.208181067692035010e-01 
3.022771972835041510e+01 4.487995933374376364e+03 7.316635391412417500e+14 1.179525415131522594e+33 2.139817372956312122e-03 7.171513237788978496e-07 4.710978384547033784e+03 4.530690665032027173e+05 1.283628796213941436e+00 2.741636068931960396e-06 4.819271391520848352e-02 1.934925889513915698e-01 9.848903393103867199e-01 1.017261831966439933e+00 1.124924614302461878e-01 
2.986728822434149677e+01 4.467378566146238882e+03 7.183111689843725000e+14 1.157999865326545066e+33 2.081300238538510896e-03 7.281928352468702123e-07 4.675797440038724744e+03 4.566091246568877250e+05 1.240686689131512477e+00 2.640024393687776353e-06 4.494061614132902754e-02 1.844318200288876386e-01 9.853367065242092382e-01 1.016170267137429084e+00 1.048562594735011899e-01 
2.950778661233164613e+01 4.446855912870103566e+03 7.052024706510511250e+14 1.136867142406399735e+33 2.024212558603074880e-03 7.393720466580658190e-07 4.641765804510879207e+03 4.602446486599085620e+05 1.201351696719831885e+00 2.543747044069781401e-06 4.198749099287810149e-02 1.757321084812913103e-01 9.857970093668320111e-01 1.015157933214696273e+00 9.783790975536280077e-02 
2.914952559497924867e+01 4.426427538440328135e+03 6.923329972934942500e+14 1.116120077543207133e+33 1.968530879902829871e-03 7.506975724970517968e-07 4.608793849169706846e+03 4.639752235507171135e+05 1.165243863936620716e+00 2.452359363494776181e-06 3.929715983844658117e-02 1.673860787283267815e-01 9.862664321247275323e-01 1.014217925404602871e+00 9.137517817468482351e-02 
2.879278097105250822e+01 4.406093009750114106e+03 6.796983832159257500e+14 1.095751632735417258e+33 1.914231205653379054e-03 7.621774970593826072e-07 4.576801002771711865e+03 4.678004634795543971e+05 1.132032934616632236e+00 2.365468898206176810e-06 3.683881682149365427e-02 1.593855501311178258e-01 9.867408407221149869e-01 1.013344018313485639e+00 8.541361160527220775e-02 
2.843779850910116025e+01 4.385851895682288159e+03 6.672943423935842500e+14 1.075754898420279626e+33 1.861289374222115881e-03 7.738193434521566452e-07 4.545714619618870529e+03 4.717199507284343126e+05 1.101430580177214402e+00 2.282728150761342878e-06 3.458609519952236810e-02 1.517217547511514331e-01 9.872167089682067909e-01 1.012530613831144510e+00 7.990536895133841522e-02 
2.808479740656649426e+01 4.365703767100202640e+03 6.551166670188056250e+14 1.056123091129961922e+33 1.809681002856840899e-03 7.856301294983166489e-07 4.515469272576570802e+03 4.757332622950712102e+05 1.073184050577831838e+00 2.203828616254562217e-06 3.251633753105257624e-02 1.443854483686216605e-01 9.876911029627380989e-01 1.011772729326152254e+00 7.480828244987061670e-02 
2.773397407486518773e+01 4.345648196838596959e+03 6.431612260735885000e+14 1.036849551190362200e+33 1.759381536395549688e-03 7.976164213224673012e-07 4.486005955792450550e+03 4.798399774947539554e+05 1.047070944874815890e+00 2.128495447379143524e-06 3.060998761518997358e-02 1.373670302241220276e-01 9.881616449257943913e-01 1.011065974726599093e+00 7.008505396856354319e-02 
2.738549943897238137e+01 4.325684759694581771e+03 6.314239639282587500e+14 1.017927740461995369e+33 1.710366308440479594e-03 8.097844845599121798e-07 4.457270582294361702e+03 4.840396587670342415e+05 1.022894645103086697e+00 2.056481564449912731e-06 2.885004366037512841e-02 1.306566723976085309e-01 9.886261314508310027e-01 1.010406129101830919e+00 6.570249868933898674e-02 
2.703952899158822021e+01 4.305813032418588591e+03 6.199008989656621250e+14 9.993512401220345040e+32 1.662610573981080026e-03 8.221401740759412396e-07 4.429214521618037907e+03 4.883318843342681648e+05 1.000481001564669015e+00 1.987565956760995149e-06 2.722173330149534401e-02 1.242443698010846920e-01 9.890829551300952538e-01 1.009789635449249268e+00 6.163110928148491513e-02 
# Sigma_plus_index = 118  Sigma_minus_index = 151
# Non-converged_fits = 0