# Sigma0 	Teff 	Mdot 	F 	z0r 	rho_c 	T_c 	P_c 	tau 	PradPgas_c 	varkappa_c 	Pi1 	Pi2 	Pi3 	Pi4
# All values are in CGS units.
# M = 1.005829e+00 Msun, alpha = 0.5, r = 1.000000e+10 cm, r = 33664.77303750273 rg, structure = BellLin, mu = 0.62
2.924341641470146413e+01 1.000000000000000000e+04 3.592641175954258000e+16 4.111615380207851587e+34 4.149950952781617658e-02 5.781693970470767989e-08 3.754233558695248939e+04 2.910843681025568512e+05 4.810752444410492785e+02 1.721060102073375397e-02 3.209726848685737366e+01 4.488972930546282214e+00 6.093966303848654675e-01 1.144300690186728753e+00 4.429781549777464522e-01 
2.888361446581660985e+01 9.954061083088736268e+03 3.527077877722322000e+16 4.036581149906245948e+34 4.121802184830244964e-02 5.730352722383648947e-08 3.731621289733592130e+04 2.867618759393280488e+05 4.781987628843214679e+02 1.705291416873848734e-02 3.229425589174945799e+01 4.455807326879584807e+00 6.114388695250900785e-01 1.144119349765578608e+00 4.427504948723643419e-01 
2.852800063962874688e+01 9.908333204586158899e+03 3.462711065825776400e+16 3.962916244114899349e+34 4.093582826742261233e-02 5.679499190801675235e-08 3.709158540947781148e+04 2.825061680724876351e+05 4.753446649188035167e+02 1.689675952409220444e-02 3.249235653068954122e+01 4.422299253468826130e+00 6.135185747598426165e-01 1.143934268952916833e+00 4.425115863655596504e-01 
2.817653653131833380e+01 9.862815395004698075e+03 3.399518905189398400e+16 3.890595673577518944e+34 4.065274605854839879e-02 5.629132655872205209e-08 3.686845490356448863e+04 2.783164756939608487e+05 4.725153970614291552e+02 1.674212590717890151e-02 3.269157277983553911e+01 4.388410473682837321e+00 6.156391675792017848e-01 1.143746116149760850e+00 4.422609226028546558e-01 
2.782916818493720257e+01 9.817506689310463116e+03 3.337479959213424400e+16 3.819594905074957494e+34 4.036883973651373553e-02 5.579250660338167342e-08 3.664681637565499113e+04 2.741919000992357032e+05 4.697111040605828407e+02 1.658899810404861411e-02 3.289191196660672034e+01 4.354157164304147898e+00 6.178002632089512058e-01 1.143554706700821821e+00 4.419981342762122623e-01 
2.748585153475866605e+01 9.772406126902860706e+03 3.276573182501746000e+16 3.749889853102962009e+34 4.008403219644445653e-02 5.529851439936667258e-08 3.642667217714081926e+04 2.701316410753405071e+05 4.669333146391068112e+02 1.643736892182307355e-02 3.309336913992962792e+01 4.319524162435476988e+00 6.200037756895857566e-01 1.143360472530092542e+00 4.417224745151672183e-01 
2.714652671410992113e+01 9.727512751594169458e+03 3.216777913722624000e+16 3.681456871701584606e+34 3.979846244806832523e-02 5.480932212879152643e-08 3.620801293704389536e+04 2.661347701096070232e+05 4.641807441850671694e+02 1.628721837279801035e-02 3.329595949667851329e+01 4.284544487671566593e+00 6.222480591730482624e-01 1.143162785090210853e+00 4.414337662657643602e-01 
2.681117064996503174e+01 9.682825611589285472e+03 3.158073868599796000e+16 3.614272746433821529e+34 3.951183090728194874e-02 5.432494182910176546e-08 3.599084705760463112e+04 2.622006920137829147e+05 4.614590993411275122e+02 1.613853873533575498e-02 3.349968214116392318e+01 4.249154690206698781e+00 6.245387025675057657e-01 1.142963109598239324e+00 4.411313351466019661e-01 
2.647969821717315497e+01 9.638343759465578842e+03 3.100441133031513200e+16 3.548314686510661211e+34 3.922457965394793994e-02 5.384530381903131258e-08 3.577516256872635859e+04 2.583282746203588322e+05 4.587620925303664308e+02 1.599131914733004090e-02 3.370453303982533555e+01 4.213453515545940498e+00 6.268691616543167200e-01 1.142759614619834219e+00 4.408144326663927526e-01 
2.615210378081215481e+01 9.594066252152739253e+03 3.043860156335011600e+16 3.483560317059689048e+34 3.893623895734708851e-02 5.337045331130947938e-08 3.556096794855796907e+04 2.545170968664527463e+05 4.560991506035334169e+02 1.584554219562869445e-02 3.391053143704473172e+01 4.177341380072046029e+00 6.292478570464915544e-01 1.142554479791809463e+00 4.404829080977752942e-01 
2.582831729006357691e+01 9.549992150912858051e+03 2.988311744614462400e+16 3.419987671535003917e+34 3.864707962021973753e-02 5.290033737967795466e-08 3.534825875872512552e+04 2.507661791998389235e+05 4.534668631499995399e+02 1.570120230530009514e-02 3.411766601312938718e+01 4.140879526971759539e+00 6.316710794452051747e-01 1.142346703219586201e+00 4.401357640174864416e-01 
2.550830718702380295e+01 9.506120521320448461e+03 2.933777054249746400e+16 3.357575184265416562e+34 3.835695589298148550e-02 5.243496746212057468e-08 3.513703520855847455e+04 2.470748908795031602e+05 4.508700724000150899e+02 1.555828108258353916e-02 3.432595494595057062e+01 4.104039427233491466e+00 6.341419835811387129e-01 1.142137065873440660e+00 4.397727871933962973e-01 
2.519203164257951855e+01 9.462450433242707732e+03 2.880237585504248400e+16 3.296301683138860118e+34 3.806584725477967640e-02 5.197433311446835973e-08 3.492729975452240615e+04 2.434425186533800734e+05 4.483118488022856809e+02 1.541676965109380591e-02 3.453539746554827872e+01 4.066819356773316407e+00 6.366617684938267185e-01 1.141925975805315074e+00 4.393932214141996195e-01 
2.487944595878765952e+01 9.418980960819737447e+03 2.827675176249142400e+16 3.236146382420115261e+34 3.777377182948185586e-02 5.151842145953881653e-08 3.471905331223376561e+04 2.398683335351724818e+05 4.457951326682177751e+02 1.527665782840726717e-02 3.474599484245911185e+01 4.029226233535550428e+00 6.392309714258536113e-01 1.141713644179985332e+00 4.389963499693781412e-01 
2.457049931708443680e+01 9.375711182444940277e+03 2.776071995802304000e+16 3.177088875699727213e+34 3.748080145741490565e-02 5.106721934187458455e-08 3.451229040363058448e+04 2.363515683414044615e+05 4.433213903407680050e+02 1.513792713360542948e-02 3.495776412523348142e+01 3.991279352317571139e+00 6.418490561514783588e-01 1.141499755214226752e+00 4.385818546025797571e-01 
2.426516557257362905e+01 9.332640180745505859e+03 2.725410538879663200e+16 3.119109128971600315e+34 3.718679387888246257e-02 5.062073809829331929e-08 3.430701929087309691e+04 2.328916702643078170e+05 4.409002285366566412e+02 1.500056999038668071e-02 3.517070504190775182e+01 3.952950936749356714e+00 6.445194881792891684e-01 1.141285580932280164e+00 4.381489252776433196e-01 
2.396339874963871353e+01 9.289767042562896677e+03 2.675673619656826800e+16 3.062187473836795084e+34 3.689179574993210059e-02 5.017896813588701941e-08 3.410323877749044186e+04 2.294879295517517021e+05 4.385371909734840301e+02 1.486457257658641874e-02 3.538482704035285309e+01 3.914254835803387511e+00 6.472423065439555367e-01 1.141071149854565592e+00 4.376969884089804141e-01 
2.366516513382910958e+01 9.247090858933566778e+03 2.626844365939248800e+16 3.006304600831550249e+34 3.659575627922145163e-02 4.974191722565387154e-08 3.390095153953378031e+04 2.261397482125846436e+05 4.359148982499975773e+02 1.472992104770293881e-02 3.560014215745169963e+01 3.875183945745835246e+00 6.500193671833325304e-01 1.140857182105630807e+00 4.372255114344299476e-01 
2.337041542182873144e+01 9.204610725069620457e+03 2.578906213438612800e+16 2.951441552876862379e+34 3.629875702727660552e-02 4.930957138380303121e-08 3.370015624148812640e+04 2.228464076044861577e+05 4.332052103240171732e+02 1.459660280306393672e-02 3.581665794436038652e+01 3.835759887412235614e+00 6.528500704265669530e-01 1.140643503678980375e+00 4.367338116089715672e-01 
2.307912827271982792e+01 9.162325740339661934e+03 2.531842900153786000e+16 2.897579718847741525e+34 3.600066483259388439e-02 4.888195614927349619e-08 3.350086001415104693e+04 2.196074296156416822e+05 4.305395325028833895e+02 1.446460458790333435e-02 3.603438846785068961e+01 3.795958108273550291e+00 6.557379326299268563e-01 1.140431569359503072e+00 4.362213527875264396e-01 
2.279125651867781599e+01 9.120235008249721432e+03 2.485638460854304400e+16 2.844700827259808455e+34 3.570155593363985580e-02 4.845906307524275818e-08 3.330306175765899388e+04 2.164221321843428595e+05 4.279167326895367296e+02 1.433391252801908752e-02 3.625334563858170611e+01 3.755799527830288920e+00 6.586824870601749593e-01 1.140221292478321491e+00 4.356875033050294221e-01 
2.250677388574960247e+01 9.078337636424193988e+03 2.440277221664445200e+16 2.792786940071012934e+34 3.540135888289945576e-02 4.804091254586275783e-08 3.310676718226541561e+04 2.132900119676690083e+05 4.253391105778836732e+02 1.420451306691240291e-02 3.647354491708811963e+01 3.715273379433423173e+00 6.616861907179387714e-01 1.140013842269483435e+00 4.351316999068973734e-01 
2.222563791465996630e+01 9.036632736586983810e+03 2.395743794746268800e+16 2.741820446596611795e+34 3.510012355759042219e-02 4.762750494096804954e-08 3.291197643565724138e+04 2.102104440978894418e+05 4.228065308351041267e+02 1.407639140465756500e-02 3.669500270515701601e+01 3.674395315918270732e+00 6.647491078880375381e-01 1.139809382995965459e+00 4.345533582231596581e-01 
2.194782608137698432e+01 8.995119424542615889e+03 2.352023073079557600e+16 2.691784057535049288e+34 3.479777184462183592e-02 4.721886813803007879e-08 3.271869616107353795e+04 2.071829711567726918e+05 4.203224294844342239e+02 1.394953299080357173e-02 3.691773926558330743e+01 3.633153675485648382e+00 6.678739517699595618e-01 1.139609313809164970e+00 4.339519702774234378e-01 
2.167329729668292160e+01 8.953796820157509501e+03 2.309100225337104800e+16 2.642660799102954079e+34 3.449435517585429378e-02 4.681500575606603340e-08 3.252692752806123099e+04 2.042069969784051937e+05 4.178873256542520949e+02 1.382392343579420292e-02 3.714177239427785793e+01 3.591564814062813582e+00 6.710608161722539933e-01 1.139413894988775766e+00 4.333269114039193237e-01 
2.140202912688858206e+01 8.912664047341353580e+03 2.266960690853536800e+16 2.594434007277183619e+34 3.418981528370878403e-02 4.641594841399903292e-08 3.233667689127946505e+04 2.012820799352118629e+05 4.155055431807282957e+02 1.369954702687947549e-02 3.736712735781141959e+01 3.549621882639886650e+00 6.743121295697820372e-01 1.139224536824270384e+00 4.326777245120592696e-01 
2.113398332468668173e+01 8.871720234028462073e+03 2.225590174685842400e+16 2.547087322141824958e+34 3.388419529136373065e-02 4.602170900362568812e-08 3.214794430021516382e+04 1.984076644244806375e+05 4.131789100929607912e+02 1.357638528329839153e-02 3.759383469098795416e+01 3.507340136974339995e+00 6.776281616132435737e-01 1.139041599096055624e+00 4.320040195406657513e-01 
2.086914268898051006e+01 8.830964512159360311e+03 2.184974642764194400e+16 2.500604682338529146e+34 3.357742354756801384e-02 4.563232521247957367e-08 3.196073943909623267e+04 1.955833646433946269e+05 4.109141201032851995e+02 1.345442466747435485e-02 3.782191847332391177e+01 3.464710242649252869e+00 6.810118122885391312e-01 1.138866919744485839e+00 4.313052285912444272e-01 
2.060746910857452008e+01 8.790396017662311351e+03 2.145100317131118400e+16 2.454970319617953620e+34 3.326955508262082611e-02 4.524781239516008253e-08 3.177506237576515196e+04 1.928086414066530997e+05 4.087146332570589493e+02 1.333364606833013777e-02 3.805141400590072465e+01 3.421750466613449060e+00 6.844631657995219332e-01 1.138700875416177594e+00 4.305809888083109160e-01 
2.034894766321317761e+01 8.750013890435060603e+03 2.105953671267678400e+16 2.410168753490794412e+34 3.296052195848727523e-02 4.486821746539724496e-08 3.159092124808102380e+04 1.900831422240830434e+05 4.065902152377611287e+02 1.321403130414074145e-02 3.828236066377561997e+01 3.378453131786130825e+00 6.879851473130171868e-01 1.138545412098609821e+00 4.298310135800693654e-01 
2.009354242391763634e+01 8.709817274326551342e+03 2.067521425504841600e+16 2.366184785976299718e+34 3.265038381596743061e-02 4.449356157191377097e-08 3.140831637343865805e+04 1.874063591774414235e+05 4.045484131246608399e+02 1.309555998931270435e-02 3.851480153439255361e+01 3.334837962425747815e+00 6.915778107562465804e-01 1.138401050134912662e+00 4.290550292081271588e-01 
1.984123820196218801e+01 8.669805317118783933e+03 2.029790542518643600e+16 2.323003496446691312e+34 3.233909009506348575e-02 4.412389247061260124e-08 3.122725686887028496e+04 1.847779518014586938e+05 4.026045571928652862e+02 1.297821499290839446e-02 3.874877776667818807e+01 3.290901434993577457e+00 6.952438590867617840e-01 1.138269809266586163e+00 4.282526850042200350e-01 
1.959200653541337900e+01 8.629977170508787822e+03 1.992748222907593600e+16 2.280610236565703096e+34 3.202666816588132376e-02 4.375924623417786282e-08 3.104774417526798788e+04 1.821974856631433940e+05 4.007757159770003454e+02 1.286197307363662855e-02 3.898434613397224524e+01 3.246657128062707010e+00 6.989841514153283253e-01 1.138152701255900512e+00 4.274239269304312416e-01 
1.934583194671346007e+01 8.590331990090568070e+03 1.956381900850680000e+16 2.238990625319366289e+34 3.171309315515066785e-02 4.339967736359978273e-08 3.086978386849616800e+04 1.796646291634618538e+05 3.990922840765321666e+02 1.274681081848480328e-02 3.922156954701018350e+01 3.202107864219161382e+00 7.028009032009269186e-01 1.138051660982861923e+00 4.265688068698425539e-01 
1.910268792629689472e+01 8.550868935337273797e+03 1.920679239844751200e+16 2.198130544137634207e+34 3.139839369098047089e-02 4.304522560166521228e-08 3.069337923095974838e+04 1.771789767515540007e+05 3.975960523948498917e+02 1.263270639184418953e-02 3.946050785201144606e+01 3.157267864960715542e+00 7.066950775413730623e-01 1.137967931661763910e+00 4.256872134505940708e-01 
1.886256672283920466e+01 8.511587169583317518e+03 1.885628128519562800e+16 2.158016132104892702e+34 3.108252590629943454e-02 4.269595713399649305e-08 3.051853945075600859e+04 1.747402669118674239e+05 3.950710124082299330e+02 1.251963758517892281e-02 3.970122891609555893e+01 3.112136462655791025e+00 7.106695952197558119e-01 1.137904122453698763e+00 4.247791963069220134e-01 
1.862543891555708342e+01 8.472485860006661824e+03 1.851216676529273600e+16 2.118633781257963026e+34 3.076554457910781609e-02 4.235191719758205287e-08 3.034526230770619441e+04 1.723480866429830203e+05 3.922798131032225228e+02 1.240757438931076699e-02 3.994382147063686972e+01 3.066734337789137399e+00 7.147247779601698658e-01 1.137861158997844679e+00 4.238451630365578926e-01 
1.839129805180980171e+01 8.433564177611189734e+03 1.817433210518925600e+16 2.079970131969920346e+34 3.044741819403930239e-02 4.201317734976828672e-08 3.017355656394661128e+04 1.700021940853050037e+05 3.896912003037600130e+02 1.229649275187395113e-02 4.018836690027076486e+01 3.021064047650752649e+00 7.188634243872829011e-01 1.137841810552843613e+00 4.228853302973950568e-01 
1.816012609906251996e+01 8.394821297209071417e+03 1.784266270164450000e+16 2.042012068418061227e+34 3.012816841718055083e-02 4.167979834060332526e-08 3.000342525334236416e+04 1.677022703532555606e+05 3.872830345656727218e+02 1.218636490114061340e-02 4.043495905678126690e+01 2.975139708228526025e+00 7.230869518136359142e-01 1.137847982436585914e+00 4.219000884159643805e-01 
1.793191831866976926e+01 8.356256397403332812e+03 1.751704604285056800e+16 2.004746714134706678e+34 2.980777609135321082e-02 4.135186310713615961e-08 2.983487315471430338e+04 1.654480956822676235e+05 3.850437222831032500e+02 1.207715890442690246e-02 4.068371165273831025e+01 2.928967514716855458e+00 7.273979949150336521e-01 1.137882528690976391e+00 4.208902267028154509e-01 
1.770664736795628258e+01 8.317868660570378779e+03 1.719737167026451200e+16 1.968161427639068731e+34 2.948630818258931446e-02 4.102942672627991024e-08 2.966789780619616067e+04 1.632392981597505568e+05 3.829650572156485850e+02 1.196884241403664909e-02 4.093474073462611074e+01 2.882571635719659131e+00 7.317967785633534561e-01 1.137946661253512737e+00 4.198564172556858431e-01 
1.748432367565426304e+01 8.279657272842696329e+03 1.688353114113798400e+16 1.932243798148935841e+34 2.916370943585224959e-02 4.071259500817056777e-08 2.950250843703750797e+04 1.610757728741988831e+05 3.810522668381266271e+02 1.186138272813224738e-02 4.118817763147971789e+01 2.835951401166937558e+00 7.362872742855546271e-01 1.138044511708985018e+00 4.187996965184877518e-01 
1.726492033830790973e+01 8.241621424091608787e+03 1.657541799173039200e+16 1.896981641370586326e+34 2.884005764290892629e-02 4.040142691842412898e-08 2.933870206037246317e+04 1.589571605577591108e+05 3.793102970677022086e+02 1.175474632401763038e-02 4.144415466251005142e+01 2.789133645782275295e+00 7.408695663253997976e-01 1.138177422412730566e+00 4.177208948298372082e-01 
1.704844358788005110e+01 8.203760307910057236e+03 1.627292770119298400e+16 1.862362995365484066e+34 2.851532884563614742e-02 4.009603093846425791e-08 2.917648261934157563e+04 1.568833354561494780e+05 3.777602966597420391e+02 1.164889398750274321e-02 4.170283599308707068e+01 2.742124993196809246e+00 7.455469063683227704e-01 1.138349226137487236e+00 4.166215385296683782e-01 
1.683488473845221023e+01 8.166073121595555676e+03 1.597595765611279200e+16 1.828376116492494020e+34 2.818955579635575720e-02 3.979649584995642532e-08 2.901585020428127609e+04 1.548540718309071381e+05 3.764334391246785003e+02 1.154378801347911120e-02 4.196438608219696675e+01 2.694943724391676287e+00 7.503209726413728742e-01 1.138562731180617460e+00 4.155029899389090509e-01 
1.662424882246618196e+01 8.128559066133118904e+03 1.568440711570277600e+16 1.795009475424051438e+34 2.786273874274540485e-02 3.950293286805910212e-08 2.885680663685833497e+04 1.528692397106153949e+05 3.753883150288259003e+02 1.143938672228552583e-02 4.222899360078716313e+01 2.647601986971459986e+00 7.551946269479818952e-01 1.138821832034540904e+00 4.143670604998841989e-01 
1.641651505231170205e+01 8.091217346178379557e+03 1.539817717762809200e+16 1.762251753235132294e+34 2.753495688243745229e-02 3.921542284952106645e-08 2.869934451188723324e+04 1.509285415693148971e+05 3.747194674164294952e+02 1.133564679619761262e-02 4.249685628049963526e+01 2.600128025889726135e+00 7.601681521774381611e-01 1.139128398567822220e+00 4.132155045254326531e-01 
1.621170195933588687e+01 8.054047170040672427e+03 1.511717074445518000e+16 1.730091837563503785e+34 2.720618773969036772e-02 3.893409835970677640e-08 2.854346838596430462e+04 1.490319422586328874e+05 3.745382314796613628e+02 1.123252478423676128e-02 4.276819149892477867e+01 2.552529860130611894e+00 7.652455326251362822e-01 1.139487579744805856e+00 4.120505251232563504e-01 
1.600980875389467073e+01 8.017047749666274285e+03 1.484129249071368800e+16 1.698518818840109584e+34 2.687647319457536765e-02 3.865907430329456556e-08 2.838917198521650425e+04 1.471792793028913438e+05 3.707345079752836909e+02 1.112997020343379356e-02 4.304324666575371339e+01 2.504828939841281077e+00 7.704286401731865741e-01 1.139902899445500717e+00 4.108747190026448837e-01 
1.581083042284230089e+01 7.980218300621718299e+03 1.457044883055950600e+16 1.667521986588251533e+34 2.654586934796563866e-02 3.839045857921520669e-08 2.823644960514766353e+04 1.453703660149460775e+05 3.677918140492901102e+02 1.102793608464389986e-02 4.332226898621336630e+01 2.457049378903386039e+00 7.757190066129830974e-01 1.140377721990186943e+00 4.096904915984763695e-01 
1.561479008020540959e+01 7.943558042077109349e+03 1.430454788602734800e+16 1.637090825790240065e+34 2.621437233918137016e-02 3.812840221218210876e-08 2.808529944570850785e+04 1.436051981616837147e+05 3.654725223611007436e+02 1.092636852856723739e-02 4.360554898017667824e+01 2.409203957135510610e+00 7.811205875239389806e-01 1.140917724131966793e+00 4.085011119513132227e-01 
1.542167524345219043e+01 7.907066196789630339e+03 1.404349945586355800e+16 1.607215013320449919e+34 2.588207111246914813e-02 3.787300967365720503e-08 2.793570984761909494e+04 1.418835432786114397e+05 3.636508118473115019e+02 1.082521647429020295e-02 4.389337349936869259e+01 2.361323543422326310e+00 7.866339984191556001e-01 1.141525768907524885e+00 4.073094101706012937e-01 
1.523151748425960683e+01 7.870741991087012138e+03 1.378721498492686400e+16 1.577884414443375714e+34 2.554896186241228245e-02 3.762445308509319665e-08 2.778767416883652550e+04 1.402054478686928051e+05 3.622821484994611865e+02 1.072441650819495884e-02 4.418609901007134511e+01 2.313421592258872561e+00 7.922636382137592248e-01 1.142208296142177115e+00 4.061196697867727745e-01 
1.504430855079858276e+01 7.834584654851149935e+03 1.353560753414806800e+16 1.549089079375653458e+34 2.521513677179776022e-02 3.738284192048674801e-08 2.764118257805896428e+04 1.385707059298087261e+05 3.613716032935305975e+02 1.062392067487193462e-02 4.448403467799874278e+01 2.265529320096460353e+00 7.980104782387008600e-01 1.142968867134388944e+00 4.049348087950718211e-01 
1.486007554732236358e+01 7.798593421501802368e+03 1.328859175103800000e+16 1.520819239910829348e+34 2.488061951018047044e-02 3.714835027939516951e-08 2.749622159664179708e+04 1.369793328608304146e+05 3.610034117684099897e+02 1.052365980623147339e-02 4.478759256086037510e+01 2.217665794088157671e+00 8.038782898808712885e-01 1.143813697189677292e+00 4.037597770320710544e-01 
1.467883210056581156e+01 7.762767527980284285e+03 1.304608384073311400e+16 1.493065306105659069e+34 2.454547141527381113e-02 3.692112938077376336e-08 2.735277748921485909e+04 1.354312557399625075e+05 3.613891700130088793e+02 1.042357259210611314e-02 4.509717376985898341e+01 2.169856815923431714e+00 8.098697033367587839e-01 1.144748199896763907e+00 4.025990045532665818e-01 
1.450059407814134715e+01 7.727106214733349589e+03 1.280800153757027800e+16 1.465817863026971438e+34 2.420975725486467292e-02 3.670133693836246173e-08 2.721083401371407672e+04 1.339264118852208485e+05 3.619526529007655995e+02 1.032359478003864843e-02 4.541321233477226826e+01 2.122128827389487160e+00 8.159874512015424797e-01 1.145778061157408656e+00 4.014573469324665966e-01 
1.432538770769309444e+01 7.691608725697026784e+03 1.257426407717946400e+16 1.439067667557803063e+34 2.387353022210307596e-02 3.648914963095684209e-08 2.707037325051835069e+04 1.324647980978207779e+05 3.572221187826824007e+02 1.022365684786265619e-02 4.573618859654765600e+01 2.074506179324868249e+00 8.222350825313766709e-01 1.146909936955763598e+00 4.003403727659597955e-01 
1.415322599653497448e+01 7.656274308280651894e+03 1.234479216908658800e+16 1.412805645261916469e+34 2.353687574856388673e-02 3.628472475284358003e-08 2.693137451380795028e+04 1.310463254757630930e+05 3.544280463669304595e+02 1.012369377057415268e-02 4.606658768620833655e+01 2.027018795236307014e+00 8.286150138953305433e-01 1.148149565145234918e+00 3.992534005839361022e-01 
1.398414439188243286e+01 7.621102213350856800e+03 1.211950796981552600e+16 1.387022887305448036e+34 2.319984817815244973e-02 3.608825883934994299e-08 2.679381463204464671e+04 1.296710337390940695e+05 3.528666241807542860e+02 1.002362916533117848e-02 4.640497257465654712e+01 1.979691082895248977e+00 8.351314366635718134e-01 1.149504624880426373e+00 3.982031103536220473e-01 
1.381816345320481254e+01 7.586091695215711297e+03 1.189833505648151400e+16 1.361710647434791980e+34 2.286253602459526607e-02 3.589992239415547823e-08 2.665767015561227527e+04 1.283388653349555098e+05 3.522959412396398875e+02 9.923396284056603886e-03 4.675189423054209215e+01 1.932552967991558290e+00 8.417873932005913717e-01 1.150981872957701491e+00 3.971955782743595287e-01 
1.365531555484080783e+01 7.551242011608936082e+03 1.168119840086646600e+16 1.336860339009637566e+34 2.252501554259631403e-02 3.571991276027754644e-08 2.652291119965793405e+04 1.270498265084533487e+05 3.527707995303577491e+02 9.822916650119079343e-03 4.710798626484770324e+01 1.885632300331105737e+00 8.485867689128701041e-01 1.152589033523313988e+00 3.962382061960944002e-01 
1.349563465877895929e+01 7.516552423674113925e+03 1.146802434396690400e+16 1.312463532090094942e+34 2.218737008777801195e-02 3.554842620772758278e-08 2.638950849043076960e+04 1.258039205157465331e+05 3.547766239404954831e+02 9.722116047254198215e-03 4.747390084503363283e+01 1.838957568303506873e+00 8.555336801217324760e-01 1.154334315681278422e+00 3.953384587870801825e-01 
1.333915196122594615e+01 7.482022195949080924e+03 1.125874057100705200e+16 1.288511950577056891e+34 2.184969489712816973e-02 3.538565866109438583e-08 2.625742809420442791e+04 1.246011252262226335e+05 3.522883652760397126e+02 9.620918715076779912e-03 4.785033370254116392e+01 1.792558974010594941e+00 8.626319979877543620e-01 1.156225817774611420e+00 3.945042596832689097e-01 
1.318591092230569650e+01 7.447650596350286833e+03 1.105327608690730400e+16 1.264997469404675173e+34 2.151207652975254195e-02 3.523182550125431325e-08 2.612663380059592237e+04 1.234414742878401594e+05 3.483729374152022729e+02 9.519244960937572192e-03 4.823804195851884913e+01 1.746464778828521691e+00 8.698866409718442050e-01 1.158272938367567395e+00 3.937444336574293380e-01 
1.303594241136784859e+01 7.413436896157292722e+03 1.085156119220076200e+16 1.241912111784118122e+34 2.117462538816993617e-02 3.508712121926881573e-08 2.599708834908363497e+04 1.223249207115475292e+05 3.470315854872288241e+02 9.417023794423573860e-03 4.863778579995657481e+01 1.700706455881658696e+00 8.773016871537815398e-01 1.160484312017173281e+00 3.930674177336124786e-01 
1.288930228794020749e+01 7.379380369997345952e+03 1.065352745938930200e+16 1.219248046497628827e+34 2.083742854902641620e-02 3.495178756919684553e-08 2.586874571899970397e+04 1.212515389826712490e+05 3.475396637620490878e+02 9.314166523984812596e-03 4.905045895015378221e+01 1.655311492291447806e+00 8.848830937072944547e-01 1.162870758271981053e+00 3.924839121963689670e-01 
1.274602276429395076e+01 7.345480295829946044e+03 1.045910770973069600e+16 1.196997585241916131e+34 2.050060963719102861e-02 3.482602257419414291e-08 2.574156237794009212e+04 1.202212600472218328e+05 3.502332685378079873e+02 9.210603897788034386e-03 4.947691420448812494e+01 1.610312143920846761e+00 8.926352660217496959e-01 1.165441534461685080e+00 3.920033270426489524e-01 
1.260616202648894202e+01 7.311735954931599736e+03 1.026823599044999400e+16 1.175153180020100458e+34 2.016426952860030444e-02 3.471006711116927191e-08 2.561548939566539411e+04 1.192341353348832636e+05 3.486939072647699049e+02 9.106254724672446441e-03 4.991812158594409965e+01 1.565736427519017093e+00 9.005647461343272431e-01 1.168208410632919358e+00 3.916370433052264177e-01 
1.246977226866635569e+01 7.278146631880529640e+03 1.008084755236615000e+16 1.153707420581182604e+34 1.982852398719514922e-02 3.460415555192940455e-08 2.549047271095911856e+04 1.182901657992340042e+05 3.444966969310013383e+02 9.001039908665905281e-03 5.037510220262490179e+01 1.521613997008202324e+00 9.086777289001906066e-01 1.171182859139181076e+00 3.913969034670420899e-01 
1.233690330337270780e+01 7.244711614541526615e+03 9.896878827927348000e+15 1.132653031906285630e+34 1.949349803147779406e-02 3.450851581391716426e-08 2.536645707062045403e+04 1.173893208880620514e+05 3.442556182984581596e+02 8.894886987100298487e-03 5.084891112215562003e+01 1.477974857611318971e+00 9.169805110466188180e-01 1.174376553192219452e+00 3.912949563142360532e-01 
1.220762657621527936e+01 7.211430194050876707e+03 9.716267409647200000e+15 1.111982871740775654e+34 1.915930205627317667e-02 3.442341321013644589e-08 2.524337994901974525e+04 1.165316591042922082e+05 3.471537686503090185e+02 8.787712842946441422e-03 5.134073427923768662e+01 1.434846043533726467e+00 9.254812531043217216e-01 1.177803375105968220e+00 3.913453586755542557e-01 
1.208198531645798290e+01 7.178301664801280822e+03 9.538952028934046000e+15 1.091689928171370329e+34 1.882608085592454156e-02 3.434906178603969455e-08 2.512118131685373737e+04 1.157170711376314721e+05 3.472882575309108120e+02 8.679457280599434110e-03 5.185171306287676884e+01 1.392258342011680750e+00 9.341863325457979705e-01 1.181475179836930067e+00 3.915608640267763119e-01 
1.196007234054428814e+01 7.145325324426951738e+03 9.364872535307184000e+15 1.071767317247531271e+34 1.849394038350805208e-02 3.428576206995640181e-08 2.499978739018686974e+04 1.149456704588877765e+05 3.426308341484148627e+02 8.570031407169040327e-03 5.238323422189507284e+01 1.350236226220650426e+00 9.431060927481011991e-01 1.185408508070877831e+00 3.919585643801066221e-01 
1.184193119712353948e+01 7.112500473788671115e+03 9.193969875991826000e+15 1.052208280646198488e+34 1.816303631345943595e-02 3.423372721024794698e-08 2.487913127959515259e+04 1.142173008959599392e+05 3.437413243143178647e+02 8.459383704036619808e-03 5.293656904454725520e+01 1.308809693985249600e+00 9.522476309402770900e-01 1.189616035418975315e+00 3.925527158379898962e-01 
1.172767750224174499e+01 7.079826416958993832e+03 9.026186075886848000e+15 1.033006183379189603e+34 1.783347132979150318e-02 3.419329688021685486e-08 2.475912494726895238e+04 1.135321243184194172e+05 3.504441850361838533e+02 8.347418206870876878e-03 5.351334815447868465e+01 1.268000770414260847e+00 9.616236910049886788e-01 1.194117173073977467e+00 3.933640698380198586e-01 
1.161732183662443241e+01 7.047302461207507804e+03 8.861464217898024000e+15 1.014154511542428212e+34 1.750543543035731203e-02 3.416462152423544432e-08 2.463970450909469582e+04 1.128897743098490901e+05 3.424933583180640539e+02 8.234119140432469286e-03 5.411484099056109187e+01 1.227841121406378688e+00 9.712398502919472598e-01 1.198922601773248608e+00 3.944058499669064743e-01 
1.151100637622513112e+01 7.014927916986104719e+03 8.699748423629899000e+15 9.956468701062154438e+33 1.717902346194901883e-02 3.414808305577809807e-08 2.452076914633787965e+04 1.122904735274675186e+05 3.431392582117078405e+02 8.119386432149537647e-03 5.474293954840894827e+01 1.188349298991319580e+00 9.811117951943967297e-01 1.204055164865375227e+00 3.957028528792384536e-01 
1.140882094323308849e+01 6.982702097914411752e+03 8.540983834430488000e+15 9.774769807458817899e+33 1.685437799694276123e-02 3.414397298337336450e-08 2.440222383686197645e+04 1.117341568594072451e+05 3.508822924721344521e+02 8.003158907644952053e-03 5.539944088140788381e+01 1.149548723618606383e+00 9.912517901173495405e-01 1.209533477536651525e+00 3.972773935233888110e-01 
1.131083247467683428e+01 6.950624320765184166e+03 8.385116592781365000e+15 9.596386797119667327e+33 1.653165880104860708e-02 3.415253744858549513e-08 2.428398004348123141e+04 1.112206270055441710e+05 3.420841968165849494e+02 7.885403121195426121e-03 5.608610994865376398e+01 1.111463147406911656e+00 1.001671148822482982e+00 1.215374770019069794e+00 3.991507585171013561e-01 
1.121717856273229685e+01 6.918693905449879821e+03 8.232093824027937000e+15 9.421259157393312624e+33 1.621098720269973856e-02 3.417414970393605811e-08 2.416592066415230511e+04 1.107499550226870779e+05 3.455871498385035352e+02 7.766039467167609907e-03 5.680516651272471762e+01 1.074110804582653733e+00 1.012386760750451309e+00 1.221603070372919708e+00 4.013523719042568216e-01 
1.112793272627406083e+01 6.886910175004187295e+03 8.081863618442583000e+15 9.249327479943653440e+33 1.589252538229593212e-02 3.420906718952258002e-08 2.404794664220798950e+04 1.103218985858015949e+05 3.442888548258105175e+02 7.645044921078062057e-03 5.755863485492996290e+01 1.037512834846240350e+00 1.023411634910506018e+00 1.228237284370088389e+00 4.039075104322376597e-01 
1.104323508020684130e+01 6.855272455573694060e+03 7.934375013615474000e+15 9.080533440596970370e+33 1.557640160952875746e-02 3.425766505884096731e-08 2.392993280950888220e+04 1.099364562738570094e+05 3.440592435522273149e+02 7.522357223532622449e-03 5.834899213195021872e+01 1.001685356265085369e+00 1.034764275218525542e+00 1.235302995618215327e+00 4.068496210373543920e-01 
1.096320465556269319e+01 6.823780076399626523e+03 7.789577977166788000e+15 8.914819779556830401e+33 1.526276042491898563e-02 3.432028501058283672e-08 2.381175298192902119e+04 1.095934881604935363e+05 3.470730263866054770e+02 7.397934722035114964e-03 5.917878867635919704e+01 9.666449212993086793e-01 1.046462217267282835e+00 1.242824329628372082e+00 4.102130578925607951e-01 
1.088796710306613846e+01 6.792432369804572772e+03 7.647423389774023000e+15 8.752130281979620440e+33 1.495174426490019498e-02 3.439728192452584140e-08 2.369327486168107134e+04 1.092928407045619533e+05 3.445079742649119794e+02 7.271741412533764930e-03 6.005076749082961385e+01 9.324063046857015147e-01 1.058524265419229060e+00 1.250826683248851934e+00 4.140354812845820076e-01 
1.081768193445108928e+01 6.761228671178389959e+03 7.507863028509594000e+15 8.592409758905179507e+33 1.464348445239563312e-02 3.448907241159886741e-08 2.357434740556100951e+04 1.090344378802898864e+05 3.474174949065823625e+02 7.143726160225128720e-03 6.096804649711624080e+01 8.989819121571386296e-01 1.070972372883240320e+00 1.259339215956684077e+00 4.183613395828865711e-01 
1.075248475752652055e+01 6.730168318964057107e+03 7.370849550481978000e+15 8.435604028534824629e+33 1.433812380031113456e-02 3.459603614222401752e-08 2.345482260038256936e+04 1.088180627967018227e+05 3.466328404598093016e+02 7.013864801183695638e-03 6.193383139617796473e+01 8.663837000954445200e-01 1.083827514159397376e+00 1.268389449461118090e+00 4.232365376917187616e-01 
1.069255294955203262e+01 6.699250654643678899e+03 7.236336476775768000e+15 8.281659897851475065e+33 1.403579007171310358e-02 3.471863738989397211e-08 2.333452657689215266e+04 1.086436034443503595e+05 3.460425700054129265e+02 6.882109607687700477e-03 6.295183697059776762e+01 8.346210489433590896e-01 1.097114305389413680e+00 1.278009272628968684e+00 4.287163302405337384e-01 
1.063805657342779298e+01 6.668475022724538576e+03 7.104278176684758000e+15 8.130525144575125645e+33 1.373661673314714379e-02 3.485732662536591098e-08 2.321328561544405238e+04 1.085108552514931944e+05 3.526479656586729448e+02 6.748434604950082419e-03 6.402597434304350088e+01 8.037022941625164840e-01 1.110857733607607756e+00 1.288230699642802346e+00 4.348599620635316687e-01 
1.058919480629105969e+01 6.637840770725153561e+03 6.974629852232481000e+15 7.982148499447305120e+33 1.344072657385600965e-02 3.501263035484939039e-08 2.309089894774193453e+04 1.084196684845479904e+05 3.473397425534822105e+02 6.612794977287062004e-03 6.516072677726975826e+01 7.736337883759325518e-01 1.125085317870648804e+00 1.299088655314168950e+00 4.417373203983401275e-01 
1.054615766389304987e+01 6.607347249161498439e+03 6.847347522975695000e+15 7.836479628839353260e+33 1.314824837614819199e-02 3.518506206947478747e-08 2.296716492773880600e+04 1.083697836029118916e+05 3.487220666300985386e+02 6.475169188878478199e-03 6.636084944920402506e+01 7.444209191005524140e-01 1.139824645245788970e+00 1.310617833045715885e+00 4.494241889181758154e-01 
1.050919481142731371e+01 6.576993811533181542e+03 6.722388011084717000e+15 7.693469117677535773e+33 1.285929180500600816e-02 3.537527743232784279e-08 2.284183652530058316e+04 1.083610910473522672e+05 3.572451015491660087e+02 6.335493903910902926e-03 6.763202009774470014e+01 7.160667647351752763e-01 1.155107865295199376e+00 1.322858541773300534e+00 4.580139812200116345e-01 
1.047852005726498703e+01 6.546779814309789799e+03 6.599708926696483000e+15 7.553068452680286206e+33 1.257397860781818769e-02 3.558387771260101660e-08 2.271467778971300504e+04 1.083932777541742835e+05 3.533146910195795272e+02 6.193751025177289017e-03 6.898012732390681379e+01 6.885737486925631590e-01 1.170965131802906622e+00 1.335848149217926162e+00 4.676057394518928767e-01 
1.045442059202500396e+01 6.516704616917198109e+03 6.479268653534483000e+15 7.415230005900868277e+33 1.229241156987483964e-02 3.581162980332479732e-08 2.258540216138761025e+04 1.084661961830761866e+05 3.518276964038927304e+02 6.049878777820636745e-03 7.041220358925141909e+01 6.619421984262869874e-01 1.187432122871032059e+00 1.349631018728326470e+00 4.783216215855956022e-01 
1.043717046732023412e+01 6.486767581724009688e+03 6.361026334791422000e+15 7.279907018570725906e+33 1.201469675413431755e-02 3.605932109822080095e-08 2.245370935699560505e+04 1.085795751975563035e+05 3.521317330608661678e+02 5.903832389203377343e-03 7.193596761281074237e+01 6.361716212684721539e-01 1.204543314017400668e+00 1.364249716367412990e+00 4.902991113293997949e-01 
1.042711338301317348e+01 6.456968074028060073e+03 6.244941859269496000e+15 7.147053585237646798e+33 1.174092550647321508e-02 3.632792327361976417e-08 2.231923897013735041e+04 1.087332700885282684e+05 3.532264731870349692e+02 5.755523740174212956e-03 7.356061549824507040e+01 6.112601451950697706e-01 1.222337670297021672e+00 1.379752643005993429e+00 5.037067311486850274e-01 
1.042456690191419533e+01 6.427305462042907493e+03 6.130975847773308000e+15 7.016624638193078741e+33 1.147119535329192176e-02 3.661838850139276420e-08 2.218163774816325531e+04 1.089269471575108328e+05 3.545548977830255239e+02 5.604912953333411434e-03 7.529601092770748494e+01 5.872047776409572428e-01 1.240852389590198168e+00 1.396185553380779210e+00 5.187314673507100737e-01 
1.042993203017741344e+01 6.397779116884496943e+03 6.019089639751545000e+15 6.888575932184128747e+33 1.120559030971445338e-02 3.693194758670117834e-08 2.204045233450960222e+04 1.091604228661297093e+05 3.561934192082042614e+02 5.451883588794032010e-03 7.715432373785313303e+01 5.640023435844070399e-01 1.260127623545133302e+00 1.413598878135983616e+00 5.356091388688630772e-01 
1.044362978702016065e+01 6.368388412557778793e+03 5.909245280182021000e+15 6.762864029404087264e+33 1.094418950492566725e-02 3.726992133153436027e-08 2.189520958563800741e+04 1.094334468047332630e+05 3.589417993045998969e+02 5.296343193223676873e-03 7.914920896082880120e+01 5.416480989927756617e-01 1.280204625572626709e+00 1.432044092947229341e+00 5.546143093948966429e-01 
1.046613649476796581e+01 6.339132725943457444e+03 5.801405506696316000e+15 6.639446284757160945e+33 1.068706592418419525e-02 3.763387984420593096e-08 2.174534862300533132e+04 1.097457887730046496e+05 3.646239529852687156e+02 5.138157408895896276e-03 8.129698322698978075e+01 5.201373799358333105e-01 1.301124684663375719e+00 1.451573515530374836e+00 5.760842232566756316e-01 
1.049799238792001788e+01 6.310011436784798207e+03 5.695533736939376000e+15 6.518280831392107056e+33 1.043428433154392453e-02 3.802566301313780620e-08 2.159022573001728961e+04 1.100972505942283169e+05 3.626041461847364076e+02 4.977164887126690751e-03 8.361700481173645016e+01 4.994651384829377760e-01 1.322929789033882697e+00 1.472241077858435832e+00 6.004322219982268782e-01 
1.053976825090832214e+01 6.281023927674433253e+03 5.591594056159563000e+15 6.399326566499604446e+33 1.018590934818472231e-02 3.844734344378721638e-08 2.142912502921340274e+04 1.104875316989512794e+05 3.629471630868914644e+02 4.813203832808356404e-03 8.613194212473534606e+01 4.796263837685812992e-01 1.345658695454112319e+00 1.494097464128850028e+00 6.281604866585864810e-01 
1.059218291803977863e+01 6.252169584041323105e+03 5.489551205025523000e+15 6.282543137369212861e+33 9.941988350027646318e-03 3.890156557359871132e-08 2.126114808509668728e+04 1.109165333893258648e+05 3.684230205090207733e+02 4.646012054145501162e-03 8.887022291390756834e+01 4.606169831256980984e-01 1.369352146359730460e+00 1.517197568798257512e+00 6.599167712715101608e-01 
1.065597609827391246e+01 6.223447794137682649e+03 5.389370567665051000e+15 6.167890927700393508e+33 9.702576139959489393e-03 3.939134965802447410e-08 2.108527652765499079e+04 1.113839609359854076e+05 3.676370919713828584e+02 4.475322292131864166e-03 9.186587039985477077e+01 4.424342812520316026e-01 1.394040275744689694e+00 1.541585062446692467e+00 6.965073556501981678e-01 
1.073204254914355182e+01 6.194857949026028109e+03 5.291018159922445000e+15 6.055331044163579833e+33 9.467712389171430848e-03 3.992041192791820601e-08 2.090029317351670397e+04 1.118896428731443593e+05 3.680473471925110971e+02 4.300801465994799969e-03 9.516117393154627280e+01 4.250765520806624731e-01 1.419751446211721779e+00 1.567303309097649811e+00 7.389743254977096942e-01 
1.082140517970889171e+01 6.166399442566289508e+03 5.194460617830187000e+15 5.944825303206540437e+33 9.237435854206894892e-03 4.049337579703140235e-08 2.070469248440607043e+04 1.124333793101913325e+05 3.707948477357094816e+02 4.122015726978503145e-03 9.880985119945118811e+01 4.085458668527493509e-01 1.446499351043802672e+00 1.594381342598226725e+00 7.886905855088797157e-01 
1.092529209324326267e+01 6.138071671402911306e+03 5.099665186290752000e+15 5.836336218101219491e+33 9.011774253556141534e-03 4.111606544920729386e-08 2.049662194412172539e+04 1.130150639171147341e+05 3.728115102790334845e+02 3.938425169156743906e-03 1.028808896222644194e+02 3.928479255648413271e-01 1.474284190748796242e+00 1.622835465117729692e+00 8.474960878374934170e-01 
1.104511584731845453e+01 6.109874034952114926e+03 5.006599707965324000e+15 5.729826986227376873e+33 8.790758982579553391e-03 4.179586249836413786e-08 2.027376305970986141e+04 1.136344865310644818e+05 3.745932559218654774e+02 3.749359489833769318e-03 1.074644572030941561e+02 3.779952324586347556e-01 1.503074873345905393e+00 1.652649599924187918e+00 9.179054775167386770e-01 
1.118260404577244316e+01 6.081805935389118531e+03 4.915232612364945000e+15 5.625261476587896340e+33 8.574410848992675832e-03 4.254239737564724921e-08 2.003316568608212401e+04 1.142915278393435729e+05 3.808737310032047390e+02 3.553972504981967994e-03 1.126812525314907418e+02 3.640084663261371478e-01 1.532804274674626654e+00 1.683770587329942670e+00 1.003454744375065211e+00 
1.133987271566333632e+01 6.053866777635485050e+03 4.825532905140970000e+15 5.522604217552201523e+33 8.362748954256881556e-03 4.336864027782367713e-08 1.977092271884921138e+04 1.149860724570501188e+05 3.794269053238332390e+02 3.351137782338820155e-03 1.186985725640767555e+02 3.509226958872764257e-01 1.563339562447958242e+00 1.716075985462701459e+00 1.109299038879318022e+00 
1.151954971293035257e+01 6.026055969346519305e+03 4.737470157570933000e+15 5.421820384823304120e+33 8.155792821839966122e-03 4.429248430170965430e-08 1.948176311442380756e+04 1.157179666487491486e+05 3.821947631620589618e+02 3.139366428527347926e-03 1.257553380822520097e+02 3.387942740173987000e-01 1.594444044425300300e+00 1.749332149094094291e+00 1.243233831206982831e+00 
1.172504399107927675e+01 5.998372920898669690e+03 4.651014496236124000e+15 5.322875789624250727e+33 7.953557503348902477e-03 4.533977206561062397e-08 1.915826063764679566e+04 1.164871192896094144e+05 3.848563189717174851e+02 2.916595317215912083e-03 1.342091168446838196e+02 3.277141392345341298e-01 1.625712433865214912e+00 1.783123452526971686e+00 1.417677075027526934e+00 
1.196080964830280458e+01 5.970817045377075374e+03 4.566136592887817000e+15 5.225736867100489981e+33 7.756061611532023663e-03 4.654929933353560262e-08 1.878960192080861088e+04 1.172933048307364224e+05 3.897944573612752492e+02 2.679951064603532888e-03 1.446214371057004371e+02 3.178306777817876960e-01 1.656441812277338999e+00 1.816708798808871927e+00 1.653595444496582134e+00 
1.223305626934275736e+01 5.943387758563075295e+03 4.482807654498133000e+15 5.130370664933524657e+33 7.563327680757645465e-03 4.798411041678292241e-08 1.835875537456486200e+04 1.181362493021242699e+05 3.917532757551837790e+02 2.425043492915201267e-03 1.579488569258430175e+02 3.094025679203227797e-01 1.685367494082852469e+00 1.848731074233550764e+00 1.989692938850821324e+00 
1.255083538313768976e+01 5.916084478921869959e+03 4.400999413492765500e+15 5.036744832162715107e+33 7.375387492271806393e-03 4.975565405292401602e-08 1.783685083522886998e+04 1.190153876626019483e+05 3.957670040100508686e+02 2.144862106390507932e-03 1.759859933155333636e+02 3.029104275661482215e-01 1.710075778699148064e+00 1.876565539396313431e+00 2.506032848854107709e+00 
1.292862098805290749e+01 5.888906627590148673e+03 4.320684118161674500e+15 4.944827608210746852e+33 7.192290444449919197e-03 5.209173848052658537e-08 1.716781879217603637e+04 1.199296228058350825e+05 3.955637431196004172e+02 1.826685515374013198e-03 2.026756034872420855e+02 2.993780405318490212e-01 1.725385482984373775e+00 1.894528457957706635e+00 3.400972702471918296e+00 
1.339268062268067006e+01 5.861853628363836833e+03 4.241834523244962000e+15 4.854587812109595268e+33 7.014124406448562360e-03 5.558092621165183105e-08 1.621706747903590076e+04 1.208761444646879245e+05 3.969635991174837386e+02 1.443040322048506387e-03 2.492751530187628930e+02 3.015376710868935550e-01 1.717664233070935520e+00 1.887583167274632379e+00 5.342793196110251941e+00 
1.400399687624659073e+01 5.834924907685896869e+03 4.164423880690556000e+15 4.765994831923109495e+33 6.841066716105698858e-03 6.284799784762958640e-08 1.445695768472141572e+04 1.218458809631008480e+05 3.775209611783167247e+02 9.041210014495823424e-04 3.754774580871737726e+02 3.219374413965802595e-01 1.628571149282834307e+00 1.791266457720423588e+00 1.308098948210080081e+01 
1.466906323969565129e+01 5.808119894634126467e+03 4.088425930580370000e+15 4.679018614362414403e+33 6.673380244645598508e-03 8.557861142675654004e-08 1.069163702763264882e+04 1.227020835710290121e+05 8.988760573604353965e+01 2.685682432950005816e-04 8.601294328140951961e+01 4.144996212382863199e-01 1.284284610224803336e+00 1.412540161663188965e+00 1.030155846742813175e+01 
1.500347185140901907e+01 5.781438020909100487e+03 4.013814892222321000e+15 4.593629654591126095e+33 6.510311121370876419e-03 9.896260488377499020e-08 9.292711541770326221e+03 1.233264044866925542e+05 3.689533939549466623e+01 1.524907587509152860e-04 2.221168992876244630e+01 4.539291092558651597e-01 1.164364377950213525e+00 1.278900727490087430e+00 4.680780955691692391e+00 
1.519263308128344825e+01 5.754878720822083778e+03 3.940565455404667500e+15 4.509798986216338230e+33 6.351117347394975507e-03 1.080257415321873638e-07 8.550822863840672653e+03 1.238732869202902657e+05 2.172930222996774319e+01 1.088388008062358346e-04 9.952255499295942442e+00 4.695029470542307348e-01 1.107198937438798048e+00 1.213733693550946846e+00 2.908298009243970750e+00 
1.529937244245638794e+01 5.728441431283053134e+03 3.868652771810098000e+15 4.427498171462436326e+33 6.195443120062743732e-03 1.150885000585803803e-07 8.059287350733334279e+03 1.243858751714362588e+05 1.490038301943286392e+01 8.553527711402688879e-05 5.623116091678865835e+00 4.740282073446265843e-01 1.072850770233589435e+00 1.173387294615948262e+00 2.058644181983816601e+00 
1.535104426277128375e+01 5.702125591788777456e+03 3.798052446586517500e+15 4.346699291524239790e+33 6.043071651133161831e-03 1.209778976462548349e-07 7.697677728649176970e+03 1.248844178106934560e+05 1.111846245547511991e+01 7.090231518784257476e-05 3.612705779101183623e+00 4.721915321905350571e-01 1.049890851983126483e+00 1.145410637634617368e+00 1.565488958176729728e+00 
1.536280413735899764e+01 5.675930644410894274e+03 3.728740530071504000e+15 4.267374937096019806e+33 5.893855708003144754e-03 1.260944733225728170e-07 7.414691991271974075e+03 1.253809807341284759e+05 8.755940915476994491e+00 6.079537865640410031e-05 2.518623013766303487e+00 4.663078269822682476e-01 1.033582022070480111e+00 1.124660849101525750e+00 1.245606304607804082e+00 
1.534420330246299180e+01 5.649856033784124520e+03 3.660693509668008500e+15 4.189498199073605341e+33 5.747684048947772351e-03 1.306661852674719576e-07 7.183951419069697295e+03 1.258835827025350736e+05 7.158527393770663494e+00 5.335980365096709878e-05 1.857896879443852400e+00 4.577121463489663977e-01 1.021546756482672347e+00 1.108565259044723694e+00 1.022429107008837823e+00 
1.530174683864228591e+01 5.623901207094458186e+03 3.593888301868101500e+15 4.113042659425919598e+33 5.604472919451082211e-03 1.348365063493684135e-07 6.990205761539910782e+03 1.263979256153920869e+05 6.016169073382159560e+00 4.763757686422194314e-05 1.428352592422714507e+00 4.472518296137636962e-01 1.012438730218237604e+00 1.095672634184779781e+00 8.584966591239799882e-01 
1.524013497410571460e+01 5.598065614067470960e+03 3.528302244422478000e+15 4.037982382233334429e+33 5.464155656841501382e-03 1.387023611772148099e-07 6.823887574828952893e+03 1.269282268001840130e+05 5.164360213059534743e+00 4.308231282090035994e-05 1.133304419996066015e+00 4.355006181072704763e-01 1.005430141905568675e+00 1.085093932236999681e+00 7.333835386890186214e-01 
1.516288389958829619e+01 5.572348706956625392e+03 3.463913088652686000e+15 3.964291904889363155e+33 5.326676105795322830e-03 1.423327041422699497e-07 6.678624060314858070e+03 1.274776925437472382e+05 4.508324886262467857e+00 3.935895574828976700e-05 9.218031984574074356e-01 4.228649727995497654e-01 9.999788708927890291e-01 1.076248707810477434e+00 6.350332269548892850e-01 
1.507272180031583986e+01 5.546749940531673019e+03 3.400698991903775000e+15 3.891946229463056821e+33 5.191987035922116314e-03 1.457785360317307631e-07 6.549972742711182946e+03 1.280488176781146030e+05 3.989883510618398521e+00 3.625034701597975369e-05 7.649377990604890876e-01 4.096426687060707450e-01 9.957137485164984092e-01 1.068740964044741837e+00 5.558856466712969180e-01 
1.497181062586336786e+01 5.521268772067108330e+03 3.338638510134672500e+15 3.820920814219026719e+33 5.060047869307537222e-03 1.490788261418901800e-07 6.434718810298531935e+03 1.286435551200904883e+05 3.571487809525865753e+00 3.360934361143190648e-05 6.453090013414152226e-01 3.960575575972880014e-01 9.923702580631703629e-01 1.062289345720403677e+00 4.909650598597817828e-01 
1.486189900332164449e+01 5.495904661330628187e+03 3.277710590643660500e+15 3.751191565292080610e+33 4.930821654427249533e-03 1.522641448013965713e-07 6.330465753944738026e+03 1.292634690383986162e+05 3.227901386960817742e+00 3.133261326646613761e-05 5.519365903967258236e-01 3.822808489823721345e-01 9.897542329508249859e-01 1.056687820670928035e+00 4.368666323879301649e-01 
1.474442429405610433e+01 5.470657070571717668e+03 3.217894564926793000e+15 3.682734828514004223e+33 4.804274640419275641e-03 1.553588999047002069e-07 6.235385451510919665e+03 1.299098072017297673e+05 2.941582167336585840e+00 2.934546890608630349e-05 4.776155220005213753e-01 3.684451351048641521e-01 9.877200293592504066e-01 1.051782132512887546e+00 3.911850730825114364e-01 
1.462058147285882015e+01 5.445525464510216807e+03 3.159170141666465500e+15 3.615527381389295031e+33 4.680375517597788922e-03 1.583829978541711439e-07 6.148050898586760013e+03 1.305835613721932168e+05 2.699983146157833858e+00 2.759250174155490563e-05 4.174560209036637382e-01 3.546542627965166838e-01 9.861554782394310603e-01 1.047453605383285469e+00 3.521729592370267392e-01 
1.449137709361744086e+01 5.420509310324980106e+03 3.101517399848033500e+15 3.549546425217446181e+33 4.559094327830219215e-03 1.613528736884437013e-07 6.067330320903393840e+03 1.312855233718414675e+05 2.493911148164417835e+00 2.603175745855386552e-05 3.680458838529234167e-01 3.409898363738567695e-01 9.849731221511427437e-01 1.043609707656529162e+00 3.185317439117277827e-01 
1.435766633220965716e+01 5.395608077642605167e+03 3.044916782002094000e+15 3.484769577359040670e+33 4.440401642323656139e-03 1.642822927121740412e-07 5.992311810542480998e+03 1.320163297671817709e+05 2.316487163204775435e+00 2.463086880894693146e-05 3.269446913838159330e-01 3.275160836865045333e-01 9.841036685180865051e-01 1.040177028838772388e+00 2.892766584244073624e-01 
1.422017997115031562e+01 5.370821238526142224e+03 2.989349087569917500e+15 3.421174863642789593e+33 4.324268626180472960e-03 1.671829299568519628e-07 5.922249760651990982e+03 1.327764787127728050e+05 2.162467890481797106e+00 2.336444664230942947e-05 2.923688961025901478e-01 3.142835769116132383e-01 9.834912497264467479e-01 1.037096227861836972e+00 2.636473749476163086e-01 
1.407954934994481633e+01 5.346148267463951925e+03 2.934795466390186000e+15 3.358740710911397129e+33 4.210666991998791332e-03 1.700647262431167132e-07 5.856529032980534794e+03 1.335663445893120952e+05 2.027792634101914793e+00 2.221232054807339575e-05 2.629911216262232343e-01 3.013318710612448714e-01 9.830907698327783217e-01 1.034319211744677336e+00 2.410482107364337878e-01 
1.393632130701385208e+01 5.321588641358519453e+03 2.881237412304373000e+15 3.297445939703209131e+33 4.099567649394837525e-03 1.729362781176639508e-07 5.794635939143930045e+03 1.343862264573378488e+05 1.909270742134615340e+00 2.115824461012563528e-05 2.378064295503091452e-01 2.886914979834885875e-01 9.828652705622719088e-01 1.031806309166578339e+00 2.210057632529306149e-01 
1.379097253796630973e+01 5.297141839515384163e+03 2.828656756878969000e+15 3.237269757067581007e+33 3.990941383842681184e-03 1.758050659163807283e-07 5.736137181828881694e+03 1.352363404303381394e+05 1.804362825457097141e+00 2.018898459714505025e-05 2.160424462099478360e-01 2.763857356534692999e-01 9.827841946208670798e-01 1.029524458955807908e+00 2.031391111602228461e-01 
1.364391913764807995e+01 5.272807343632116499e+03 2.777035663242258000e+15 3.178191749511350650e+33 3.884758720591268821e-03 1.786776431526004323e-07 5.680664178000635729e+03 1.361168301546803850e+05 1.711024153722038310e+00 1.929365051456152894e-05 1.970975526250768051e-01 2.644318901118444809e-01 9.828220141163207524e-01 1.027445759917040125e+00 1.871383495327843260e-01 
1.349552793308538412e+01 5.248584637787288557e+03 2.726356620033452000e+15 3.120191876073893241e+33 3.780989579507015516e-03 1.815597640060756185e-07 5.627902110064645058e+03 1.370277857565967133e+05 1.627591602522633352e+00 1.846321256606870597e-05 1.804977884209688910e-01 2.528422412688076104e-01 9.829576178330555747e-01 1.025546833884158238e+00 1.727490708978080547e-01 
1.334612162892375764e+01 5.224473208429583792e+03 2.676602435462433000e+15 3.063250461528766835e+33 3.679602983006442438e-03 1.844565529575913517e-07 5.577579250600120758e+03 1.379692596438122855e+05 1.552699162278984524e+00 1.769010601757997739e-05 1.658652957536903005e-01 2.416249158800694574e-01 9.831732006700243387e-01 1.023807652846945082e+00 1.597603152258317005e-01 
1.319598607515628785e+01 5.200472544366866714e+03 2.627756231477717000e+15 3.007348189709209967e+33 3.580567396362753594e-03 1.873725551892983047e-07 5.529460602412625121e+03 1.389412631673784635e+05 1.485215343127703091e+00 1.696795874586563184e-05 1.528960762149028096e-01 2.307845823519460715e-01 9.834539315860455488e-01 1.022211212706498173e+00 1.479958797097901402e-01 
1.304537275806712593e+01 5.176582136755363535e+03 2.579801438040969000e+15 2.952466096955582025e+33 3.483850948365469630e-03 1.903118733183743066e-07 5.483339836885877048e+03 1.399437613272979506e+05 1.424194943415349357e+00 1.629134266471427489e-05 1.413427666790374737e-01 2.203231428374673451e-01 9.837869270610208883e-01 1.020742458445762280e+00 1.373071472972232365e-01 
1.289450635963155101e+01 5.152801479088889209e+03 2.532721787506001500e+15 2.898585565682383502e+33 3.389420674850313411e-03 1.932781976107847564e-07 5.439036889060271278e+03 1.409767086251449364e+05 1.368843261779786324e+00 1.565562538370496767e-05 1.310029269301650756e-01 2.102400101361682205e-01 9.841615275907646954e-01 1.019388587588191841e+00 1.275682570909850988e-01 
1.274358620323615909e+01 5.129130067188073554e+03 2.486501309100247000e+15 2.845688318062549688e+33 3.297243016445621389e-03 1.962748714283443604e-07 5.396393055874396850e+03 1.420400354010898154e+05 1.318487270142928658e+00 1.505682134971741047e-05 1.217093607690881152e-01 2.005326182189154649e-01 9.845686582048563951e-01 1.018138387152708102e+00 1.186717833935433952e-01 
1.259278966541308442e+01 5.105567399189711978e+03 2.441124323507096000e+15 2.793756409827178893e+33 3.207283821566630708e-03 1.993049382487372704e-07 5.355267892267710522e+03 1.431336532117242750e+05 1.272553472107375683e+00 1.449148254014477133e-05 1.133229910290578374e-01 1.911967547122374600e-01 9.850006129698629653e-01 1.016982021177024853e+00 1.105255045143295617e-01 
1.244227526089795610e+01 5.082112975536083468e+03 2.396575437546935000e+15 2.742772224178226235e+33 3.119508682991051305e-03 2.023711546655712349e-07 5.315536863153574814e+03 1.442574461831765948e+05 1.230550395230704863e+00 1.395661402435225598e-05 1.057273985538003530e-01 1.822268742719713452e-01 9.854509237037196723e-01 1.015910914203989268e+00 1.030498470149743689e-01 
1.229218270524888013e+01 5.058766298964402267e+03 2.352839538955422000e+15 2.692718465812471639e+33 3.033882136250883738e-03 2.054761114699096977e-07 5.277088058149941389e+03 1.454113060376190406e+05 1.192054381499531912e+00 1.344958736084079438e-05 9.882432546291963771e-02 1.736162818071537994e-01 9.859138509279715690e-01 1.014917190864791818e+00 9.617567510259716901e-02 
1.214263836859528212e+01 5.035526874496239543e+03 2.309901791256905500e+15 2.643578155054380701e+33 2.950368422201779701e-03 2.086221494563525907e-07 5.239822527890445599e+03 1.465951117777635227e+05 1.156698774588919454e+00 1.296810721088100160e-05 9.253071454465611190e-02 1.653573548173912500e-01 9.863848621166723118e-01 1.013994231953437186e+00 8.984286960632757724e-02 
1.199375404436044690e+01 5.012394209427041460e+03 2.267747628731483000e+15 2.595334622096132773e+33 2.868931354682712365e-03 2.118114745744956914e-07 5.203650521641039632e+03 1.478087352132642700e+05 1.124164413678528929e+00 1.251013959274015552e-05 8.677561695296917565e-02 1.574417770632562941e-01 9.868599000118065678e-01 1.013135891642547248e+00 8.399869079091125401e-02 
1.184562963677390179e+01 4.989367813315704552e+03 2.226362751473932500e+15 2.547971501342788286e+33 2.789534617033258886e-03 2.150461119377753596e-07 5.168491573493106443e+03 1.490520326551171602e+05 1.094172404206775528e+00 1.207388729463045890e-05 8.149832015643752869e-02 1.498606727959225504e-01 9.873356175638993149e-01 1.012336762162653336e+00 7.859680959891755803e-02 
1.169835413470922347e+01 4.966447197974134724e+03 2.185733120542693500e+15 2.501472725860519467e+33 2.712141179135730065e-03 2.183279841903988877e-07 5.134273027881122289e+03 1.503248780468092882e+05 1.066478028607628747e+00 1.165775029734514816e-05 7.664657122244154797e-02 1.426046827383225801e-01 9.878092095618790092e-01 1.011591992710568544e+00 7.359634111175410165e-02 
1.155200726377051623e+01 4.943631877456943585e+03 2.145844953197537500e+15 2.455822521926338512e+33 2.636713907704974717e-03 2.216588835658011861e-07 5.100929321192048519e+03 1.516271398765591439e+05 1.040865740951054885e+00 1.126030233061941421e-05 7.217521840797805344e-02 1.356641341669954370e-01 9.882784062992296947e-01 1.010897307694984981e+00 6.896108860829262832e-02 
1.140665837234406688e+01 4.920921368051101126e+03 2.106684718223987500e+15 2.411005403677106414e+33 2.563215446694992392e-03 2.250405289470601185e-07 5.068400302541092969e+03 1.529586858461441589e+05 1.017144816884409275e+00 1.088025964209079745e-05 6.804496499617941618e-02 1.290291432486549705e-01 9.887411004340946885e-01 1.010248589100233296e+00 6.465882008701981376e-02 
# Sigma_plus_index = 96  Sigma_minus_index = 123
# Non-converged_fits = 0