# Sigma0 	Teff 	Mdot 	F 	z0r 	rho_c 	T_c 	P_c 	tau 	PradPgas_c 	varkappa_c 	Pi1 	Pi2 	Pi3 	Pi4
# All values are in CGS units.
# M = 1.005829e+00 Msun, alpha = 0.01, r = 1.000000e+10 cm, r = 33664.77303750273 rg, structure = BellLin, mu = 0.62
6.165428698798992855e+02 1.000000000000000000e+04 3.592641175954258000e+16 4.111615380207851587e+34 7.358157328012954190e-02 7.839817531424373939e-07 8.942732065539342875e+04 9.401965848387736827e+06 1.555130753228632966e+04 1.715504955601270323e-02 4.951242950184936120e+01 5.924803949323225183e+00 5.343899226572275118e-01 1.149292413843198357e+00 4.474741143309640123e-01 
6.090784031683143667e+02 9.954061083088736268e+03 3.527077877722322000e+16 4.036581149906245948e+34 7.325873198365262517e-02 7.769322852170445032e-07 8.888319361531046161e+04 9.260731975223042071e+06 1.545840515265076647e+04 1.699663929279928223e-02 4.981949988303249910e+01 5.909800901741002477e+00 5.350577250423294018e-01 1.149267286917649677e+00 4.474725962579104710e-01 
6.017033696964983847e+02 9.908333204586158899e+03 3.462711065825776400e+16 3.962916244114899349e+34 7.293593719866194036e-02 7.699450351808954512e-07 8.834236256279316149e+04 9.121604291120167822e+06 1.536604082676117469e+04 1.683970892622017879e-02 5.012843302807880974e+01 5.894606956128949804e+00 5.357364027880572310e-01 1.149241819640575368e+00 4.474703079164245034e-01 
5.944166963538558548e+02 9.862815395004698075e+03 3.399518905189398400e+16 3.890595673577518944e+34 7.261323263688167218e-02 7.630195869145390839e-07 8.780479674936497759e+04 8.984551947176046669e+06 1.527421028987656064e+04 1.668423560198397521e-02 5.043926342525539752e+01 5.879229790302118452e+00 5.364256623171578253e-01 1.149215819354168833e+00 4.474676691829233000e-01 
5.872173369815304795e+02 9.817506689310463116e+03 3.337479959213424400e+16 3.819594905074957494e+34 7.229046509098950579e-02 7.561553614302671372e-07 8.727048489234763838e+04 8.849544559757221490e+06 1.518291283095109975e+04 1.653021133402431814e-02 5.075198778703516922e+01 5.863643824035027485e+00 5.371267960055852164e-01 1.149189388665328826e+00 4.474643804093887955e-01 
5.801042380153431850e+02 9.772406126902860706e+03 3.276573182501746000e+16 3.749889853102962009e+34 7.196772242385092444e-02 7.493518584031726877e-07 8.673940585432405351e+04 8.716552038407046348e+06 1.509214431442625937e+04 1.637762093655148812e-02 5.106662172202763372e+01 5.847863194962745759e+00 5.378392531661594367e-01 1.149162453706545239e+00 4.474604965956592295e-01 
5.730763613526600011e+02 9.727512751594169458e+03 3.216777913722624000e+16 3.681456871701584606e+34 7.164513870374675242e-02 7.426085561495443088e-07 8.621154123454523506e+04 8.585544696675509214e+06 1.500189769450213134e+04 1.622645140944123376e-02 5.138317548916339206e+01 5.831909489445447292e+00 5.385621431594976860e-01 1.149134982354368839e+00 4.474559729506558670e-01 
5.661327048138051623e+02 9.682825611589285472e+03 3.158073868599796000e+16 3.614272746433821529e+34 7.132242583193479368e-02 7.359249793576152957e-07 8.568687170027822140e+04 8.456493659723317251e+06 1.491218093749993750e+04 1.607668836784145391e-02 5.170166385554355060e+01 5.815735688661591851e+00 5.392977373788993001e-01 1.149106974231082656e+00 4.474508430587604280e-01 
5.592722456097054646e+02 9.638343759465578842e+03 3.100441133031513200e+16 3.548314686510661211e+34 7.099972992575094566e-02 7.293006118388715121e-07 8.516537884800403845e+04 8.329370034083972685e+06 1.482298616823141492e+04 1.592831900081079222e-02 5.202209741259850517e+01 5.799365332188330058e+00 5.400450594293740858e-01 1.149078375808768815e+00 4.474450605523698221e-01 
5.524939907285796608e+02 9.594066252152739253e+03 3.043860156335011600e+16 3.483560317059689048e+34 7.067700288825062849e-02 7.227349654263162070e-07 8.464704389263167104e+04 8.204145569263987243e+06 1.473431025080207837e+04 1.578132982375171980e-02 5.234448923326518610e+01 5.782790393611243474e+00 5.408045941863692807e-01 1.149049161438933542e+00 4.474386236645865322e-01 
5.457969598191643854e+02 9.549992150912858051e+03 2.988311744614462400e+16 3.419987671535003917e+34 7.035419158593769762e-02 7.162275423243312241e-07 8.413184978604684875e+04 8.080792424779738300e+06 1.464615571776392062e+04 1.563570868491795732e-02 5.266884900544223314e+01 5.766001863024755814e+00 5.415768873028192765e-01 1.149019330840338249e+00 4.474314669273487532e-01 
5.391801657827126064e+02 9.506120521320448461e+03 2.933777054249746400e+16 3.357575184265416562e+34 7.003145679526104339e-02 7.097778338732091450e-07 8.361977922976200352e+04 7.959282959398783743e+06 1.455851136192034392e+04 1.549144367161599083e-02 5.299518583958194284e+01 5.749025830646238511e+00 5.423608332187793701e-01 1.148988840288988733e+00 4.474235112988346752e-01 
5.326426546090021930e+02 9.462450433242707732e+03 2.880237585504248400e+16 3.296301683138860118e+34 6.970861532222850931e-02 7.033853748812435509e-07 8.311081349801966280e+04 7.839590227050083689e+06 1.447138480045847609e+04 1.534852127394580566e-02 5.332351418543035493e+01 5.731832122382603423e+00 5.431579699863684496e-01 1.148957667962726470e+00 4.474147721598670802e-01 
5.261834781462330284e+02 9.418980960819737447e+03 2.827675176249142400e+16 3.236146382420115261e+34 6.938565624292468426e-02 6.970496478187707944e-07 8.260493943096815201e+04 7.721687557081535459e+06 1.438477049792769867e+04 1.520693235001592362e-02 5.365383559751169429e+01 5.714418357728710873e+00 5.439685601629110634e-01 1.148925860955553491e+00 4.474050334125210249e-01 
5.198016851728415304e+02 9.375711182444940277e+03 2.776071995802304000e+16 3.177088875699727213e+34 6.906266608826706899e-02 6.907702483633780712e-07 8.210213024245154520e+04 7.605548589925870299e+06 1.429866469883647005e+04 1.506665789876055796e-02 5.398618207254782675e+01 5.696799243931454093e+00 5.447920024864454369e-01 1.148893232768281925e+00 4.473946168316087491e-01 
5.134963515573155064e+02 9.332640180745505859e+03 2.725410538879663200e+16 3.119109128971600315e+34 6.873955301893663883e-02 6.845466672578579570e-07 8.160237352084107988e+04 7.491147476207494736e+06 1.421306774858507561e+04 1.492768930433367551e-02 5.432055456743010780e+01 5.678959078228956514e+00 5.456291978618180716e-01 1.148859840442328251e+00 4.473832885387949432e-01 
5.072665546534205419e+02 9.289767042562896677e+03 2.675673619656826800e+16 3.062187473836795084e+34 6.841637081615049854e-02 6.783783979020565506e-07 8.110565571622179414e+04 7.378458607552278787e+06 1.412797568082818361e+04 1.479001737578733433e-02 5.465695550172147676e+01 5.660906264785821485e+00 5.464798970318772708e-01 1.148825702955204919e+00 4.473708441628408417e-01 
5.011113882436564495e+02 9.247090858933566778e+03 2.626844365939248800e+16 3.006304600831550249e+34 6.809305119282207941e-02 6.722650265588542133e-07 8.061195465665651136e+04 7.267456917846426368e+06 1.404338966643501226e+04 1.465362630922482749e-02 5.499540888022036711e+01 5.642629693569591431e+00 5.473447585234516577e-01 1.148790720469661908e+00 4.473574519811245875e-01 
4.950299527127090755e+02 9.204610725069620457e+03 2.578906213438612800e+16 2.951441552876862379e+34 6.776958645783606738e-02 6.662060924414292547e-07 8.012125330787181156e+04 7.158117610649283044e+06 1.395930644239824323e+04 1.451850429281872391e-02 5.533592658893746119e+01 5.624127890748634506e+00 5.482240029370074597e-01 1.148754858104993115e+00 4.473430650868369662e-01 
4.890213563265812127e+02 9.162325740339661934e+03 2.531842900153786000e+16 2.897579718847741525e+34 6.744601699995461663e-02 6.602011224113457643e-07 7.963353632944864512e+04 7.050416216247083619e+06 1.387572339872540579e+04 1.438464083857591246e-02 5.567851645220534351e+01 5.605407266739021566e+00 5.491174741939587323e-01 1.148718098124661413e+00 4.473275642283954245e-01 
4.830847260823336455e+02 9.120235008249721432e+03 2.485638460854304400e+16 2.844700827259808455e+34 6.712226535094215074e-02 6.542496683731267868e-07 7.914878732539083285e+04 6.944328741505928338e+06 1.379264110418758355e+04 1.425202446717296380e-02 5.602318997728628602e+01 5.586454758020235722e+00 5.500259682551059681e-01 1.148680423797282302e+00 4.473108917124765105e-01 
4.772191951280289004e+02 9.078337636424193988e+03 2.440277221664445200e+16 2.792786940071012934e+34 6.679830197967323580e-02 6.483512981000453401e-07 7.866698828157426033e+04 6.839831517266402952e+06 1.371006102559200554e+04 1.412064261388889380e-02 5.636996282280845350e+01 5.567265365985803349e+00 5.509498900735709803e-01 1.148641781763805048e+00 4.472930565476825882e-01 
4.714238930997431680e+02 9.036632736586983810e+03 2.395743794746268800e+16 2.741820446596611795e+34 6.647426097361384956e-02 6.425055671576267572e-07 7.818812106808915269e+04 6.736901031694281846e+06 1.362796951667723806e+04 1.399048305994392803e-02 5.671884989856480530e+01 5.547861411657222241e+00 5.518882928401904753e-01 1.148602081099645345e+00 4.472740522860119139e-01 
4.656979870285330207e+02 8.995119424542615889e+03 2.352023073079557600e+16 2.691784057535049288e+34 6.614995926092240297e-02 6.367119977195179403e-07 7.771217614137424971e+04 6.635514453911826015e+06 1.354638081985720601e+04 1.386153905035011555e-02 5.706984752199402777e+01 5.528211715968991413e+00 5.528429179211507005e-01 1.148561426742888525e+00 4.472535557929396832e-01 
4.600406313453172515e+02 8.953796820157509501e+03 2.309100225337104800e+16 2.642660799102954079e+34 6.582545962794343619e-02 6.309701931228388919e-07 7.723913201339611260e+04 6.535649057859201916e+06 1.346528547599445665e+04 1.373379577510887121e-02 5.742298050750734717e+01 5.508327003638826547e+00 5.538133890704156626e-01 1.148519682244151907e+00 4.472317211904696665e-01 
4.544509991778179483e+02 8.912664047341353580e+03 2.266960690853536800e+16 2.594434007277183619e+34 6.550072839975708272e-02 6.252797148036378276e-07 7.676897394107413129e+04 6.437282539952662773e+06 1.338468429499810918e+04 1.360724308723574617e-02 5.777825779559171337e+01 5.488201416602847438e+00 5.548001856883274518e-01 1.148476834321987328e+00 4.472084319908057881e-01 
4.489282733394293246e+02 8.871720234028462073e+03 2.225590174685842400e+16 2.547087322141824958e+34 6.517574225288881584e-02 6.196401162505526691e-07 7.630168876485116198e+04 6.340392922215270810e+06 1.330457809384501343e+04 1.348187196989264827e-02 5.813568432690276211e+01 5.467830715318927837e+00 5.558037207006311098e-01 1.148432892735827382e+00 4.471835042589178966e-01 
4.434716331327207399e+02 8.830964512159360311e+03 2.184974642764194400e+16 2.500604682338529146e+34 6.485058021295214692e-02 6.140510127715327063e-07 7.583725475274582277e+04 6.244958419338010252e+06 1.322496008657520906e+04 1.335766763841974257e-02 5.849528685921345783e+01 5.447228511872276080e+00 5.568234688442991187e-01 1.148387695462795177e+00 4.471571101592707320e-01 
4.380802922921099025e+02 8.790396017662311351e+03 2.145100317131118400e+16 2.454970319617953620e+34 6.452509888616257683e-02 6.085119671147898810e-07 7.537566100094413559e+04 6.150957875775291584e+06 1.314583902542124815e+04 1.323462231931928947e-02 5.885706675750220995e+01 5.426370291747671715e+00 5.578608936554331210e-01 1.148341312415326110e+00 4.471289979576344442e-01 
4.327534524799228279e+02 8.750013890435060603e+03 2.105953671267678400e+16 2.410168753490794412e+34 6.419934016444973912e-02 6.030225981389287660e-07 7.491688728059708956e+04 6.058370201152935624e+06 1.306720971924287551e+04 1.311272221335468662e-02 5.922104852669833974e+01 5.405263361457799398e+00 5.589158087773564709e-01 1.148293607542660855e+00 4.470992914702834331e-01 
4.274903338996372781e+02 8.709817274326551342e+03 2.067521425504841600e+16 2.366184785976299718e+34 6.387330198533455738e-02 5.975824149083912232e-07 7.446092816154990578e+04 5.967174661329185590e+06 1.298907501751372183e+04 1.299196380765507870e-02 5.958721690072765398e+01 5.383906563458558558e+00 5.599885235199630884e-01 1.148244704014371509e+00 4.470674707768627076e-01 
4.222901646921031329e+02 8.669805317118783933e+03 2.029790542518643600e+16 2.323003496446691312e+34 6.354693095810486081e-02 5.921910950872578526e-07 7.400775933796132449e+04 5.877350944208997302e+06 1.291143347660963991e+04 1.287233012845502567e-02 5.995561003253497034e+01 5.362291544673114529e+00 5.610796502722998902e-01 1.148194414658445517e+00 4.470338687890427765e-01 
4.171521737144823305e+02 8.629977170508787822e+03 1.992748222907593600e+16 2.280610236565703096e+34 6.322028308652480333e-02 5.868482076653298729e-07 7.355736829019925790e+04 5.788878852172125131e+06 1.283428379389405745e+04 1.275381287420130488e-02 6.032623223567671999e+01 5.340427534494790685e+00 5.621889389277868743e-01 1.148142716943678643e+00 4.469982729604320415e-01 
4.120756150676405127e+02 8.590331990090568070e+03 1.956381900850680000e+16 2.238990625319366289e+34 6.289326561523733705e-02 5.815533586897526614e-07 7.310974164054486027e+04 5.701738732746826485e+06 1.275763216963743253e+04 1.263640259315657044e-02 6.069909290060935803e+01 5.318298748112235685e+00 5.633174521630360809e-01 1.148089615971728206e+00 4.469605465625249852e-01 
4.070597387037287263e+02 8.550868935337273797e+03 1.920679239844751200e+16 2.198130544137634207e+34 6.256590147017852821e-02 5.763061257844004484e-07 7.266486791572015500e+04 5.615911043578797020e+06 1.268147685302639911e+04 1.252009154128026248e-02 6.107419419913786385e+01 5.295908809756866731e+00 5.644652510087960762e-01 1.148035111041031175e+00 4.469204391273582377e-01 
4.021038056854276306e+02 8.511587169583317518e+03 1.885628128519562800e+16 2.158016132104892702e+34 6.223817644061131749e-02 5.711061820413325647e-07 7.222272546574477747e+04 5.531376626569638029e+06 1.260582184733280519e+04 1.240486474969719997e-02 6.145156940428897485e+01 5.273255885127142939e+00 5.656326457874831792e-01 1.147979035977554574e+00 4.468781805883076386e-01 
3.972070911820332526e+02 8.472485860006661824e+03 1.851216676529273600e+16 2.118633781257963026e+34 6.191004710378580217e-02 5.659531083171288247e-07 7.178330521346403111e+04 5.448116632321296260e+06 1.253066993364160771e+04 1.229071587036990008e-02 6.183121586291743910e+01 5.250332255343360011e+00 5.668203234784399136e-01 1.147921445277452657e+00 4.468334346077208474e-01 
3.923688694504547243e+02 8.433564177611189734e+03 1.817433210518925600e+16 2.079970131969920346e+34 6.158154270110933332e-02 5.608465047146375883e-07 7.134659477931413858e+04 5.366112374172531068e+06 1.245601938106164380e+04 1.217763652268691495e-02 6.221313930183285379e+01 5.227142802151298007e+00 5.680282896053950870e-01 1.147862309919138513e+00 4.467859966369315261e-01 
3.875884326333222134e+02 8.394821297209071417e+03 1.784266270164450000e+16 2.042012068418061227e+34 6.125260936297718950e-02 5.557860328495837686e-07 7.091257708794405335e+04 5.285345629796982743e+06 1.238188143921598567e+04 1.206561469138481453e-02 6.259736218741218039e+01 5.203678709047279582e+00 5.692572738828374224e-01 1.147801545609786089e+00 4.467359103810867871e-01 
3.828650853717142581e+02 8.356256397403332812e+03 1.751704604285056800e+16 2.004746714134706678e+34 6.092317812909787966e-02 5.507713318925189990e-07 7.048123902024400013e+04 5.205798482471978292e+06 1.230827160113009450e+04 1.195464098981029351e-02 6.298389609362183705e+01 5.179928303464953920e+00 5.705081991596711033e-01 1.147739144240324638e+00 4.466830468038362478e-01 
3.781980990681337857e+02 8.317868660570378779e+03 1.719737167026451200e+16 1.968161427639068731e+34 6.059345167056611609e-02 5.458019915317427730e-07 7.005256683413492283e+04 5.127452722909285687e+06 1.223515330316229301e+04 1.184470689129072003e-02 6.337274814694070102e+01 5.155926189588943664e+00 5.717794432330144394e-01 1.147674960995587412e+00 4.466272122265678157e-01 
3.735868242518205875e+02 8.279657272842696329e+03 1.688353114113798400e+16 1.932243798148935841e+34 6.026316706765789954e-02 5.408776957812122004e-07 6.962654880679136841e+04 5.050291397767676041e+06 1.216258038879562264e+04 1.173580294853080429e-02 6.376393150665555964e+01 5.131627685773820780e+00 5.730737697635501782e-01 1.147609093265792080e+00 4.465682868765735170e-01 
3.690305642309310770e+02 8.241621424091608787e+03 1.657541799173039200e+16 1.896981641370586326e+34 5.993242156437669776e-02 5.359980704258983523e-07 6.920317122219201701e+04 4.974297069785969332e+06 1.209053966075218523e+04 1.162792006591584042e-02 6.415745699215987941e+01 5.107049552725375641e+00 5.743905545676948332e-01 1.147541437119939944e+00 4.465061196795264697e-01 
3.645286521355126865e+02 8.203760307910057236e+03 1.627292770119298400e+16 1.862362995365484066e+34 5.960117107968094380e-02 5.311627823792936045e-07 6.878241994473707746e+04 4.899452867410647683e+06 1.201904843153393267e+04 1.152104814948580469e-02 6.455334116605307315e+01 5.082184583076757356e+00 5.757305085835788816e-01 1.147471943376507930e+00 4.464406358262662522e-01 
3.600804357762989980e+02 8.166073121595555676e+03 1.597595765611279200e+16 1.828376116492494020e+34 5.926934644853028289e-02 5.263714554767982921e-07 6.836428812984075921e+04 4.825742244751843624e+06 1.194813573065353376e+04 1.141518179917612626e-02 6.495157820508192970e+01 5.057020758063934807e+00 5.770946677468513641e-01 1.147400709365033133e+00 4.463714241322983556e-01 
3.556852225488615886e+02 8.128559066133118904e+03 1.568440711570277600e+16 1.795009475424051438e+34 5.893712796302293111e-02 5.216237577949967534e-07 6.794875589704573213e+04 4.753148342134946957e+06 1.187775936120552797e+04 1.131030820668182772e-02 6.535219792954300999e+01 5.031589678571059210e+00 5.784815262987949014e-01 1.147327449511448494e+00 4.462985980931440944e-01 
3.513424073296869210e+02 8.091217346178379557e+03 1.539817717762809200e+16 1.762251753235132294e+34 5.860427637983718629e-02 5.169193436855091093e-07 6.753581994494484388e+04 4.681655541198466904e+06 1.180800139850080632e+04 1.120642325693870130e-02 6.575518906117743256e+01 5.005850126732098282e+00 5.798938259903952952e-01 1.147252418389680839e+00 4.462216537560298457e-01 
3.470513289700175505e+02 8.054047170040672427e+03 1.511717074445518000e+16 1.730091837563503785e+34 5.827088184931634995e-02 5.122579183188667976e-07 6.712546017502494215e+04 4.611247702744353563e+06 1.173885443234886952e+04 1.110351343641381022e-02 6.616058673801913415e+01 4.979818444507413844e+00 5.813309498216239213e-01 1.147175369955821811e+00 4.461407648361554457e-01 
3.428113639664525749e+02 8.017047749666274285e+03 1.484129249071368800e+16 1.698518818840109584e+34 5.793689179628936509e-02 5.076391198646596419e-07 6.671767108581641514e+04 4.541909286526978947e+06 1.167035823873811205e+04 1.100157404823432807e-02 6.656838222746216616e+01 4.953485532213925957e+00 5.827938222598751938e-01 1.147096410283112933e+00 4.460554585034273711e-01 
3.386218838530087965e+02 7.980218300621718299e+03 1.457044883055950600e+16 1.667521986588251533e+34 5.760230580027432545e-02 5.030626442059117129e-07 6.631243866602121852e+04 4.473624872699412517e+06 1.160254259556295619e+04 1.090059499997633220e-02 6.697859461804374348e+01 4.926851913748587108e+00 5.842827816302722521e-01 1.147015451266398145e+00 4.459656585600977885e-01 
3.344822735177613708e+02 7.943558042077109349e+03 1.430454788602734800e+16 1.637090825790240065e+34 5.726710346936743357e-02 4.985281780802539493e-07 6.590975174063541635e+04 4.406379338137187995e+06 1.153545679230502537e+04 1.080056789656127537e-02 6.739123482847807622e+01 4.899914538855788315e+00 5.857984021136776187e-01 1.146932472183692431e+00 4.458711646771545967e-01 
3.303919279535595024e+02 7.907066196789630339e+03 1.404349945586355800e+16 1.607215013320449919e+34 5.693124836938923822e-02 4.940354087232752537e-07 6.550960085696119495e+04 4.340157859429354779e+06 1.146916581825046160e+04 1.070148526306318772e-02 6.780630925399827902e+01 4.872667537833414109e+00 5.873414466542993262e-01 1.146847490968810446e+00 4.457717024076049972e-01 
3.263502338743232940e+02 7.870741991087012138e+03 1.378721498492686400e+16 1.577884414443375714e+34 5.659477425717644034e-02 4.895840215177792715e-07 6.511197453474955546e+04 4.274945639186662622e+06 1.140371641208477376e+04 1.060333875020121400e-02 6.822382893262569326e+01 4.845117273403344527e+00 5.889119477041194761e-01 1.146760433275030300e+00 4.456670605655220219e-01 
3.223566119280312137e+02 7.834584654851149935e+03 1.353560753414806800e+16 1.549089079375653458e+34 5.625760125858356858e-02 4.851737390378358568e-07 6.471686270216991397e+04 4.210728473353149369e+06 1.133925092785932247e+04 1.050611997746669045e-02 6.864380626164749799e+01 4.817250617245487199e+00 5.905111339296332806e-01 1.146671340298612396e+00 4.455570331431906728e-01 
3.184104685620831106e+02 7.798593421501802368e+03 1.328859175103800000e+16 1.520819239910829348e+34 5.591974361284612893e-02 4.808042408821950243e-07 6.432425755285234482e+04 4.147492099322463851e+06 1.127588954861299862e+04 1.040982267453980335e-02 6.906624140782110999e+01 4.789070442277886919e+00 5.921392932233550122e-01 1.146580219936629730e+00 4.454412415416809656e-01 
3.145112258831883310e+02 7.762767527980284285e+03 1.304608384073311400e+16 1.493065306105659069e+34 5.558117650298992352e-02 4.764752647169932345e-07 6.393414663176763133e+04 4.085222623646453023e+06 1.121383759116549845e+04 1.031443712950616542e-02 6.949115481618149204e+01 4.760573368573143505e+00 5.937970837019390657e-01 1.146487022165470604e+00 4.453195768698033907e-01 
3.106583167575480502e+02 7.727106214733349589e+03 1.280800153757027800e+16 1.465817863026971438e+34 5.524186814983372829e-02 4.721865083388541874e-07 6.354652413876054925e+04 4.023906399970926810e+06 1.115340819084178474e+04 1.021995779825998936e-02 6.991854322575487402e+01 4.731754382288802852e+00 5.954853180107323452e-01 1.146391833164716267e+00 4.451915965507892703e-01 
3.068511632751882416e+02 7.691608725697026784e+03 1.257426407717946400e+16 1.439067667557803063e+34 5.490184633618520882e-02 4.679377151203411103e-07 6.316137625047230540e+04 3.963529821478757542e+06 1.109498617005754022e+04 1.012637434455864946e-02 7.034843156035030631e+01 4.702619370932874077e+00 5.972040968290609486e-01 1.146294523029966816e+00 4.450572350278133582e-01 
3.030892239581970671e+02 7.656274308280651894e+03 1.234479216908658800e+16 1.412805645261916469e+34 5.456103997024260716e-02 4.637285976904398786e-07 6.277869966157165618e+04 3.904079841036479454e+06 1.103940485855854604e+04 1.003368224232624277e-02 7.078081118049450993e+01 4.673156554567844623e+00 5.989547054824185812e-01 1.146195266718485151e+00 4.449159586883664197e-01 
2.993719428474990423e+02 7.621102213350856800e+03 1.211950796981552600e+16 1.387022887305448036e+34 5.421945305532246268e-02 4.595588973701467171e-07 6.239848437323398684e+04 3.845543384663437959e+06 1.098798196293852197e+04 9.941873183531409197e-03 7.121569576418730207e+01 4.643367618716164991e+00 6.007375639706720172e-01 1.146094034950313700e+00 4.447675309506334829e-01 
2.956987812050535922e+02 7.586091695215711297e+03 1.189833505648151400e+16 1.361710647434791980e+34 5.387705370513496544e-02 4.554283741603456401e-07 6.202072116321986687e+04 3.787907734636691865e+06 1.090867653430282371e+04 9.850938904620602440e-03 7.165309973171052604e+01 4.613248131449887879e+00 6.025535037411189343e-01 1.145990851137826283e+00 4.446117110594017263e-01 
2.920692001545066887e+02 7.551242011608936082e+03 1.168119840086646600e+16 1.336860339009637566e+34 5.353383765240630338e-02 4.513367574030256403e-07 6.164540447681040678e+04 3.731160288378562313e+06 1.082726441820377295e+04 9.760873621127421837e-03 7.209302207093841730e+01 4.582798199410000883e+00 6.044031007236911890e-01 1.145885782963411925e+00 4.444480449129293853e-01 
2.884826749073154701e+02 7.516552423674113925e+03 1.146802434396690400e+16 1.312463532090094942e+34 5.318977471235065285e-02 4.472838228319482563e-07 6.127252540524572396e+04 3.675288766830711160e+06 1.074961676248184995e+04 9.671669008801011061e-03 7.253547842706515780e+01 4.552013848149598196e+00 6.062871989712592669e-01 1.145778862597258696e+00 4.442762868045064817e-01 
2.849386811894196967e+02 7.482022195949080924e+03 1.125874057100705200e+16 1.288511950577056891e+34 5.284485638894044490e-02 4.432693411784025722e-07 6.090207563697742444e+04 3.620281025914468803e+06 1.067484967627863080e+04 9.583317205478465023e-03 7.298048204839649600e+01 4.520894869958116402e+00 6.082064170155365712e-01 1.145670110115908580e+00 4.440961473508267532e-01 
2.814367100429996640e+02 7.447650596350286833e+03 1.105327608690730400e+16 1.264997469404675173e+34 5.249905515959933655e-02 4.392930576861936030e-07 6.053405305653662072e+04 3.566125218521011993e+06 1.060235580714064236e+04 9.495813884092967755e-03 7.342802330785420395e+01 4.489437429136609481e+00 6.101616703410193132e-01 1.145559702364020493e+00 4.439070284253817666e-01 
2.779762584405107759e+02 7.413436896157292722e+03 1.085156119220076200e+16 1.241912111784118122e+34 5.215234202563610866e-02 4.353547546540556319e-07 6.016845193986688537e+04 3.512809715444423258e+06 1.053170430699322787e+04 9.409152255340003101e-03 7.387810875147084744e+01 4.457637828821567005e+00 6.121538725512574164e-01 1.145447746844397097e+00 4.437085323452698016e-01 
2.745568125409483855e+02 7.379380369997345952e+03 1.065352745938930200e+16 1.219248046497628827e+34 5.180473598618609565e-02 4.314542412888714223e-07 5.980526087738925708e+04 3.460322903309414629e+06 1.046258298805489176e+04 9.323322342698083659e-03 7.433076689599140252e+01 4.425501125110391953e+00 6.141833251201619381e-01 1.145334169494137022e+00 4.435005309406773177e-01 
2.711778981067972154e+02 7.345480295829946044e+03 1.045910770973069600e+16 1.196997585241916131e+34 5.145617481841209540e-02 4.275912943234280049e-07 5.944448053649278881e+04 3.408653736944170203e+06 1.039476244652599780e+04 9.238320588602969702e-03 7.478598369602283924e+01 4.393017685762534263e+00 6.162514325402541626e-01 1.145219273407229066e+00 4.432823345707394558e-01 
2.678390223158457957e+02 7.311735954931599736e+03 1.026823599044999400e+16 1.175153180020100458e+34 5.110666101018847968e-02 4.237657192181224427e-07 5.908610419551774976e+04 3.357791093727026600e+06 1.032807131157547155e+04 9.154139396637636303e-03 7.524377233190040215e+01 4.360189627150084846e+00 6.183587723408838777e-01 1.145103116807671517e+00 4.430535924511528889e-01 
2.645397145985301108e+02 7.278146631880529640e+03 1.008084755236615000e+16 1.153707420581182604e+34 5.075615976296774662e-02 4.199773421319237660e-07 5.873012696714992489e+04 3.307724241043056361e+06 1.026238322422605415e+04 9.070771632655280636e-03 7.570414395753097381e+01 4.327012688517187122e+00 6.205064047036946695e-01 1.144985864432021438e+00 4.428139103170579682e-01 
2.612794981296821106e+02 7.244711614541526615e+03 9.896878827927348000e+15 1.132653031906285630e+34 5.040467082680871042e-02 4.162259657143338438e-07 5.837654585862725071e+04 3.258442483076465782e+06 1.019759378756824481e+04 8.988211594415191838e-03 7.616709937483445003e+01 4.293488491055525103e+00 6.226950093395997587e-01 1.144867670594180264e+00 4.425627526302501891e-01 
2.580579197412280337e+02 7.211430194050876707e+03 9.716267409647200000e+15 1.111982871740775654e+34 5.005215378234900703e-02 4.125114458241557851e-07 5.802535584683440538e+04 3.209935540684981737e+06 1.013363089898842372e+04 8.906451533904459830e-03 7.663265542311648915e+01 4.259612105209572341e+00 6.249257539286318108e-01 1.144748728706297403e+00 4.422997652788178691e-01 
2.548745157455624053e+02 7.178301664801280822e+03 9.538952028934046000e+15 1.091689928171370329e+34 4.969861104427240189e-02 4.088335860735253454e-07 5.767655686734212941e+04 3.162193110696672928e+06 1.007043185072577944e+04 8.825487157789271148e-03 7.710080306279910189e+01 4.225385664178283207e+00 6.271993509442688186e-01 1.144629266769608744e+00 4.420242623445535535e-01 
2.517288478053139329e+02 7.145325324426951738e+03 9.364872535307184000e+15 1.071767317247531271e+34 4.934400554642622699e-02 4.051922592397064390e-07 5.733014502366099623e+04 3.115205320997656789e+06 1.000795244870313218e+04 8.745310947903225593e-03 7.757155838406494297e+01 4.190805026345977957e+00 6.295169837479812625e-01 1.144509526218871587e+00 4.417358499393007065e-01 
2.486204699631925905e+02 7.112500473788671115e+03 9.193969875991826000e+15 1.052208280646198488e+34 4.898833122334615708e-02 4.015873347530199683e-07 5.698611559541381575e+04 3.068962331068275962e+06 9.946154506618662708e+03 8.665915127181839442e-03 7.804494007681756784e+01 4.155871539515787028e+00 6.318794540530954240e-01 1.144389677564514818e+00 4.414341476181333768e-01 
2.455489599614386407e+02 7.079826416958993832e+03 9.026186075886848000e+15 1.033006183379189603e+34 4.863155486824750906e-02 3.980186424994609287e-07 5.664447426408461615e+04 3.023454658344366122e+06 9.885013885123786167e+03 8.587297552022579369e-03 7.852092372234808693e+01 4.120581322666021507e+00 6.342880566999392622e-01 1.144270196004149476e+00 4.411182372664928519e-01 
2.425138858735776921e+02 7.047302461207507804e+03 8.861464217898024000e+15 1.014154511542428212e+34 4.827367030888234795e-02 3.944860885497525245e-07 5.630521513487239281e+04 2.978672873077429365e+06 9.824509527964473818e+03 8.509449177305108622e-03 7.899953887164767252e+01 4.084936124923927991e+00 6.367436201892918701e-01 1.144151255010761536e+00 4.407878342250701742e-01 
2.395148377988372204e+02 7.014927916986104719e+03 8.699748423629899000e+15 9.956468701062154438e+33 4.791465083751807880e-02 3.909895784153079703e-07 5.596833674018633610e+04 2.934607871104849037e+06 9.764626022114520310e+03 8.432363028343202796e-03 7.948080049774280553e+01 4.048934056304934970e+00 6.392473226953081511e-01 1.144033204202372422e+00 4.404424598566299420e-01 
2.365514093779187590e+02 6.982702097914411752e+03 8.540983834430488000e+15 9.774769807458817899e+33 4.755447510484370199e-02 3.875290024281891932e-07 5.563384143782754109e+04 2.891250722765224986e+06 9.705353681634267559e+03 8.356034214149756986e-03 7.996470722198387193e+01 4.012574035568873043e+00 6.418003380045865791e-01 1.143916475595081472e+00 4.400814176880928907e-01 
2.336231942236174746e+02 6.950624320765184166e+03 8.385116592781365000e+15 9.596386797119667327e+33 4.719313816880785911e-02 3.841042555490881897e-07 5.530173104408942163e+04 2.848592589082624298e+06 9.646684432656966237e+03 8.280457512203999448e-03 8.045126020931925837e+01 3.975857980620948862e+00 6.444036412990858942e-01 1.143801475398900092e+00 4.397040289993993101e-01 
2.307298073379956236e+02 6.918693905449879821e+03 8.232093824027937000e+15 9.421259157393312624e+33 4.683060892117016372e-02 3.807153115529857984e-07 5.497200185142453120e+04 2.806625014255999122e+06 9.588618915213482978e+03 8.205623542811348384e-03 8.094049731936111414e+01 3.938784002784005978e+00 6.470585190549956733e-01 1.143688580802089572e+00 4.393100179757437052e-01 
2.278708680913042031e+02 6.886910175004187295e+03 8.081863618442583000e+15 9.249327479943653440e+33 4.646687039546860271e-02 3.773620715271988458e-07 5.464466128414248669e+04 2.765339653188651428e+06 9.531157380430124249e+03 8.131529509901973263e-03 8.143240123529774621e+01 3.901351980242305562e+00 6.497662366973134818e-01 1.143578417427893346e+00 4.388984483406678794e-01 
2.250460026512194531e+02 6.855272455573694060e+03 7.934375013615474000e+15 9.080533440596970370e+33 4.610190274492553114e-02 3.740445009745955248e-07 5.431971027964069799e+04 2.724728377256629523e+06 9.474304196539891564e+03 8.058168328073656017e-03 8.192699190712390589e+01 3.863562002448963639e+00 6.525280466211333952e-01 1.143471495697355511e+00 4.384687935233911871e-01 
2.222548357550409150e+02 6.823780076399626523e+03 7.789577977166788000e+15 8.914819779556830401e+33 4.573570231891232324e-02 3.707625916950008512e-07 5.399714632915454422e+04 2.684783149852589238e+06 9.418064914583786958e+03 7.985530839836782815e-03 8.242430905390656903e+01 3.825417340016278089e+00 6.553449565871266591e-01 1.143368232628682479e+00 4.380207276142843997e-01 
2.194970209755584563e+02 6.792432369804572772e+03 7.647423389774023000e+15 8.752130281979620440e+33 4.536823873817682345e-02 3.675162869149027579e-07 5.367698045081720193e+04 2.645496325761884451e+06 9.362450485510049475e+03 7.913614959893755865e-03 8.292433131264571955e+01 3.786916021329236326e+00 6.582185613009982061e-01 1.143269477829275349e+00 4.375532044035895241e-01 
2.167722090075249639e+02 6.761228671178389959e+03 7.507863028509594000e+15 8.592409758905179507e+33 4.499949730996677388e-02 3.643056331979882327e-07 5.335920942467931309e+04 2.606860362814670894e+06 9.307475294714613483e+03 7.842410069474630221e-03 8.342711506840437607e+01 3.748059981129549634e+00 6.611500857736215542e-01 1.143175750546981728e+00 4.370660344508610073e-01 
2.140800601966218437e+02 6.730168318964057107e+03 7.370849550481978000e+15 8.435604028534824629e+33 4.462946408241265372e-02 3.611306074388067253e-07 5.304384263272280805e+04 2.568867899864637293e+06 9.253153625790644583e+03 7.771912638717124941e-03 8.393265373515056638e+01 3.708850599180418151e+00 6.641409397551144567e-01 1.143087892091350533e+00 4.365582913831178580e-01 
2.114202455307182333e+02 6.699250654643678899e+03 7.236336476775768000e+15 8.281659897851475065e+33 4.425812288968340030e-02 3.579912492795505411e-07 5.273088378499895771e+04 2.531511803960184101e+06 9.199505883820140298e+03 7.702115283167604645e-03 8.444097761945380398e+01 3.669289549256883998e+00 6.671925311128061864e-01 1.143006673012914698e+00 4.360294371347843700e-01 
2.087924433355989322e+02 6.668475022724538576e+03 7.104278176684758000e+15 8.130525144575125645e+33 4.388546058869933347e-02 3.548876247347873510e-07 5.242033529814831127e+04 2.494785122127978131e+06 9.146554133706387802e+03 7.633009500652557233e-03 8.495213002757297716e+01 3.629379354365092958e+00 6.703062437485215463e-01 1.142932872879294237e+00 4.354790458671105036e-01 
2.061963477303726506e+02 6.637840770725153561e+03 6.974629852232481000e+15 7.982148499447305120e+33 4.351145907063968393e-02 3.518197715943528013e-07 5.211220776977871719e+04 2.458681144346462097e+06 9.094326444339323643e+03 7.564590982039974890e-03 8.546611619172117003e+01 3.589121396234539851e+00 6.734836916939982432e-01 1.142867541962449440e+00 4.349062451188297485e-01 
2.036316511646248841e+02 6.607347249161498439e+03 6.847347522975695000e+15 7.836479628839353260e+33 4.313611217387602892e-02 3.487877937523046765e-07 5.180650317363470822e+04 2.423193262348762248e+06 9.042851374437741470e+03 7.496850233361481396e-03 8.598299343726114330e+01 3.548519916652848494e+00 6.767262288250740498e-01 1.142811531993901841e+00 4.343107004493176881e-01 
2.010980744878305586e+02 6.576993811533181542e+03 6.722388011084717000e+15 7.693469117677535773e+33 4.275939477385298088e-02 3.457918047953129111e-07 5.150322920101280033e+04 2.388315249555248767e+06 8.992171629615415441e+03 7.429780056903813670e-03 8.650280049152411266e+01 3.507575907253714931e+00 6.800356345224946031e-01 1.142765987120258453e+00 4.336918395383905223e-01 
1.985953242348866468e+02 6.546779814309789799e+03 6.599708926696483000e+15 7.553068452680286206e+33 4.238131068141030855e-02 3.428318896080986410e-07 5.120239547623410181e+04 2.354040810574574862e+06 8.942321022013511538e+03 7.363374706724167690e-03 8.702556262364974771e+01 3.466295267726578810e+00 6.834133017766208518e-01 1.142732025994623868e+00 4.330489154552883413e-01 
1.961231425922887865e+02 6.516704616917198109e+03 6.479268653534483000e+15 7.415230005900868277e+33 4.200183565042717171e-02 3.399082237643616750e-07 5.090400759104515600e+04 2.320364126984028146e+06 8.893357093588530915e+03 7.297624747519647695e-03 8.755134686228933560e+01 3.424679872780844292e+00 6.868610740061538156e-01 1.142710888968422323e+00 4.323815918846584117e-01 
1.936812629452617784e+02 6.486767581724009688e+03 6.361026334791422000e+15 7.279907018570725906e+33 4.162096882084211774e-02 3.370209648649256043e-07 5.060807259877061006e+04 2.287279358737688046e+06 8.845334517517219865e+03 7.232521775440012984e-03 8.808021266568793806e+01 3.382735620299117674e+00 6.903804901707409902e-01 1.142703815272230417e+00 4.316894145332589861e-01 
1.912694443613435169e+02 6.456968074028060073e+03 6.244941859269496000e+15 7.147053585237646798e+33 4.123869434817303142e-02 3.341702858627123828e-07 5.031460251069813967e+04 2.254781027301206253e+06 8.798324209255682945e+03 7.168059189529369692e-03 8.861220476282616687e+01 3.340465930650963866e+00 6.939734630109559710e-01 1.142712326914073095e+00 4.309717338495699934e-01 
1.888874444503384495e+02 6.427305462042907493e+03 6.130975847773308000e+15 7.016624638193078741e+33 4.085501135067294565e-02 3.313564002601088241e-07 5.002360379626773647e+04 2.222863706626621075e+06 8.752406786942019608e+03 7.104227148302180717e-03 8.914740558443925522e+01 3.297877350202775837e+00 6.976416429020555476e-01 1.142737831710477048e+00 4.302282602516289134e-01 
1.865350486764168068e+02 6.397779116884496943e+03 6.019089639751545000e+15 6.888575932184128747e+33 4.046990368336100818e-02 3.285795428527748523e-07 4.973508765194752050e+04 2.191522350844441447e+06 8.707688306928075690e+03 7.041017386165675934e-03 8.968588621714724241e+01 3.254973953593161440e+00 7.013870730101353645e-01 1.142782040147716893e+00 4.294585391459073698e-01 
1.842120233193772663e+02 6.368388412557778793e+03 5.909245280182021000e+15 6.762864029404087264e+33 4.008338441117584999e-02 3.258399760653368165e-07 4.944905764591111802e+04 2.160751784654580522e+06 8.664279834556307833e+03 6.978417819930742873e-03 9.022776355859025443e+01 3.211765354438869124e+00 7.052112439834745672e-01 1.142846395928841963e+00 4.286625442082215298e-01 
1.819181882790883833e+02 6.339132725943457444e+03 5.801405506696316000e+15 6.639446284757160945e+33 3.969543240963929048e-02 3.231379755081111696e-07 4.916552899370158411e+04 2.130547453301652335e+06 8.622348376212052244e+03 6.916421049681108039e-03 9.077311032737081575e+01 3.168255214129800379e+00 7.091164980961789377e-01 1.142932978829493740e+00 4.278397481548531500e-01 
1.796533387085234210e+02 6.310011436784798207e+03 5.695533736939376000e+15 6.518280831392107056e+33 3.930606024228253809e-02 3.204738267527507876e-07 4.888451056760850042e+04 2.100904606019510888e+06 8.582077101004722863e+03 6.855016786526724193e-03 9.132203508055172847e+01 3.124453351022975056e+00 7.131045627328117531e-01 1.143043606285102154e+00 4.269899469452511087e-01 
1.774173091132955733e+02 6.281023927674433253e+03 5.591594056159563000e+15 6.399326566499604446e+33 3.891525817592567799e-02 3.178478871955275127e-07 4.860601134343244485e+04 2.071818985070360126e+06 8.543727561136041913e+03 6.794193281778613050e-03 9.187467169577230663e+01 3.080366345378724890e+00 7.171776509373672948e-01 1.143180386158201056e+00 4.261131338370607313e-01 
1.752099392661671118e+02 6.252169584041323105e+03 5.489551205025523000e+15 6.282543137369212861e+33 3.852302785186911827e-02 3.152605257545230567e-07 4.833004015297521983e+04 2.043286412386969430e+06 8.507644661555834318e+03 6.733938521768544246e-03 9.243116449219401431e+01 3.036002938645875560e+00 7.213378702339938719e-01 1.143345506583251847e+00 4.252093575877686216e-01 
1.730310685226154988e+02 6.223447794137682649e+03 5.389370567665051000e+15 6.167890927700393508e+33 3.812937975423599107e-02 3.127121052511666151e-07 4.805660864128236426e+04 2.015302799849054776e+06 8.474292497565544181e+03 6.674241844385022868e-03 9.299164916641399259e+01 2.991373414166259792e+00 7.255872788542883089e-01 1.143541273726027319e+00 4.242785164804674936e-01 
1.708805703269136700e+02 6.194857949026028109e+03 5.291018159922445000e+15 6.055331044163579833e+33 3.773431446708953169e-02 3.102030660949290632e-07 4.778572491124945373e+04 1.987864419262127252e+06 8.444371059396833516e+03 6.615089502601569950e-03 9.355630813330819251e+01 2.946487056187935938e+00 7.299281935304059443e-01 1.143770188503574481e+00 4.233209199026443104e-01 
1.687583155720258787e+02 6.166399442566289508e+03 5.194460617830187000e+15 5.944825303206540437e+33 3.733784387330050386e-02 3.077338384312379889e-07 4.751739994452895917e+04 1.960967601274564629e+06 8.418923166050028158e+03 6.556469232981072467e-03 9.412531484100775003e+01 2.901355068935168813e+00 7.343628471361657306e-01 1.144034871288721389e+00 4.223367167666430833e-01 
1.666641954065428592e+02 6.138071671402911306e+03 5.099665186290752000e+15 5.836336218101219491e+33 3.693997972463828466e-02 3.053049020351597107e-07 4.725164227949311316e+04 1.934608896082112333e+06 8.399676209397593993e+03 6.498366773499568427e-03 9.469887794159966177e+01 2.855989110866638647e+00 7.388935647527349326e-01 1.144338088218577631e+00 4.213263398326893006e-01 
1.645981279620264388e+02 6.109874034952114926e+03 5.006599707965324000e+15 5.729826986227376873e+33 3.654072783007179803e-02 3.029167829461059858e-07 4.698846109562014317e+04 1.908785174740402726e+06 8.389753953455805458e+03 6.440767235093681521e-03 9.527722656775050325e+01 2.810400207483989998e+00 7.435229298295157330e-01 1.144682883556674691e+00 4.202903455418518508e-01 
1.625600182893869885e+02 6.081805935389118531e+03 4.915232612364945000e+15 5.625261476587896340e+33 3.614011399393311091e-02 3.005699949601026099e-07 4.672786526849739312e+04 1.883493217466953443e+06 8.395502673635071915e+03 6.383655969112757289e-03 9.586059753345756462e+01 2.764602801975752033e+00 7.482532324573396565e-01 1.145072289851474023e+00 4.192292884542726528e-01 
1.605498148856301555e+02 6.053866777635485050e+03 4.825532905140970000e+15 5.522604217552201523e+33 3.573814974977466280e-02 2.982651432595438059e-07 4.646986073649634636e+04 1.858730259026492480e+06 8.433110358968729997e+03 6.327015306466220526e-03 9.644928230517504630e+01 2.718609622025798700e+00 7.530871663639349123e-01 1.145509658892221116e+00 4.181441645557807951e-01 
1.585674686125323376e+02 6.026055969346519305e+03 4.737470157570933000e+15 5.421820384823304120e+33 3.533485831997631305e-02 2.960027954594393307e-07 4.621446038651039271e+04 1.834493573034650646e+06 8.564035381250536375e+03 6.270831359897101852e-03 9.704353621854987466e+01 2.672435067181994750e+00 7.580274462232535759e-01 1.145998637923366648e+00 4.170355535485188447e-01 
1.566129430716064803e+02 5.998372920898669690e+03 4.651014496236124000e+15 5.322875789624250727e+33 3.493026640989723569e-02 2.937836252699552716e-07 4.596166481320469029e+04 1.810780597874397645e+06 8.382530436627270319e+03 6.215083141261373845e-03 9.764372508223368641e+01 2.626095076033512665e+00 7.630766625541283155e-01 1.146542762494630052e+00 4.159049714912922413e-01 
1.546862287512664125e+02 5.970817045377075374e+03 4.566136592887817000e+15 5.225736867100489981e+33 3.452439892017786921e-02 2.916082923605501620e-07 4.571148352743332362e+04 1.787589032485009171e+06 8.079286698896617054e+03 6.159753792175210428e-03 9.825017759384965643e+01 2.579605048340946727e+00 7.682377784831188050e-01 1.147146106501135909e+00 4.147535033311716690e-01 
1.527873284612995519e+02 5.943387758563075295e+03 4.482807654498133000e+15 5.130370664933524657e+33 3.411728740176661612e-02 2.894775133801717861e-07 4.546392036905766145e+04 1.764916695068759145e+06 7.970269623957689873e+03 6.104823164633192169e-03 9.886328561304749485e+01 2.532981969494344732e+00 7.735137073219459092e-01 1.147812819133684270e+00 4.135827203810870101e-01 
1.509162503950464895e+02 5.916084478921869959e+03 4.400999413492765500e+15 5.036744832162715107e+33 3.370897062381679465e-02 2.873920276836261855e-07 4.521897805142967263e+04 1.742761491852972656e+06 7.905959906337383472e+03 6.050270438243706903e-03 9.948347065760790997e+01 2.486244181455754543e+00 7.789073527875177705e-01 1.148547196235388812e+00 4.123943494635090579e-01 
1.490730459950829356e+02 5.888906627590148673e+03 4.320684118161674500e+15 4.944827608210746852e+33 3.329948170418300935e-02 2.853526188219058389e-07 4.497666153834491706e+04 1.721121676536655985e+06 7.858430050911290891e+03 5.996075055741161702e-03 1.001111737309868346e+02 2.439409266032239287e+00 7.844220502152514651e-01 1.149354065717648421e+00 4.111902080641538504e-01 
1.472577528853861679e+02 5.861853628363836833e+03 4.241834523244962000e+15 4.854587812109595268e+33 3.288886874082740802e-02 2.833600991861867946e-07 4.473696979343736893e+04 1.699995437298436649e+06 7.819444658266377701e+03 5.942213776251096397e-03 1.007468966224855080e+02 2.392497524672696940e+00 7.900608503719138698e-01 1.150238154446606043e+00 4.099725172295161091e-01 
1.454704521991719730e+02 5.834924907685896869e+03 4.164423880690556000e+15 4.765994831923109495e+33 3.247717626887531434e-02 2.814153144708563872e-07 4.449990479458658956e+04 1.679381269936168566e+06 7.785980511370766180e+03 5.888664240207020992e-03 1.013911551149869439e+02 2.345528708086670022e+00 7.958272447839088715e-01 1.151204772767052020e+00 4.087435324884997057e-01 
1.437112397340308121e+02 5.808119894634126467e+03 4.088425930580370000e+15 4.679018614362414403e+33 3.206445182232881691e-02 2.795191552934988315e-07 4.426546614598614542e+04 1.659277838605925674e+06 7.756842733988294640e+03 5.835402613476979236e-03 1.020445140952151064e+02 2.298523262148044921e+00 8.017248507020594550e-01 1.152259470678854258e+00 4.075058027175135766e-01 
1.419802091924881609e+02 5.781438020909100487e+03 4.013814892222321000e+15 4.593629654591126095e+33 3.165075768150839297e-02 2.776725586351242420e-07 4.403364437928102416e+04 1.639683733945206506e+06 7.731624586655294479e+03 5.782400982567026913e-03 1.027076290081261192e+02 2.251504311127587421e+00 8.077570235575071145e-01 1.153407735332227624e+00 4.062625273550037885e-01 
1.402775013461788660e+02 5.754878720822083778e+03 3.940565455404667500e+15 4.509798986216338230e+33 3.123614869162614702e-02 2.758764641585551880e-07 4.380444005465575174e+04 1.620597930050808238e+06 7.710373018251182657e+03 5.729635878716082820e-03 1.033811215688050709e+02 2.204493415021381963e+00 8.139278206718507658e-01 1.154655907044198404e+00 4.050164916182457109e-01 
1.386032684894150862e+02 5.728441431283053134e+03 3.868652771810098000e+15 4.427498171462436326e+33 3.082068848368796007e-02 2.741318692857643893e-07 4.357784611908757506e+04 1.602019448307095328e+06 7.693472527598293709e+03 5.677080208328480482e-03 1.040657023277861839e+02 2.157513799347972494e+00 8.202412622023834698e-01 1.156010446429587946e+00 4.037711012817434275e-01 
1.369576637402734036e+02 5.702125591788777456e+03 3.798052446586517500e+15 4.346699291524239790e+33 3.040445169926734442e-02 2.724398171057825510e-07 4.335384761090024404e+04 1.583947279589664889e+06 7.681655871938773089e+03 5.624703510845551618e-03 1.047621719826103401e+02 2.110590580238780323e+00 8.267012369158045493e-01 1.157477844293890001e+00 4.025303555261918187e-01 
1.353408863376266709e+02 5.675930644410894274e+03 3.728740530071504000e+15 4.267374937096019806e+33 2.998750874601335478e-02 2.708013508978106035e-07 4.313243854773465137e+04 1.566380739417254226e+06 7.676191440684341615e+03 5.572479570313737182e-03 1.054713049045938646e+02 2.063747725844711667e+00 8.333123274179475848e-01 1.159065474054025602e+00 4.012978964594060560e-01 
1.337531540138483876e+02 5.649856033784124520e+03 3.660693509668008500e+15 4.189498199073605341e+33 2.956993799090634062e-02 2.692175764283740682e-07 4.291360454639529780e+04 1.549319191977567505e+06 7.679256062593975003e+03 5.520378412589035250e-03 1.061939777163063496e+02 2.017010596773938680e+00 8.400791616927303362e-01 1.160780915418044623e+00 4.000780673692319045e-01 
1.321946822476222394e+02 5.623901207094458186e+03 3.593888301868101500e+15 4.113042659425919598e+33 2.915182732040407301e-02 2.676896239478906880e-07 4.269732656765409047e+04 1.532761969686498865e+06 7.694870481844275673e+03 5.468368671956479535e-03 1.069311355217617319e+02 1.970405874458645901e+00 8.470063558255943592e-01 1.162631889628584547e+00 3.988755718029655117e-01 
1.306657307594070119e+02 5.598065614067470960e+03 3.528302244422478000e+15 4.037982382233334429e+33 2.873326602188717646e-02 2.662186492627406011e-07 4.248358691580344748e+04 1.516708597312144004e+06 7.731653019086353197e+03 5.416419978203298319e-03 1.076837569521169371e+02 1.923960095485504951e+00 8.540990457859560792e-01 1.164626845760853957e+00 3.976952514813693607e-01 
1.291665842315853467e+02 5.572348706956625392e+03 3.463913088652686000e+15 3.964291904889363155e+33 2.831434603412705253e-02 2.648058485890967772e-07 4.227236566962346114e+04 1.501158746965565020e+06 7.813067555346304289e+03 5.364501364883083635e-03 1.084528833502270686e+02 1.877699951850359206e+00 8.613627192997181936e-01 1.166774724461385970e+00 3.965422685957578630e-01 
1.276975336597409836e+02 5.546749940531673019e+03 3.400698991903775000e+15 3.891946229463056821e+33 2.789516993642294704e-02 2.634524398715521157e-07 4.206363731329817529e+04 1.486112012609903235e+06 8.045711923427129477e+03 5.312580479868440030e-03 1.092396348876966812e+02 1.831653436809979052e+00 8.688029308208949919e-01 1.169084717429520470e+00 3.954222279065010004e-01 
1.262589528672623516e+02 5.521268772067108330e+03 3.338638510134672500e+15 3.820920814219026719e+33 2.747582909012880395e-02 2.621597170626595721e-07 4.185737813633678161e+04 1.471568479200689355e+06 7.727634423085619346e+03 5.260625425007145473e-03 1.100451877331148722e+02 1.785846563944979648e+00 8.764263405938842455e-01 1.171567197551262263e+00 3.943410464701558871e-01 
1.248510912861475219e+02 5.495904661330628187e+03 3.277710590643660500e+15 3.751191565292080610e+33 2.705646312312028415e-02 2.609288694348798653e-07 4.165355122044011659e+04 1.457527178162709810e+06 7.411340777111612624e+03 5.208602834821185815e-03 1.108707985387930108e+02 1.740311706793616020e+00 8.842380320192457788e-01 1.174231411273480630e+00 3.933049583720502618e-01 
1.234743603064158464e+02 5.470657070571717668e+03 3.217894564926793000e+15 3.682734828514004223e+33 2.663717688479179044e-02 2.597612348575910749e-07 4.145212532102376281e+04 1.443988179864319041e+06 7.358708401650034830e+03 5.156480051879828302e-03 1.117177891907293201e+02 1.695075839564377684e+00 8.922452700276444215e-01 1.177088668812941608e+00 3.923206348108724817e-01 
1.221291617105674732e+02 5.445525464510216807e+03 3.159170141666465500e+15 3.615527381389295031e+33 2.621809006354242078e-02 2.586581320694037239e-07 4.125306659095221403e+04 1.430951355358027387e+06 7.345477714273987658e+03 5.104225481685882582e-03 1.125875321343086881e+02 1.650167346919130695e+00 9.004553702545416982e-01 1.180150573435050587e+00 3.913949103778230909e-01 
1.208159270151506490e+02 5.420509310324980106e+03 3.101517399848033500e+15 3.549546425217446181e+33 2.579932795310919610e-02 2.576209103202063720e-07 4.105633664839894482e+04 1.418416588886006037e+06 7.348924821935948785e+03 5.051807014456841279e-03 1.134814864283853098e+02 1.605614810723831498e+00 9.088761166476497788e-01 1.183429356309499747e+00 3.905351049350437864e-01 
1.195350922039769159e+02 5.395608077642605167e+03 3.044916782002094000e+15 3.484769577359040670e+33 2.538102644441988728e-02 2.566509394913474314e-07 4.086188850560589344e+04 1.406383583786191186e+06 7.365734513312841955e+03 4.999190884443402774e-03 1.144012249329482955e+02 1.561447693044732965e+00 9.175154483072524014e-01 1.186937537233505813e+00 3.897491877147859496e-01 
1.182871441939542621e+02 5.370821238526142224e+03 2.989349087569917500e+15 3.421174863642789593e+33 2.496331988775819105e-02 2.557496038193300329e-07 4.066967853670381010e+04 1.394852242018719669e+06 7.398404527819512623e+03 4.946346362322485285e-03 1.153483517998514714e+02 1.517694262857276710e+00 9.263822806643168262e-01 1.190688758573865025e+00 3.890451883671592892e-01 
1.170725841171321235e+02 5.346148267463951925e+03 2.934795466390186000e+15 3.358740710911397129e+33 2.454635208549456327e-02 2.549182974334214374e-07 4.047965637570590479e+04 1.383822290763316676e+06 7.455575690043874602e+03 4.893242252340625729e-03 1.163245722808208455e+02 1.474383287873772819e+00 9.354858877472652656e-01 1.194697164689734858e+00 3.884317065358630638e-01 
1.158919601829974084e+02 5.321588641358519453e+03 2.881237412304373000e+15 3.297445939703209131e+33 2.413026756183535293e-02 2.541584397383692572e-07 4.029177050419003353e+04 1.373293558232025476e+06 7.563044026729757206e+03 4.839848796054153045e-03 1.173316633702489895e+02 1.431542670221598756e+00 9.448364510195562671e-01 1.198977931102519712e+00 3.879177108570655008e-01 
1.147458179105383493e+02 5.297141839515384163e+03 2.828656756878969000e+15 3.237269757067581007e+33 2.371522022300763879e-02 2.534714359942007099e-07 4.010596441586930450e+04 1.363265627928164555e+06 7.849222989539172886e+03 4.786137177436687942e-03 1.183714857472697872e+02 1.389200557421200521e+00 9.544445075741510021e-01 1.203546678169239215e+00 3.875125682403884886e-01 
1.136347673695263296e+02 5.272807343632116499e+03 2.777035663242258000e+15 3.178191749511350650e+33 2.330136460256082218e-02 2.528587344667693798e-07 3.992217714023574808e+04 1.353738165195866954e+06 7.426014131456674477e+03 4.732078786369439856e-03 1.194460098634467613e+02 1.347384195284756281e+00 9.643216474865705656e-01 1.208420213149256295e+00 3.872263430799475770e-01 
1.125594445556430117e+02 5.248584637787288557e+03 2.726356620033452000e+15 3.120191876073893241e+33 2.288885815899614762e-02 2.523217807764963022e-07 3.974034680225684133e+04 1.344710789036029251e+06 7.207375462940683065e+03 4.677647510509797685e-03 1.205572718919911068e+02 1.306120021268758480e+00 9.744803288633487881e-01 1.213616287269540406e+00 3.870693990934189754e-01 
1.115205182961968973e+02 5.224473208429583792e+03 2.676602435462433000e+15 3.063250461528766835e+33 2.247786270584791954e-02 2.518620310903209121e-07 3.956040654203692247e+04 1.336183002601198386e+06 7.213166181571282323e+03 4.622818167253400258e-03 1.217074131642301751e+02 1.265433909938561641e+00 9.849338602111998853e-01 1.219153583611840119e+00 3.870527247678520744e-01 
1.105186881067121618e+02 5.200472544366866714e+03 2.627756231477717000e+15 3.007348189709209967e+33 2.206854547131670979e-02 2.514809304541914654e-07 3.938228591763575969e+04 1.328154123474624939e+06 7.258908952722539652e+03 4.567567549188633613e-03 1.228986632454693222e+02 1.225351170338787377e+00 9.956964458906124582e-01 1.225051778724311591e+00 3.871878357870014997e-01 
1.095546972984081151e+02 5.176582136755363535e+03 2.579801438040969000e+15 2.952466096955582025e+33 2.166107332242387176e-02 2.511799446724961558e-07 3.920591166046476428e+04 1.320623475403234828e+06 7.340449457142111896e+03 4.511874233431690563e-03 1.241333532238408424e+02 1.185895815822806121e+00 1.006783465987689308e+00 1.231331755020420138e+00 3.874868567078202375e-01 
1.086293248546308092e+02 5.152801479088889209e+03 2.532721787506001500e+15 2.898585565682383502e+33 2.125561648850783289e-02 2.509605369085127731e-07 3.903120645826414693e+04 1.313590218804117292e+06 7.492741642540416251e+03 4.455718716868790896e-03 1.254139181185638137e+02 1.147090977017323876e+00 1.018211374567966176e+00 1.238015523533407158e+00 3.879625755231508877e-01 
1.077434107747063052e+02 5.129130067188073554e+03 2.486501309100247000e+15 2.845688318062549688e+33 2.085234606731228846e-02 2.508241834563860623e-07 3.885808962449824321e+04 1.307053451562341535e+06 7.997685778743537412e+03 4.399083490103528754e-03 1.267429041427427592e+02 1.108958561598764936e+00 1.029998027442655451e+00 1.245126584881504739e+00 3.886285630848495543e-01 
1.068978019204024861e+02 5.105567399189711978e+03 2.441124323507096000e+15 2.793756409827178893e+33 2.045143675571553174e-02 2.507723297734290063e-07 3.868647749814626877e+04 1.301011987642154796e+06 7.197885844420822650e+03 4.341954056470123148e-03 1.281229482281618459e+02 1.071519498012623250e+00 1.042162258347108850e+00 1.252689377701482698e+00 3.894989385582587893e-01 
1.060934271144672607e+02 5.082112975536083468e+03 2.396575437546935000e+15 2.742772224178226235e+33 2.005306027648197376e-02 2.508064610249503951e-07 3.851628292139661789e+04 1.295464701346496586e+06 7.177376805986676118e+03 4.284317610829722033e-03 1.295568229433004603e+02 1.034793025837324798e+00 1.054724668117837050e+00 1.260730178826305226e+00 3.905888420420143281e-01 
1.053312565468491755e+02 5.058766298964402267e+03 2.352839538955422000e+15 2.692718465812471639e+33 1.965739108000012086e-02 2.509280631868717196e-07 3.834741169596355758e+04 1.290410196531811031e+06 7.262223308695249216e+03 4.226162659224149548e-03 1.310474534322468116e+02 9.987973742190557891e-01 1.067707164758473937e+00 1.269276584086016291e+00 3.919145344777854589e-01 
1.046123131018162695e+02 5.035526874496239543e+03 2.309901791256905500e+15 2.643578155054380701e+33 1.926460116391556440e-02 2.511386191322495080e-07 3.817976970139685727e+04 1.285847017821032554e+06 7.427764666432424747e+03 4.167481551992758583e-03 1.325978626405141654e+02 9.635490121140825037e-01 1.081133401649068793e+00 1.278357936798447891e+00 3.934930443553385504e-01 
1.039376659746366443e+02 5.012394209427041460e+03 2.267747628731483000e+15 2.595334622096132773e+33 1.887486296187219914e-02 2.514396049983639857e-07 3.801325858748946484e+04 1.281773478597613983e+06 7.955327791801238163e+03 4.108269155391367639e-03 1.342112118835530055e+02 9.290630639650701017e-01 1.095028623280289715e+00 1.288005173022097605e+00 3.953425078884850730e-01 
1.033084545186724625e+02 4.989367813315704552e+03 2.226362751473932500e+15 2.547971501342788286e+33 1.848834709232017801e-02 2.518325121813004201e-07 3.784777555087288056e+04 1.278187755757899955e+06 7.180028707336527987e+03 4.048522484108431005e-03 1.358908227774713566e+02 8.953530851846194238e-01 1.109419985828128841e+00 1.298251171886507960e+00 3.974824107925056804e-01 
1.027258757649116632e+02 4.966447197974134724e+03 2.185733120542693500e+15 2.501472725860519467e+33 1.810522183316212383e-02 2.523188481040959310e-07 3.768321284957899479e+04 1.275087864148470806e+06 7.223635527531877415e+03 3.988240612540139805e-03 1.376401917869495719e+02 8.624310321184561756e-01 1.124336508864489881e+00 1.309130658788371093e+00 3.999336938661250951e-01 
1.021912118417581183e+02 4.943631877456943585e+03 2.145844953197537500e+15 2.455822521926338512e+33 1.772565087593317573e-02 2.529001408593424268e-07 3.751946100396790280e+04 1.272471773978383746e+06 7.402313224751591406e+03 3.927425683231338706e-03 1.394629741420897346e+02 8.303069951140117366e-01 1.139809549390060850e+00 1.320680740991100999e+00 4.027187786765173416e-01 
1.017057789101663587e+02 4.920921368051101126e+03 2.106684718223987500e+15 2.411005403677106414e+33 1.734979780664453949e-02 2.535779273434977699e-07 3.735640128398385423e+04 1.270337080992802046e+06 7.998703143300330339e+03 3.866080768632165331e-03 1.413630576877018825e+02 7.989898225524394437e-01 1.155872067602152331e+00 1.332940066816934888e+00 4.058620184880705750e-01 
1.012710201379577768e+02 4.898315188265724828e+03 2.068239131343217000e+15 2.367006167856371796e+33 1.697781946591878782e-02 2.543537632493224437e-07 3.719391751971322083e+04 1.268681440895890351e+06 7.197788326252510160e+03 3.804213462837475676e-03 1.433444715515159942e+02 7.684862620492057816e-01 1.172560095998687268e+00 1.345950527700618737e+00 4.093894268917854240e-01 
1.008884317069646528e+02 4.875812858821832378e+03 2.030495150705573000e+15 2.323809888656909721e+33 1.660986896566634188e-02 2.552292759541120536e-07 3.703188008272714796e+04 1.267502269003615947e+06 7.320223955719864534e+03 3.741830155137433524e-03 1.454115809558980743e+02 7.388016413077495015e-01 1.189911551454899019e+00 1.359755813801534652e+00 4.133297938597244592e-01 
1.005596180263052446e+02 4.853413902642198991e+03 1.993439972466439000e+15 2.281401912657497718e+33 1.624609363073627535e-02 2.562061161697459671e-07 3.687015889758888079e+04 1.266796917331030127e+06 7.702753187559420439e+03 3.678940885731503668e-03 1.475689547818031429e+02 7.099394443333986171e-01 1.207967290203425081e+00 1.374402697342790303e+00 4.177141382302257955e-01 
1.002862529465129029e+02 4.831117844841252918e+03 1.957061026442815750e+15 2.239767853852070210e+33 1.588663731073456861e-02 2.572859180842618967e-07 3.670862310224986140e+04 1.266562447173087625e+06 7.252119581099707830e+03 3.615559747791975437e-03 1.498213593416588481e+02 6.819015922601204815e-01 1.226770747292233343e+00 1.389940605020877351e+00 4.225757392292412984e-01 
1.000701425848013173e+02 4.808924212714979149e+03 1.921345971849110750e+15 2.198893588769519386e+33 1.553163627244881669e-02 2.584704926988689869e-07 3.654712234074532898e+04 1.266795912142758491e+06 7.366306701776996306e+03 3.551696645757006481e-03 1.521740799603121843e+02 6.546884967208702610e-01 1.246368145328688559e+00 1.406421853528099231e+00 4.279523964580727591e-01 
9.991319900148177169e+01 4.786832535730931340e+03 1.886282693110840000e+15 2.158765251682669647e+33 1.518121997303327649e-02 2.597616140424582375e-07 3.638551576575607760e+04 1.267494271341623738e+06 7.944455506769969361e+03 3.487369034036755331e-03 1.546325279353152666e+02 6.282986466812672255e-01 1.266809237001103483e+00 1.423902508743468687e+00 4.338841562943626107e-01 
9.981745722504800256e+01 4.764842345518223738e+03 1.851859295754627000e+15 2.119369229904564530e+33 1.483551130176785117e-02 2.611612214335728982e-07 3.622364357441283209e+04 1.268654366530589759e+06 7.289838602118376912e+03 3.422590806118418639e-03 1.572026762823074932e+02 6.027292319214582195e-01 1.288146615639784054e+00 1.442441629580627493e+00 4.404162444437505486e-01 
9.978508269973424660e+01 4.742953175857614951e+03 1.818064102373276750e+15 2.080692159170677412e+33 1.449462640333634353e-02 2.626713396447059415e-07 3.606133939696588641e+04 1.270272914553842042e+06 7.595528494908024186e+03 3.357377268956668933e-03 1.598909207327398008e+02 5.779759588642204848e-01 1.310436288212709632e+00 1.462101950463960964e+00 4.475985147152099497e-01 
9.981838090743994485e+01 4.721164562671640851e+03 1.784885648664490500e+15 2.042720919105399905e+33 1.415867430622681951e-02 2.642940840356781240e-07 3.589843117124914716e+04 1.272346522211711155e+06 7.370560600401760894e+03 3.291745430020871343e-03 1.627041066268265581e+02 5.540330830921509353e-01 1.333737898009561107e+00 1.482950167004152497e+00 4.554859536034027157e-01 
9.991982677836041660e+01 4.699476044014738363e+03 1.752312679541784500e+15 2.005442628771163896e+33 1.382775495377567762e-02 2.660317596480773310e-07 3.573473344634088426e+04 1.274871843710524030e+06 7.542350014957459280e+03 3.225710801840996934e-03 1.656497156141581684e+02 5.308934563157235997e-01 1.358114903599399126e+00 1.505057162339063836e+00 4.641402331434455464e-01 
1.000920585828799574e+02 4.677887160063491137e+03 1.720334145316504250e+15 1.968844642298929854e+33 1.350196094976473075e-02 2.678867798058021504e-07 3.557005607530825364e+04 1.277845438881947892e+06 7.504395850471795711e+03 3.159291089075802993e-03 1.687357653867109093e+02 5.085486072205165353e-01 1.383634863581376440e+00 1.528498394557607831e+00 4.736295718740655136e-01 
1.003379074590814071e+02 4.656397453106848843e+03 1.688939197949402000e+15 1.932914544598285534e+33 1.318137658360948351e-02 2.698617957123215244e-07 3.540419100264487497e+04 1.281263860478628427e+06 7.609858471959778399e+03 3.092501322564346865e-03 1.719710965926177551e+02 4.869889425196368693e-01 1.410369379048999283e+00 1.553353886643379367e+00 4.840310794354854007e-01 
1.006604065557308871e+02 4.635006467536434684e+03 1.658117187370687500e+15 1.897640147145912487e+33 1.286607891271773427e-02 2.719596894690566093e-07 3.523691312502392248e+04 1.285123567005594959e+06 7.441466967578507138e+03 3.025354738721363224e-03 1.753654312456246487e+02 4.662038741857772450e-01 1.438394245981668762e+00 1.579708486497808151e+00 4.954318230388210509e-01 
1.010628225594167873e+02 4.613713749836901115e+03 1.627857657867239750e+15 1.863009483850911235e+33 1.255613520309044849e-02 2.741835726674474813e-07 3.506798927943966555e+04 1.289421156578041846e+06 7.855519504946186316e+03 2.957865616763213912e-03 1.789293379685755951e+02 4.461815799170252839e-01 1.467790299475048466e+00 1.607652852124749066e+00 5.079294312810006540e-01 
1.015486668280780265e+02 4.592518848576285563e+03 1.598150344535686250e+15 1.829010806995512508e+33 1.225160504122873098e-02 2.765368800141085229e-07 3.489716424159018788e+04 1.294153203406824498e+06 7.517784118437938560e+03 2.890045155194717694e-03 1.826745519250948462e+02 4.269094236809676257e-01 1.498642980963359461e+00 1.637283090030825283e+00 5.216350838174133031e-01 
1.021217315758828903e+02 4.571421314396468915e+03 1.568985169800294500e+15 1.795632583249959971e+33 1.195253960885606787e-02 2.790234006869795784e-07 3.472416258872517210e+04 1.299316352037380915e+06 8.076481177725479029e+03 2.821902409577090390e-03 1.866140829325028960e+02 4.083739351995927525e-01 1.531042884163974049e+00 1.668701469303630835e+00 5.366754544346344913e-01 
1.027861203148288354e+02 4.550420700003624916e+03 1.540352239994334000e+15 1.762863489760035061e+33 1.165898189581783366e-02 2.816473594594139278e-07 3.454868254368151975e+04 1.304907329242214095e+06 7.922206235277159976e+03 2.753442830023500060e-03 1.907624794264224306e+02 3.905609576170341324e-01 1.565085854756532058e+00 1.702016661286836374e+00 5.531958919573348732e-01 
1.035462729551798020e+02 4.529516560158744142e+03 1.512241842003870250e+15 1.730692410306029827e+33 1.137096739638351200e-02 2.844134396595778573e-07 3.437039627939155616e+04 1.310922898875298211e+06 7.673008604359687524e+03 2.684669187831103740e-03 1.951359957086279735e+02 3.734557393648663681e-01 1.600873246679514361e+00 1.737344166892716757e+00 5.713633591597682138e-01 
1.044070183144887380e+02 4.508708451668211637e+03 1.484644439972820500e+15 1.699108431531833527e+33 1.108852269101819922e-02 2.873268073171519828e-07 3.418895641977235209e+04 1.317360045055688126e+06 7.611336613349203617e+03 2.615583936668200351e-03 1.997526911963173575e+02 3.570428228747421495e-01 1.638512884773616118e+00 1.774807508939191703e+00 5.913693928575612935e-01 
1.053736066953700430e+02 4.487995933374376364e+03 1.457550672068071500e+15 1.668100839242754103e+33 1.081166722286044761e-02 2.903934163491446502e-07 3.400396160468462040e+04 1.324215840639039408e+06 7.801537334672287216e+03 2.546179751508228020e-03 2.046333510523416805e+02 3.413065791509554692e-01 1.678117682454600468e+00 1.814536931264445485e+00 6.134388658855008947e-01 
1.064518017339444498e+02 4.467378566146238882e+03 1.430951347303728500e+15 1.637659114771017299e+33 1.054041237404573783e-02 2.936199155172663590e-07 3.381497962803586415e+04 1.331487626974579878e+06 9.683664661029060881e+03 2.476447672474791240e-03 2.098013716307507366e+02 3.262309193132928997e-01 1.719807779812167814e+00 1.856671973521967001e+00 6.378331988860588275e-01 
1.076478767892679258e+02 4.446855912870103566e+03 1.404837442423220500e+15 1.607772931407474897e+33 1.027476313753149760e-02 2.970138466067166364e-07 3.362152679598571558e+04 1.339172810946458951e+06 8.861119879687843422e+03 2.406372593232909349e-03 2.152835299404527234e+02 3.117996413455524363e-01 1.763709107025271061e+00 1.901360073960628672e+00 6.648597708187151678e-01 
1.089687877778294904e+02 4.426427538440328135e+03 1.379200098838373500e+15 1.578432150898513826e+33 1.001471713322255562e-02 3.005838639923079315e-07 3.342305986300739460e+04 1.347269150021517649e+06 8.971007955189816130e+03 2.335932193900570712e-03 2.211106849367527047e+02 2.979964509226367131e-01 1.809954985423894103e+00 1.948758719217956958e+00 6.948830771310678944e-01 
1.104221530506669779e+02 4.406093009750114106e+03 1.354030619624341500e+15 1.549626820006889587e+33 9.760265618412066954e-03 3.043398583437893372e-07 3.321896924209651479e+04 1.355774565457636956e+06 8.837534563400262414e+03 2.265097486557818111e-03 2.273184949177974943e+02 2.848050842972658092e-01 1.858684786799703836e+00 1.999034134524856787e+00 7.283368633812993265e-01 
1.120166903442251538e+02 4.385851895682288159e+03 1.329320466569313250e+15 1.521347167135250357e+33 9.511389372786852037e-03 3.082934068940719528e-07 3.300856558935231442e+04 1.364688038004858419e+06 7.909056825941781426e+03 2.193830116815419229e-03 2.339486209778250441e+02 2.722091809597819712e-01 1.910049151272470880e+00 2.052367588258868114e+00 7.657442463952718326e-01 
1.137614211766372989e+02 4.365703767100202640e+03 1.305061257278157250e+15 1.493583599011388224e+33 9.268075030394010844e-03 3.124575355441929252e-07 3.279105710578739672e+04 1.374006907680148259e+06 7.926329107978446700e+03 2.122083772237271394e-03 2.410497702066960244e+02 2.601933875871928481e-01 1.964194403145116175e+00 2.108938363625949552e+00 8.077340502602730066e-01 
1.156671397482672745e+02 4.345648196838596959e+03 1.281244762328820250e+15 1.466326697433866616e+33 9.030292181141420099e-03 3.168479097230279791e-07 3.256553889180581245e+04 1.383730810605098726e+06 8.256202448806718166e+03 2.049798807230180948e-03 2.486798602249989756e+02 2.487420757573979846e-01 2.021284063440179413e+00 2.168948263694987943e+00 8.550806334508951334e-01 
1.177457473872279365e+02 4.325684759694581771e+03 1.257862902480721250e+15 1.439567216077153467e+33 8.798009540206963228e-03 3.214828461739776472e-07 3.233095824181257922e+04 1.393859106533073355e+06 8.353157352035921576e+03 1.976902270037973752e-03 2.569080787163400714e+02 2.378404916967137572e-01 2.081483640459044437e+00 2.232605209594942242e+00 9.087395454073012857e-01 
1.200107845611328514e+02 4.305813032418588591e+03 1.234907745933998250e+15 1.413296077354952705e+33 8.571191198682969956e-03 3.263842161766437272e-07 3.208607581787441814e+04 1.404391684174484573e+06 8.210041769934601689e+03 1.903303046005733797e-03 2.658182180293036367e+02 2.274747393891137504e-01 2.144963705233365658e+00 2.300127440009018809e+00 9.699080049176078688e-01 
1.224779606934885123e+02 4.286032593705412182e+03 1.212371505638830250e+15 1.387504369340844879e+33 8.349793683183122373e-03 3.315784492355458275e-07 3.182942647439751454e+04 1.415329650008734083e+06 8.173171222516991293e+03 1.828889297535893918e-03 2.755128120234239191e+02 2.176317972096440401e-01 2.211902147702117016e+00 2.371746757057431765e+00 1.040106108146563901e+00 
1.251644747697222613e+02 4.266343024185292052e+03 1.190246536653864250e+15 1.362183342745127230e+33 8.133780048110234723e-03 3.370968756137084715e-07 3.155927911473938002e+04 1.426672523645072011e+06 8.980536010951349454e+03 1.753532302614742864e-03 2.861176761526972996e+02 2.083004053858309723e-01 2.282463988494788598e+00 2.447686749312677268e+00 1.121274208149732887e+00 
1.280915096876107953e+02 4.246743906414987578e+03 1.168525333552789500e+15 1.337324407946754183e+33 7.923098164916191760e-03 3.429790986717433716e-07 3.127350326780204705e+04 1.438423216461124830e+06 8.605177587714444599e+03 1.677062397155583591e-03 2.977924698231610137e+02 1.994706645609269635e-01 2.356826741246695001e+00 2.528192855688408791e+00 1.215971753182779835e+00 
1.312828879640205741e+02 4.227234824868965916e+03 1.147200527878327500e+15 1.312919132079544134e+33 7.717703026722072708e-03 3.492736609683416101e-07 3.096950469598238487e+04 1.450583026908761589e+06 8.653794999239073150e+03 1.599278936163569609e-03 3.107398097197466882e+02 1.911353812600857516e-01 2.435141637822587413e+00 2.613489571792416921e+00 1.327592377505776300e+00 
1.347679874444394557e+02 4.207815365930556254e+03 1.126264885642595750e+15 1.288959236171459243e+33 7.517539780421880931e-03 3.560430163974409208e-07 3.064402088911598184e+04 1.463156284459700342e+06 9.163073964710276414e+03 1.519924628177373588e-03 3.252247726932077398e+02 1.832902443359088196e-01 2.517552526980579408e+00 2.703804381127125289e+00 1.460781769190738988e+00 
1.385811122353176188e+02 4.188485117883214116e+03 1.105711304873169250e+15 1.265436592336183471e+33 7.322561595053711167e-03 3.633671700416399893e-07 3.029291713847407300e+04 1.476145881034178194e+06 8.435200528094663241e+03 1.438682228386350568e-03 3.415990703418427188e+02 1.759356424200917979e-01 2.604145986890863185e+00 2.799313106084490688e+00 1.622017435366145177e+00 
1.427655907963851689e+02 4.169243670901762925e+03 1.085532813203855500e+15 1.242343221015873627e+33 7.132713616203802121e-03 3.713534093520468823e-07 2.991076716938534446e+04 1.489558154147063149e+06 8.959569301599922255e+03 1.355134855506292136e-03 3.603460456183619840e+02 1.690780056910697604e-01 2.694953950213358596e+00 2.900146907011665220e+00 1.820679438215959234e+00 
1.473750810799889450e+02 4.150090617043721977e+03 1.065722565509483875e+15 1.219671288274282553e+33 6.947946229433253629e-03 3.801478281819646819e-07 2.949031373700927361e+04 1.503399502220137278e+06 8.698391849149407790e+03 1.268740898320242167e-03 3.821482343975776530e+02 1.627331647542571147e-01 2.789877272443576750e+00 3.006309376243365694e+00 2.070808494365122154e+00 
1.524785621825528210e+02 4.131025550240663506e+03 1.046273841583849250e+15 1.197413103139270878e+33 6.768213798744090320e-03 3.899575732644408437e-07 2.902148932936835990e+04 1.517677691760772839e+06 8.884364343772158463e+03 1.178769806914289160e-03 4.080105867862630475e+02 1.569314668705607263e-01 2.888599716623594382e+00 3.117586221169732497e+00 2.394441534972265195e+00 
1.581683588858592202e+02 4.112048066289577037e+03 1.027180043859996500e+15 1.175561114993775629e+33 6.593473124677012506e-03 4.010911282601069991e-07 2.848967705471289446e+04 1.532403297335843090e+06 9.207633459840073556e+03 1.084193496304857677e-03 4.394926413174031268e+02 1.517272456094909405e-01 2.990420881329938663e+00 3.233366175550313582e+00 2.828297682494689269e+00 
1.645723714607586032e+02 4.093157762844336958e+03 1.008434695172175250e+15 1.154107911014468433e+33 6.423690714778965312e-03 4.140355562622555286e-07 2.787247184898456544e+04 1.547588948902116390e+06 9.985260633327603500e+03 9.835039137296541605e-04 4.791797375318428180e+02 1.472177116987412326e-01 3.093888586386389861e+00 3.352241352667900465e+00 3.438417773382581366e+00 
1.718784545951068310e+02 4.074354239407136902e+03 9.900314365585610000e+14 1.133046213657069275e+33 6.258847603761778094e-03 4.296272395139173418e-07 2.713276898052243632e+04 1.563249943434448214e+06 8.928519757107676924e+03 8.743349059177670662e-04 5.317720900546457869e+02 1.435847472091479338e-01 3.195988871616044946e+00 3.471121777132059716e+00 4.356893356774611981e+00 
1.803873640356312649e+02 4.055637097320014618e+03 9.719640251041301250e+14 1.112368878187614852e+33 6.098947963606625444e-03 4.494913525050743291e-07 2.620172481406820225e+04 1.579405760616878979e+06 9.173865935021643963e+03 7.525850330266710842e-04 6.070594215903489612e+02 1.412038304310647419e-01 3.290029921564851634e+00 3.582912880456653681e+00 5.892850398416833890e+00 
1.906480761071995573e+02 4.037005939756412317e+03 9.542263318228941250e+14 1.092068890258770846e+33 5.944040595919808552e-03 4.774859833730711711e-07 2.492593603578924740e+04 1.596079792470243527e+06 1.042278523968739501e+04 6.099315180981682884e-04 7.305086725886637851e+02 1.410069348284105628e-01 3.358613560551975130e+00 3.668774685401023472e+00 8.983813517029105356e+00 
2.039556888864842961e+02 4.018460371712732922e+03 9.368123395787426250e+14 1.072139363530331204e+33 5.794274094019706382e-03 5.273845993844383523e-07 2.281098137835149100e+04 1.613295450055316091e+06 9.821668009169212382e+03 4.232449073941610320e-04 1.006944291341782332e+03 1.464412915199660159e-01 3.337177824576678997e+00 3.657924101528630345e+00 1.854280467291530599e+01 
2.264322468350080726e+02 4.000000000000000000e+03 9.197161410442900000e+14 1.052573537333209952e+33 5.650194744797709494e-03 1.127372579084126413e-06 1.078512071563948120e+04 1.630553200933906017e+06 1.036122261477127040e+03 2.092641524049467094e-05 2.216184569890330067e+02 2.946361011236519611e-01 1.777368160914312822e+00 1.954979875845520132e+00 8.901340263729802871e+01 
# Sigma_plus_index = 162  Sigma_minus_index = 0
# Non-converged_fits = 0