# Sigma0 	Teff 	Mdot 	F 	z0r 	rho_c 	T_c 	P_c 	tau 	PradPgas_c 	varkappa_c 	Pi1 	Pi2 	Pi3 	Pi4
# All values are in CGS units.
# M = 2.011658e+00 Msun, alpha = 0.5, r = 1.000000e+10 cm, r = 16832.386518751366 rg, structure = BellLin, mu = 0.62
2.150778025203858235e+01 1.000000000000000000e+04 1.803439570257686800e+16 2.907351116975877209e+34 2.826061535405451769e-02 6.148371907056361122e-08 3.615492781062889844e+04 2.981055927037737565e+05 4.133249991172658611e+02 1.445538428070585781e-02 3.744501758655118095e+01 4.334969011544867357e+00 6.189048005569530719e-01 1.143117635728687631e+00 4.418663311853996967e-01 
2.124193361772394084e+01 9.954061083088736268e+03 1.770528004477206800e+16 2.854293903908498768e+34 2.805989095585195714e-02 6.093835776477545762e-08 3.593770548160533508e+04 2.936862317820544122e+05 4.108719379902090623e+02 1.432344761981987381e-02 3.767413918328634992e+01 4.299999124756989310e+00 6.211368946419764114e-01 1.142916587445099497e+00 4.415790762318847484e-01 
2.097918840234575555e+01 9.908333204586158899e+03 1.738217052756644000e+16 2.802204949487969271e+34 2.785853705495762792e-02 6.039835042685784158e-08 3.572196171519397467e+04 2.893362669013938284e+05 4.084429340399757393e+02 1.419280053585122298e-02 3.790454085233974979e+01 4.264656028381707209e+00 6.234122092903574552e-01 1.142712503787056022e+00 4.412781347751140726e-01 
2.071950764314116000e+01 9.862815395004698075e+03 1.706495754291190000e+16 2.751066583641707531e+34 2.765655112594258419e-02 5.986367861938434174e-08 3.550769487157263939e+04 2.850548111773901037e+05 4.060389309497556383e+02 1.406343180730687363e-02 3.813622814005282891e+01 4.228941333501728295e+00 6.257314932422712861e-01 1.142505498166467515e+00 4.409629946066443984e-01 
2.046285447654647172e+01 9.817506689310463116e+03 1.675353348303363600e+16 2.700861458764090436e+34 2.745393263898030650e-02 5.933432614908445436e-08 3.529490268255049159e+04 2.808409922874353942e+05 4.036608015843492581e+02 1.393532900288747128e-02 3.836920982158425630e+01 4.192857499791763587e+00 6.280954419956374934e-01 1.142295644509130570e+00 4.406331994279860664e-01 
2.020919583130751818e+01 9.772406126902860706e+03 1.644779270392698200e+16 2.651572543831731756e+34 2.725065081351961405e-02 5.881027697109730436e-08 3.508358851077992585e+04 2.766939918297085678e+05 4.013104539265918902e+02 1.380848637696037266e-02 3.860347968683836939e+01 4.156397223817072550e+00 6.305055780925752362e-01 1.142083397110669418e+00 4.402879067375995437e-01 
1.995849589551573189e+01 9.727512751594169458e+03 1.614763148951953600e+16 2.603183118626004794e+34 2.704671552940115728e-02 5.829152049760065126e-08 3.487374881615105551e+04 2.726129701455219183e+05 3.989893189036926060e+02 1.368288876680066532e-02 3.883905371685850838e+01 4.119566664836440850e+00 6.329623767939595025e-01 1.141868805647634044e+00 4.399268004475603289e-01 
1.971072331636244002e+01 9.682825611589285472e+03 1.585294801648780200e+16 2.555676768061082705e+34 2.684208974648078297e-02 5.777804796446263843e-08 3.466538639953347592e+04 2.685971536511871964e+05 3.966999855300936701e+02 1.355852811524395699e-02 3.907593207285814429e+01 4.082357085762439830e+00 6.354675478737060734e-01 1.141652369739642570e+00 4.395491487119225771e-01 
1.946583857892390057e+01 9.638343759465578842e+03 1.556364231971603400e+16 2.509037376615507489e+34 2.663682026909129988e-02 5.726983848788569420e-08 3.445849887901416514e+04 2.646456794416093035e+05 3.944432374124588137e+02 1.343539314678666649e-02 3.931412122609617654e+01 4.044786086077860610e+00 6.380207207123592683e-01 1.141433926287955147e+00 4.391543573569999803e-01 
1.922381558105890775e+01 9.594066252152739253e+03 1.527961625838472200e+16 2.463249122865266340e+34 2.643084079415214047e-02 5.676689804487609864e-08 3.425308924244565424e+04 2.607578580991615891e+05 3.922236703151864958e+02 1.331347262208709345e-02 3.955363095435778575e+01 4.006836432082823585e+00 6.406243671539595397e-01 1.141214250001113317e+00 4.387418816778791419e-01 
1.898462052555706947e+01 9.549992150912858051e+03 1.500077348267892000e+16 2.418296474116792619e+34 2.622416508242217045e-02 5.626921831741987536e-08 3.404915715956738131e+04 2.569329146893071593e+05 3.900449208355634596e+02 1.319275480042429033e-02 3.979447111548918059e+01 3.968515840374919001e+00 6.432789982565220166e-01 1.140993545903435935e+00 4.383111601645638400e-01 
1.874822536030501396e+01 9.506120521320448461e+03 1.472701940110310800e+16 2.374164181137748415e+34 2.601675653880533221e-02 5.577680323901374254e-08 3.384670489104498847e+04 2.531701565230348497e+05 3.879127879617656731e+02 1.307322812133925559e-02 4.003665306630677634e+01 3.929816680751643254e+00 6.459864328687273671e-01 1.140772434702507887e+00 4.378616320971598919e-01 
1.851458958740063565e+01 9.462450433242707732e+03 1.445826114839350000e+16 2.330837272984118472e+34 2.580868267695807239e-02 5.528962819382971376e-08 3.364573267995328933e+04 2.494687523757328745e+05 3.857809636746122237e+02 1.295488539977110963e-02 4.028017407087781265e+01 3.890763220515927934e+00 6.487458406874978545e-01 1.140550703679201083e+00 4.373923818354046311e-01 
1.828369359345332867e+01 9.418980960819737447e+03 1.419440755401510000e+16 2.288301051921578048e+34 2.559985774335992587e-02 5.480772090789071627e-08 3.344624267843837879e+04 2.458281286622794287e+05 3.833868310813795688e+02 1.283770942725178700e-02 4.052506365426821588e+01 3.851333474406295032e+00 6.515603440182117234e-01 1.140329452803455990e+00 4.369032209604489236e-01 
1.805550587742392565e+01 9.375711182444940277e+03 1.393536911123419400e+16 2.246541088439621610e+34 2.539029754001749517e-02 5.433107344057756878e-08 3.324824000681006146e+04 2.422475771408807195e+05 3.810258832839157321e+02 1.272169478214912539e-02 4.077131739876223548e+01 3.811535994118373516e+00 6.544305870804857372e-01 1.140109167138652291e+00 4.363931453584011799e-01 
1.783000108417887830e+01 9.332640180745505859e+03 1.368105794675524200e+16 2.205543216356684710e+34 2.517997192134401735e-02 5.385970219982496353e-08 3.305172600579472783e+04 2.387264760172891838e+05 3.787039090811927053e+02 1.260682599473540028e-02 4.101896056161353954e+01 3.771366229480745957e+00 6.573583511823880565e-01 1.139890568744537314e+00 4.358618013016951065e-01 
1.760714079991232595e+01 9.289767042562896677e+03 1.343138779091133800e+16 2.165293528014501977e+34 2.496894409228820819e-02 5.339359734124942643e-08 3.285669792027801304e+04 2.352640627391290618e+05 3.764184390118991814e+02 1.249308910620768390e-02 4.126801233747186615e+01 3.730848301865023586e+00 6.603428542603495544e-01 1.139673395282714718e+00 4.353086521448982227e-01 
1.738690913039372177e+01 9.247090858933566778e+03 1.318627394839952000e+16 2.125778369560306669e+34 2.475713631331388428e-02 5.293278526290224750e-08 3.266316674299796432e+04 2.318598391179217433e+05 3.741724947186443160e+02 1.238047740566858637e-02 4.151847755200742540e+01 3.689962780543385445e+00 6.633874238279218183e-01 1.139459303258502754e+00 4.347328201204248010e-01 
1.716927802842304729e+01 9.204610725069620457e+03 1.294563326954928400e+16 2.086984336314984205e+34 2.454455900269224972e-02 5.247728286294712591e-08 3.247113103195543590e+04 2.285131789802444400e+05 3.719675495299433123e+02 1.226897221814950145e-02 4.177039356473726883e+01 3.648718384499291645e+00 6.664928027357516216e-01 1.139248731005993998e+00 4.341341178400224821e-01 
1.695422501766390155e+01 9.162325740339661934e+03 1.270938412211599800e+16 2.048898268225848293e+34 2.433118898677759726e-02 5.202710717824245100e-08 3.228059886758443827e+04 2.252235281876123336e+05 3.698059820733940910e+02 1.215856568372739033e-02 4.202376895995784878e+01 3.607112982225016751e+00 6.696608909481795990e-01 1.139042827499482824e+00 4.335116750626937243e-01 
1.674171436762438248e+01 9.120235008249721432e+03 1.247744636358902200e+16 2.011507245402392593e+34 2.411708426630799693e-02 5.158226279123319840e-08 3.209156580513616791e+04 2.219901950941357936e+05 3.676879939503104993e+02 1.204923869791487377e-02 4.227864355151928066e+01 3.565170226211032745e+00 6.728910345906893298e-01 1.138841396646187221e+00 4.328652637762276378e-01 
1.653173401373144813e+01 9.078337636424193988e+03 1.224974131400475200e+16 1.974798583733441858e+34 2.390217476281160033e-02 5.114279050922195655e-08 3.190404340529294859e+04 2.188127598445592157e+05 3.656189220093093013e+02 1.194098180050215570e-02 4.253503593923230852e+01 3.522874260025563586e+00 6.761866235236365652e-01 1.138646412566415522e+00 4.321941683788387834e-01 
1.632425894846884518e+01 9.036632736586983810e+03 1.202619172925646000e+16 1.938759830584392618e+34 2.368647103732751669e-02 5.070871687217309336e-08 3.171803202633570618e+04 2.156906653846795089e+05 3.636021520722947571e+02 1.183377624434613258e-02 4.279299134777161129e+01 3.480234730267822485e+00 6.795485603075870351e-01 1.138458585188079075e+00 4.314982048451229124e-01 
1.611926789234752988e+01 8.995119424542615889e+03 1.180672177489057200e+16 1.903378760572873508e+34 2.346996761991243519e-02 5.028007061589724364e-08 3.153353788045057445e+04 2.126234072384436149e+05 3.616428286252633484e+02 1.172760938119482392e-02 4.305253925966717077e+01 3.437256165981311895e+00 6.829783672604196054e-01 1.138279103339761900e+00 4.307767945868027915e-01 
1.591673533687444930e+01 8.953796820157509501e+03 1.159125700038153800e+16 1.868643371421559565e+34 2.325268266416726307e-02 4.985687638639477946e-08 3.135056358550130608e+04 2.096104420363651298e+05 3.597458224045046791e+02 1.162246552082077562e-02 4.331371938341820282e+01 3.393950711512119245e+00 6.864768067013741204e-01 1.138108734400434363e+00 4.300295308982852172e-01 
1.571665060516818180e+01 8.912664047341353580e+03 1.137972431387627200e+16 1.834541879886685269e+34 2.303456965065955528e-02 4.943919218478546376e-08 3.116911578506720616e+04 2.066513961610558617e+05 3.579218986878793771e+02 1.151832572093535421e-02 4.357658849132938172e+01 3.350311496005527356e+00 6.900467806709249530e-01 1.137949459409341557e+00 4.292563413490566027e-01 
1.551898437963891375e+01 8.871720234028462073e+03 1.117205195739890000e+16 1.801062717760769082e+34 2.281567423498406105e-02 4.902703673065994207e-08 3.098919655566798610e+04 2.037457023228184553e+05 3.561791058229162559e+02 1.141517516160576833e-02 4.384118746156758561e+01 3.306359343105468085e+00 6.936882661716087251e-01 1.137801782886662449e+00 4.284567280546808798e-01 
1.532373003714028670e+01 8.830964512159360311e+03 1.096816948250879800e+16 1.768194527948406901e+34 2.259594574849615664e-02 4.862048060293062045e-08 3.081081284325278830e+04 2.008930437805806287e+05 3.545367097272767296e+02 1.131299239225375466e-02 4.410758831016739379e+01 3.262086879910617299e+00 6.974044686804675708e-01 1.137668048122433495e+00 4.276308372405910330e-01 
1.513085828691888679e+01 8.790396017662311351e+03 1.076800772640208400e+16 1.735926160613561427e+34 2.237543550205282894e-02 4.821954618316701542e-08 3.063396655221435140e+04 1.980928718009654258e+05 3.530132445357149322e+02 1.121176167575854005e-02 4.437584082031741417e+01 3.217517124799178063e+00 7.011952290282377209e-01 1.137548782983275997e+00 4.267782357898382006e-01 
1.494036413857036827e+01 8.750013890435060603e+03 1.057149878844993600e+16 1.704246669397269419e+34 2.215409869150615496e-02 4.782431132757872466e-08 3.045866460330452173e+04 1.953449008258698159e+05 3.516190130852579614e+02 1.111145996724152880e-02 4.464603000091045004e+01 3.172645148157640982e+00 7.050637328671287563e-01 1.137446525205167980e+00 4.258992162101600254e-01 
1.475222674300175996e+01 8.709817274326551342e+03 1.037857600716449600e+16 1.673145307704281222e+34 2.193196092007907230e-02 4.743482149308042433e-08 3.028490975127565252e+04 1.926486854632074537e+05 3.491212123563738032e+02 1.101206726669994550e-02 4.491822994873241015e+01 3.127487071265774521e+00 7.090107978521449361e-01 1.137362514273970504e+00 4.249937368006679872e-01 
1.456643967026044351e+01 8.669805317118783933e+03 1.018917393758543000e+16 1.642611525057515815e+34 2.170899814341410022e-02 4.705115521245147574e-08 3.011270795551357514e+04 1.900039364258390269e+05 3.467853420791470285e+02 1.091355950136430573e-02 4.519253764016518460e+01 3.082044808046494389e+00 7.130391018833051042e-01 1.137299245743479181e+00 4.240621900936943911e-01 
1.438297642717170355e+01 8.629977170508787822e+03 1.000322832907930000e+16 1.612634963519065497e+34 2.148526253780323400e-02 4.667335032134488081e-08 2.994205998592571268e+04 1.874101672863551357e+05 3.445928874470864116e+02 1.081591651365858102e-02 4.546903483900882037e+01 3.036342799406261062e+00 7.171485612248090780e-01 1.137257509722100934e+00 4.231045188536863844e-01 
1.420183793080741985e+01 8.590331990090568070e+03 9.820676103543574000e+15 1.583205454176432633e+34 2.126071464161366498e-02 4.630150616547738359e-08 2.977297234127708725e+04 1.848671764709613635e+05 3.425364828798993244e+02 1.071911025483735132e-02 4.574784515270936680e+01 2.990379213260261348e+00 7.213425976440435150e-01 1.137240491446349422e+00 4.221215152834766338e-01 
1.402301063735455244e+01 8.550868935337273797e+03 9.641455334009066000e+15 1.554313013692997047e+34 2.103537208362473571e-02 4.593569310837632367e-08 2.960544760663313718e+04 1.823746203559441492e+05 3.406110368234538441e+02 1.062311531583254483e-02 4.602908427253025536e+01 2.944169147499906103e+00 7.256225917201815090e-01 1.137250162256189467e+00 4.211136777305436452e-01 
1.384649011745484692e+01 8.511587169583317518e+03 9.465505223632228000e+15 1.525947840921334234e+34 2.080922764621103566e-02 4.557600552679997426e-08 2.943948881487936160e+04 1.799322535783894418e+05 3.388178363229642400e+02 1.052790141927852086e-02 4.631289537374446041e+01 2.897720999421662835e+00 7.299909634238638256e-01 1.137289299879838511e+00 4.200819832515270136e-01 
1.367225444391106315e+01 8.472485860006661824e+03 9.292766085071232000e+15 1.498100313578402336e+34 2.058233317410657418e-02 4.522249660469770001e-08 2.927509791961954397e+04 1.775396611972458486e+05 3.371587611821799442e+02 1.043344687534808468e-02 4.659939013767304061e+01 2.851060002819538752e+00 7.344479071260108238e-01 1.137359279827603764e+00 4.190266325317014151e-01 
1.350031002046319450e+01 8.433564177611189734e+03 9.123179320238436000e+15 1.470760984981409003e+34 2.035465800102835912e-02 4.487529102991095677e-08 2.911227792063937886e+04 1.751967164331434469e+05 3.356479885674278876e+02 1.033971486228845056e-02 4.688875456374925932e+01 2.804188639861025401e+00 7.389969707655565934e-01 1.137463900871813482e+00 4.179492765151477940e-01 
1.333064947858060911e+01 8.394821297209071417e+03 8.956687400421953000e+15 1.443920580843179593e+34 2.012622209926733657e-02 4.453448334045941925e-08 2.895102912571159686e+04 1.729031558349026600e+05 3.343046227896849132e+02 1.024667296133982726e-02 4.718116216374828298e+01 2.757124047891975849e+00 7.436398149984515538e-01 1.137605821453152588e+00 4.168511626699089589e-01 
1.316326268112529085e+01 8.356256397403332812e+03 8.793233846770552000e+15 1.417569996126100485e+34 1.989705405398856097e-02 4.420016524426421975e-08 2.879135089273127232e+04 1.706586992084433150e+05 3.331588891277231141e+02 1.015428875683446232e-02 4.747679455036405471e+01 2.709886019888831044e+00 7.483777716216901688e-01 1.137787500269629160e+00 4.157335484663282621e-01 
1.299815673950023687e+01 8.317868660570378779e+03 8.632763211134121000e+15 1.391700291953382185e+34 1.966714333691697153e-02 4.387246631770398001e-08 2.863324605902238181e+04 1.684632326630842290e+05 3.322693311189112251e+02 1.006252521565846950e-02 4.777586722953939358e+01 2.662483601404614486e+00 7.532141007729158400e-01 1.138013105272995595e+00 4.145983008416511684e-01 
1.283531864116260302e+01 8.279657272842696329e+03 8.475221057254237000e+15 1.366302692576763243e+34 1.943653682043534545e-02 4.355147993847115431e-08 2.847670956477286381e+04 1.663164547802039306e+05 3.317320673606120067e+02 9.971345737947601845e-03 4.807859816415636089e+01 2.614942429573183347e+00 7.581495055616878087e-01 1.138284853589587531e+00 4.134470942532723625e-01 
1.267475799357761090e+01 8.241621424091608787e+03 8.320553942297849000e+15 1.341368582399529039e+34 1.920522989182881640e-02 4.323734750587791424e-08 2.832174189177590597e+04 1.642182801331944065e+05 3.297998051794778576e+02 9.880709094982197127e-03 4.838524374204315137e+01 2.567273883770258891e+00 7.631872858491501876e-01 1.138607265992723994e+00 4.122822990127981146e-01 
1.251647032110436797e+01 8.203760307910057236e+03 8.168709398727755000e+15 1.316889503053824870e+34 1.897325798071932551e-02 4.293018348650009993e-08 2.816833916560836224e+04 1.621684932340741798e+05 3.270942306452864727e+02 9.790576246379774708e-03 4.869605919157950069e+01 2.519500730047257608e+00 7.683289930149730385e-01 1.138983574073462846e+00 4.111060362909707000e-01 
1.236046550197564287e+01 8.166073121595555676e+03 8.019635916504311000e+15 1.292857150531367752e+34 1.874062854630940619e-02 4.263013839199084325e-08 2.801649749324108780e+04 1.601670138674209593e+05 3.249003190570642801e+02 9.700900589686395348e-03 4.901135084144416965e+01 2.471638437855574910e+00 7.735776895692115795e-01 1.139418424048071810e+00 4.099212863876448565e-01 
1.220673757999269426e+01 8.128559066133118904e+03 7.873282925611537000e+15 1.269263372366454275e+34 1.850738978281170691e-02 4.233733188196084730e-08 2.786620839175020592e+04 1.582136177181955718e+05 3.231163274238075473e+02 9.611638566706832976e-03 4.933142171696542988e+01 2.423713790336133211e+00 7.789345287468866230e-01 1.139914971866037074e+00 4.087306987703764882e-01 
1.205530570500929599e+01 8.091217346178379557e+03 7.729600778902527000e+15 1.246100164870444564e+34 1.827354225109482921e-02 4.205193684273946073e-08 2.771746838373244464e+04 1.563083072392682952e+05 3.216991139796891161e+02 9.522740587744946486e-03 4.965662643561196887e+01 2.375740688107479404e+00 7.844034354344606719e-01 1.140479044595072766e+00 4.075378421629226033e-01 
1.190615915964741234e+01 8.054047170040672427e+03 7.588540735257507000e+15 1.223359670416648506e+34 1.803915286859691242e-02 4.177406975761527844e-08 2.757026429607406681e+04 1.544508179401478556e+05 3.206386937607774144e+02 9.434160822259878704e-03 4.998731008665851050e+01 2.327751257838670984e+00 7.899848481585194371e-01 1.141113438656340184e+00 4.063457156233755141e-01 
1.175932114885650037e+01 8.017047749666274285e+03 7.450054943049538000e+15 1.201034174774806744e+34 1.780422609244408302e-02 4.150391958611884371e-08 2.742458881236300658e+04 1.526411865247676033e+05 3.199770536982100566e+02 9.345844182792941227e-03 5.032389092519935048e+01 2.279760878726237561e+00 7.956829313969731032e-01 1.141824554788715140e+00 4.051586562042301387e-01 
1.161480105271096441e+01 7.980218300621718299e+03 7.314096423911946000e+15 1.179116104494215958e+34 1.756880125466214054e-02 4.124165032089600404e-08 2.728042901216487735e+04 1.508793230867758393e+05 3.198207190829970159e+02 9.257736733367797829e-03 5.066679865418898032e+01 2.231794465530827498e+00 8.015001611681494831e-01 1.142617458497375393e+00 4.039808886187947756e-01 
1.147260123419328082e+01 7.943558042077109349e+03 7.180619056801713000e+15 1.157598024334563892e+34 1.733293370733949776e-02 4.098741340971767592e-08 2.713776944652906604e+04 1.491650768746767426e+05 3.204223243554452552e+02 9.169786162673672358e-03 5.101647520037659689e+01 2.183881067401145515e+00 8.074382421516538288e-01 1.143496601057678363e+00 4.028165661850708346e-01 
1.133275150121083463e+01 7.907066196789630339e+03 7.049577562354114000e+15 1.136472634743717795e+34 1.709663774919100571e-02 4.074142135584252404e-08 2.699659637459169608e+04 1.474985276971030398e+05 3.177411996183577116e+02 9.081929762859314650e-03 5.137344681102701571e+01 2.136039091599365669e+00 8.135017362401194552e-01 1.144469422665892466e+00 4.016712908965962558e-01 
1.119524811924656404e+01 7.870741991087012138e+03 6.920927487522460000e+15 1.115732769381475924e+34 1.685998903113898606e-02 4.050381741211620540e-08 2.685688991529889972e+04 1.458794681240051286e+05 3.149194632477357914e+02 8.994115807472084431e-03 5.173820096357513165e+01 2.088302663188591701e+00 8.196915974676016736e-01 1.145539992011103125e+00 4.005494608011176405e-01 
1.106012920621641449e+01 7.834584654851149935e+03 6.794625190498428000e+15 1.095371392688550694e+34 1.662300177517838512e-02 4.027484310585850629e-08 2.671862870704166926e+04 1.443080365389032231e+05 3.131703152513317150e+02 8.906271131230183297e-03 5.211137554144763584e+01 2.040690466294426741e+00 8.260130264411610357e-01 1.146716761658869821e+00 3.994581301918381788e-01 
1.092739300221633769e+01 7.798593421501802368e+03 6.670627825907583000e+15 1.075381597499918554e+34 1.638575856496820096e-02 4.005464213870527349e-08 2.658179359297076007e+04 1.427840291463883477e+05 3.122395561119081435e+02 8.818348599166371191e-03 5.249349429172474402e+01 1.993237587626675467e+00 8.324672549991413151e-01 1.148004484852050977e+00 3.984018191499769102e-01 
1.079707066200939636e+01 7.762767527980284285e+03 6.548893330274808000e+15 1.055756602701680197e+34 1.614829689398041349e-02 3.984344810350618740e-08 2.644635578040953260e+04 1.413075112421200029e+05 3.120945276522434142e+02 8.730273863117404137e-03 5.288526473232280978e+01 1.945968380633873229e+00 8.390586262523507255e-01 1.149411126568819608e+00 3.973881204559361890e-01 
1.066919121507289958e+01 7.727106214733349589e+03 6.429380407755373000e+15 1.036489750930745465e+34 1.591066416946968626e-02 3.964148561429316484e-08 2.631228803625617002e+04 1.398785211278624483e+05 3.129297900683072271e+02 8.641978805305192135e-03 5.328740066905415773e+01 1.898909135039159590e+00 8.457914139972700918e-01 1.150944836100714186e+00 3.964244027218298827e-01 
1.054376674983406126e+01 7.691608725697026784e+03 6.312048516125988000e+15 1.017574506316430867e+34 1.567293763423013853e-02 3.944894069059946030e-08 2.617956085043306666e+04 1.384969465193411452e+05 3.138866363785674025e+02 8.553404299468094982e-03 5.370060092800935792e+01 1.852092928163296959e+00 8.526681540535150372e-01 1.152612160028233967e+00 3.955173296153546292e-01 
1.042083572797526614e+01 7.656274308280651894e+03 6.196857853031919000e+15 9.990044522633372236e+33 1.543516459562057318e-02 3.926606468934410860e-08 2.604813976752113012e+04 1.371628772940321360e+05 3.095336402625113124e+02 8.464475213809550744e-03 5.412570344297203917e+01 1.805545477777972918e+00 8.596940310640709404e-01 1.154422577790594540e+00 3.946757704612255946e-01 
1.030041231975076421e+01 7.621102213350856800e+03 6.083769342484707000e+15 9.807732892746269506e+33 1.519742855892278720e-02 3.909305266293852998e-08 2.591798941730330625e+04 1.358761986557688506e+05 3.076144111516670137e+02 8.375131115779964677e-03 5.456350327928561228e+01 1.759300417677307049e+00 8.668718871305379770e-01 1.156383224769921059e+00 3.939073145284315292e-01 
1.018254516204767945e+01 7.586091695215711297e+03 5.972744621606541000e+15 9.628748328150656013e+33 1.495977710821413606e-02 3.893018154121626767e-08 2.578906938256213834e+04 1.346370524021877500e+05 3.072658973026016724e+02 8.285292736862036322e-03 5.501496472792820214e+01 1.713382639119239936e+00 8.742080423593737715e-01 1.158505182140316059e+00 3.932222910551289585e-01 
1.006724904203178639e+01 7.551242011608936082e+03 5.863746027616540000e+15 9.453030112130616739e+33 1.472230306867183466e-02 3.877764937970678031e-08 2.566133872551706372e+04 1.334453006287129538e+05 3.084171211542716833e+02 8.194901223559024686e-03 5.548097807871815235e+01 1.667826695077661903e+00 8.817055679059129236e-01 1.160796113228432791e+00 3.926291295867873066e-01 
9.954569289187038095e+00 7.516552423674113925e+03 5.756736585054295000e+15 9.280518636009541265e+33 1.448506992374845245e-02 3.863572748193362119e-08 2.553475039810447561e+04 1.323010243185805448e+05 3.113924551776150906e+02 8.103880562268286555e-03 5.596260322718745073e+01 1.622659915570048739e+00 8.893706394238376500e-01 1.163267242165428650e+00 3.921389249251981957e-01 
9.844546875198215474e+00 7.482022195949080924e+03 5.651679993236891000e+15 9.111155378929425503e+33 1.424815273358174920e-02 3.850467793291447073e-08 2.540925369112646513e+04 1.312042490971349471e+05 3.058925585643759177e+02 8.012158048395272292e-03 5.646094571159493114e+01 1.577911580640699807e+00 8.972091179943859629e-01 1.165929594805801939e+00 3.917630637766190138e-01 
9.737211481451245376e+00 7.447650596350286833e+03 5.548540613944540000e+15 8.944882887998681713e+33 1.401164194720585891e-02 3.838473475535837667e-08 2.528479795710422331e+04 1.301549012925692805e+05 3.044123682349132309e+02 7.919671974008231363e-03 5.697710988479376226e+01 1.533613319877836556e+00 9.052260266120406573e-01 1.168793320867489882e+00 3.915123978632411572e-01 
9.632619496531075853e+00 7.413436896157292722e+03 5.447283459331120000e+15 8.781644758802557335e+33 1.377560871449970588e-02 3.827619492264592448e-08 2.516132456457115768e+04 1.291530756822386029e+05 3.054174827213125241e+02 7.826345510670936270e-03 5.751237938074739020e+01 1.489791902724944883e+00 9.134291217896083337e-01 1.171871833069190627e+00 3.914005199344943731e-01 
9.530798421927562103e+00 7.379380369997345952e+03 5.347874180055362000e+15 8.621385616269245083e+33 1.354015461389613227e-02 3.817928857781257079e-08 2.503877561876604159e+04 1.281986392660930578e+05 3.095041683201176852e+02 7.732122182242728847e-03 5.806798117157362071e+01 1.446479476409342269e+00 9.218236231877763309e-01 1.175175618300544178e+00 3.914393856996667420e-01 
9.431818440662329550e+00 7.345480295829946044e+03 5.250279053628411000e+15 8.464051095884815211e+33 1.330534974241995294e-02 3.809434871049984738e-08 2.491708054437897954e+04 1.272917345786256046e+05 3.040546739631334390e+02 7.636919099039947943e-03 5.864541916104453634e+01 1.403700910716869643e+00 9.304190389837898589e-01 1.178720268297831497e+00 3.916453471384664931e-01 
9.335708621119001904e+00 7.311735954931599736e+03 5.154464972974364000e+15 8.309587825251488950e+33 1.307130304608519582e-02 3.802160103559572892e-08 2.479617862107994006e+04 1.264321875295970822e+05 3.030417137843766113e+02 7.540690965796448958e-03 5.924603201397766838e+01 1.361487428172534209e+00 9.392214636990093846e-01 1.182517360359402359e+00 3.920313582407211617e-01 
9.242535437363361694e+00 7.278146631880529640e+03 5.060399435199240000e+15 8.157943405981944762e+33 1.283809711802730291e-02 3.796137186316503456e-08 2.467599081559325714e+04 1.256200593456586066e+05 3.058184090995586075e+02 7.443362597027450289e-03 5.987147703777518615e+01 1.319864333122652722e+00 9.482406591162647613e-01 1.186582787909412184e+00 3.926152617786911603e-01 
9.152360705916528616e+00 7.244711614541526615e+03 4.968050530565133000e+15 8.009066395924377010e+33 1.260582468661618390e-02 3.791396732271528197e-08 2.455643911910454699e+04 1.248553389101938810e+05 3.048988631155885400e+02 7.344871732244933303e-03 6.052344077701547320e+01 1.278857558465019695e+00 9.574864524447692649e-01 1.190932570411082470e+00 3.934149511624737139e-01 
9.065233246529237121e+00 7.211430194050876707e+03 4.877386931665568000e+15 7.862906291711936020e+33 1.237459072373818698e-02 3.787966364443360573e-08 2.443744419870638376e+04 1.241378995208443521e+05 3.023502159987650089e+02 7.245168828229451782e-03 6.120363905654232894e+01 1.238494069728035996e+00 9.669678375622668964e-01 1.195581612940352700e+00 3.944482086394848208e-01 
8.981236465169873284e+00 7.178301664801280822e+03 4.788377882798205000e+15 7.719413511630309907e+33 1.214448072186143611e-02 3.785882548294708671e-08 2.431891006385477158e+04 1.234678082085762435e+05 3.055328460024941251e+02 7.144181150861537988e-03 6.191410797820552148e+01 1.198796219018374298e+00 9.766974392184705200e-01 1.200549159548932154e+00 3.957376976321020368e-01 
8.900418407180048064e+00 7.145325324426951738e+03 4.700993189531776000e+15 7.578539378798431819e+33 1.191560706383660087e-02 3.785171921851288136e-08 2.420075364784886551e+04 1.228448618365508155e+05 3.039221659692233857e+02 7.041875414291751470e-03 6.265672796738734718e+01 1.159789426491518727e+00 9.866852693530229201e-01 1.205851146678844854e+00 3.973030285673191386e-01 
8.822877077157107450e+00 7.112500473788671115e+03 4.615203208463122000e+15 7.440236104655649852e+33 1.168805518003238758e-02 3.785874804950753470e-08 2.408286231725725884e+04 1.222691369069391076e+05 3.028070115170604026e+02 6.938176361255475946e-03 6.343388214894903854e+01 1.121493643608801660e+00 9.969462209162677224e-01 1.211509402057510121e+00 3.991715846320515459e-01 
8.748668418843594807e+00 7.079826416958993832e+03 4.530978837161373000e+15 7.304456772750593465e+33 1.146193817120068174e-02 3.788019414332399789e-08 2.396514385929869604e+04 1.217404021629172494e+05 3.097112906518389650e+02 6.833059455492051029e-03 6.424772450812123736e+01 1.083931493188415196e+00 1.007492225431591670e+00 1.217541881732841835e+00 4.013666296616724138e-01 
8.677888856316538835e+00 7.047302461207507804e+03 4.448291504295599500e+15 7.171155322825818452e+33 1.123734901690871292e-02 3.791645856444952175e-08 2.384747601057722932e+04 1.212586372499128047e+05 3.026470222115884212e+02 6.726463183496701574e-03 6.510091476101919739e+01 1.047121443526881190e+00 1.018339174964720151e+00 1.223971281718344351e+00 4.039191220489213308e-01 
8.610629943836073608e+00 7.014927916986104719e+03 4.367113159942486500e+15 7.040286535192666466e+33 1.101438769940477416e-02 3.796791838880428912e-08 2.372973978378382890e+04 1.208237355338361813e+05 3.073003125904972990e+02 6.618345193183347228e-03 6.599617935768804955e+01 1.011081400222979987e+00 1.029503394139341665e+00 1.230820653354280481e+00 4.068608884996162689e-01 
8.546982183166486280e+00 6.982702097914411752e+03 4.287416266071121500e+15 6.911806015391654770e+33 1.079315608376539559e-02 3.803495900865583592e-08 2.361180677873774766e+04 1.204355412468691793e+05 3.033774422643382991e+02 6.508665974752765766e-03 6.693646239200231207e+01 9.758282698170828162e-01 1.041001589994726695e+00 1.238113232336966130e+00 4.102267773915880822e-01 
8.487052227254920922e+00 6.950624320765184166e+03 4.209173787201162500e+15 6.785670179132371071e+33 1.057375113385230353e-02 3.811800276527297778e-08 2.349353971975421518e+04 1.200939387412616634e+05 3.077818836510106166e+02 6.397385257971998154e-03 6.792499041464593290e+01 9.413766738984203908e-01 1.052852802061471582e+00 1.245874944477860513e+00 4.140560892897595102e-01 
8.430950260531243856e+00 6.918693905449879821e+03 4.132359181231775000e+15 6.661836237508671001e+33 1.035627109125926773e-02 3.821748930099413494e-08 2.337478996765724878e+04 1.197987717643248907e+05 3.040732304979939613e+02 6.284464449393813851e-03 6.896527828979071728e+01 9.077401703697017821e-01 1.065076907375254844e+00 1.254132515847532270e+00 4.183925049841122901e-01 
8.378792960726681116e+00 6.886910175004187295e+03 4.056946390437656500e+15 6.540262182483239584e+33 1.014081221829486387e-02 3.833388049177701173e-08 2.325540084475947515e+04 1.195498704498354637e+05 3.112955095487955077e+02 6.169869513376309046e-03 7.006113836877523227e+01 8.749305143116766770e-01 1.077695174239441389e+00 1.262914084238332402e+00 4.232844172588336451e-01 
8.330706926945991242e+00 6.855272455573694060e+03 3.982909832629554000e+15 6.420906772637330403e+33 9.927469243662057075e-03 3.846767344311092889e-08 2.313520110384760847e+04 1.193470517846037546e+05 3.055206796672176779e+02 6.053564736264735804e-03 7.121678053976586398e+01 8.429580001398443434e-01 1.090730330114682678e+00 1.272249367096114803e+00 4.287866287054593051e-01 
8.286836862394480363e+00 6.823780076399626523e+03 3.910224392476114500e+15 6.303729519180598098e+33 9.716332084940382252e-03 3.861942361698220256e-08 2.301400128411957121e+04 1.191901637232415669e+05 3.073677243100443093e+02 5.935507880703208734e-03 7.243692040218277839e+01 8.118310310074957625e-01 1.104207407118608320e+00 1.282170730826279081e+00 4.349622815808337761e-01 
8.247311703542361982e+00 6.792432369804572772e+03 3.838865412983911000e+15 6.188690672215921357e+33 9.507496039295296880e-03 3.878965192948556610e-08 2.289161687217792860e+04 1.190789089532400103e+05 3.109270649314381672e+02 5.815683966446101409e-03 7.372646525732149314e+01 7.815569936248518701e-01 1.118150796373439171e+00 1.292709299942692347e+00 4.418781376755179235e-01 
8.212319431979020479e+00 6.761228671178389959e+03 3.768808687133221000e+15 6.075751207255321841e+33 9.301040480690600173e-03 3.897906721102825920e-08 2.276780854480735070e+04 1.190132098050673521e+05 3.077675050955564302e+02 5.694027037476858365e-03 7.509145048479605578e+01 7.521408680054491036e-01 1.132590361530373846e+00 1.303903111249864910e+00 4.496195411744333681e-01 
8.182005052667610911e+00 6.730168318964057107e+03 3.700030449666184000e+15 5.964872811981533783e+33 9.097057144217464766e-03 3.918826947246805246e-08 2.264236276060036107e+04 1.189927017592386546e+05 3.082724074356681854e+02 5.570528766135846542e-03 7.653789687006774045e+01 7.235870477174730642e-01 1.147552964291676636e+00 1.315785828454675732e+00 4.582730006954630619e-01 
8.156580153805681022e+00 6.699250654643678899e+03 3.632507369025008000e+15 5.856017873251469198e+33 8.895620483899632086e-03 3.941808541046558184e-08 2.251499967081016803e+04 1.190172651875258016e+05 3.114181669053037353e+02 5.445121607343316079e-03 7.807326737693155394e+01 6.958976912199928977e-01 1.163071302808690533e+00 1.328398569386871841e+00 4.679493726662755648e-01 
8.136231441713064783e+00 6.668475022724538576e+03 3.566216539437265500e+15 5.749149464336806773e+33 8.696812968321842793e-03 3.966929363403830057e-08 2.238544793327628940e+04 1.190865604876197904e+05 3.163211125832263519e+02 5.317777651940090548e-03 7.970540810360374451e+01 6.690742693951027276e-01 1.179176188127667446e+00 1.341779691569911837e+00 4.787682249039012516e-01 
8.121205997527928488e+00 6.637840770725153561e+03 3.501135473145489000e+15 5.644231332397214946e+33 8.500702566904676585e-03 3.994289644694139047e-08 2.225337229989594925e+04 1.192004469241195038e+05 3.160799204578429453e+02 5.188421157120068176e-03 8.144380488423809084e+01 6.431163487878737151e-01 1.195903551973794166e+00 1.355974119948222256e+00 4.908783114447188289e-01 
8.111725184501548114e+00 6.607347249161498439e+03 3.437242092778805500e+15 5.541227886182546350e+33 8.307364445961067795e-03 4.023986395010442376e-08 2.211844222620921937e+04 1.193585505345174606e+05 3.163724024604182432e+02 5.057016629206907178e-03 8.329860118004070557e+01 6.180228175057326245e-01 1.213286781298530626e+00 1.371023259723335830e+00 5.044435729495753140e-01 
8.108087230866283690e+00 6.576993811533181542e+03 3.374514723863534500e+15 5.440104183959071424e+33 8.116858025931152423e-03 4.056145961200043454e-08 2.198024324197313035e+04 1.195607317865544901e+05 3.180851154877706790e+02 4.923468713775314316e-03 8.528221825886990359e+01 5.937910342784318285e-01 1.231365247038867183e+00 1.386976320697318688e+00 5.196703433360507773e-01 
8.110576361844834992e+00 6.546779814309789799e+03 3.312932087470698000e+15 5.340825921656414634e+33 7.929249308230027632e-03 4.090901916918622392e-08 2.183832782449617662e+04 1.198066552284493519e+05 3.204234071408748719e+02 4.787693622995320246e-03 8.740866254860158335e+01 5.704185981604170674e-01 1.250174343483463568e+00 1.403877945222591350e+00 5.367979930703496994e-01 
8.119518451955995531e+00 6.516704616917198109e+03 3.252473292997492000e+15 5.243359421230467478e+33 7.744595615976817247e-03 4.128406150254144862e-08 2.169220646672854127e+04 1.200960272664959484e+05 3.176378252877130421e+02 4.649604860384570770e-03 8.969407265076398517e+01 5.479013421037013387e-01 1.269752612533042280e+00 1.421776592194835986e+00 5.561123252083455260e-01 
8.135307825771940671e+00 6.486767581724009688e+03 3.193117831080643000e+15 5.147671619238903101e+33 7.562945979161992544e-03 4.168848235708062621e-08 2.154127211057944805e+04 1.204286803912062023e+05 3.170892995786575739e+02 4.509051856330432810e-03 9.215824284322778226e+01 5.262353452185848379e-01 1.290140210535904552e+00 1.440723783730147423e+00 5.779728202652121283e-01 
8.158332239527863905e+00 6.456968074028060073e+03 3.134845566639080500e+15 5.053730055625167365e+33 7.384352189070125284e-03 4.212429561039425443e-08 2.138489140885211964e+04 1.208042453343945963e+05 3.206137147211702541e+02 4.365919972277375154e-03 9.482356852322998009e+01 5.054160226466033468e-01 1.311373303881061325e+00 1.460766271121963999e+00 6.028028796877921147e-01 
8.189096049766119378e+00 6.427305462042907493e+03 3.077636732043436000e+15 4.961502862706932472e+33 7.208853213903018003e-03 4.259412599590000773e-08 2.122224787809535337e+04 1.212225986158925662e+05 3.215806459505853923e+02 4.219992819834402289e-03 9.771837280525126346e+01 4.854397531521388309e-01 1.333490958995158238e+00 1.481956081165234140e+00 6.311516163262320678e-01 
8.228107826690981952e+00 6.397779116884496943e+03 3.021471920410408500e+15 4.870958754365841468e+33 7.036493327878295262e-03 4.310091326069087226e-08 2.105243564498448177e+04 1.216833945324600354e+05 3.232188407581294882e+02 4.071063228875284809e-03 1.008760598104303767e+02 4.663038275174524183e-01 1.356523200957645781e+00 1.504335450608833780e+00 6.636925390221849463e-01 
8.275971243875705596e+00 6.368388412557778793e+03 2.966332079019297000e+15 4.782067015434209774e+33 6.867306772934364187e-03 4.364823119899233096e-08 2.087438388581781692e+04 1.221863834902610397e+05 3.233423675624332532e+02 3.918876919013093880e-03 1.043377020337815111e+02 4.480059993789971551e-01 1.380498311691009006e+00 1.527945872764981727e+00 7.012857701609955807e-01 
8.333413105419740674e+00 6.339132725943457444e+03 2.912198502848810500e+15 4.694797491275618152e+33 6.701322556181906961e-03 4.424059354192328694e-08 2.068675160624550699e+04 1.227314146900200285e+05 3.268744228241911856e+02 3.763078075394236856e-03 1.081555628909835036e+02 4.305471787473246770e-01 1.405437212058453955e+00 1.552822918213974113e+00 7.450634007594840735e-01 
8.401240349168629606e+00 6.310011436784798207e+03 2.859052828231817500e+15 4.609120577555646049e+33 6.538569797671588656e-03 4.488349009376847590e-08 2.048793374203464555e+04 1.233182282245622191e+05 3.299009124463964326e+02 3.603256160057513244e-03 1.123953190597761420e+02 4.139315454349042911e-01 1.431344026603060149e+00 1.578984732436331972e+00 7.965093022324516436e-01 
8.480417089983042445e+00 6.281023927674433253e+03 2.806877026625780500e+15 4.525007210199096346e+33 6.379070642429087064e-03 4.558382889086909713e-08 2.027596001201853869e+04 1.239466300300358998e+05 3.304507082543851197e+02 3.438909534322954348e-03 1.171415202983595378e+02 3.981673816896059703e-01 1.458206412183515654e+00 1.606433190894135832e+00 8.576210505718275812e-01 
8.572080016264264302e+00 6.252169584041323105e+03 2.755653398497051500e+15 4.442428855530778459e+33 6.222848377173029362e-03 4.635056302249031187e-08 2.004830166393968102e+04 1.246163704516951402e+05 3.306791024077038514e+02 3.269377174642886050e-03 1.225065478291774212e+02 3.832714882765188569e-01 1.485976657789518152e+00 1.635133619768383895e+00 9.311709913434036423e-01 
8.677626408844925976e+00 6.223447794137682649e+03 2.705364567316597500e+15 4.361357500595933915e+33 6.069918697445183739e-03 4.719547666377839444e-08 1.980171448360369322e+04 1.253272950972368417e+05 3.358654750488540799e+02 3.093821696063119974e-03 1.286423615742029369e+02 3.692705028080819907e-01 1.514564253406902816e+00 1.665006677442458560e+00 1.021102302763588821e+00 
8.798773487980593444e+00 6.194857949026028109e+03 2.655993473665414500e+15 4.281765643657485492e+33 5.920296684799804775e-03 4.813456307018862770e-08 1.953187780051953814e+04 1.260792242597710137e+05 3.351796279253857733e+02 2.911134266277246030e-03 1.357617110461642937e+02 3.562080339443033927e-01 1.543802133485786543e+00 1.695891502270295836e+00 1.133235398204911926e+00 
8.937665411485340883e+00 6.166399442566289508e+03 2.607523369447520500e+15 4.203626284866718612e+33 5.773998822473321024e-03 4.919021191447687714e-08 1.923287544942256136e+04 1.268718896167959610e+05 3.373426174492739165e+02 2.719826736600118415e-03 1.441732867567662026e+02 3.441539669627768361e-01 1.573398429369478047e+00 1.727492550472843780e+00 1.276526710033382361e+00 
9.097122787264087407e+00 6.138071671402911306e+03 2.559937812208433500e+15 4.126912917104021541e+33 5.631036985783687172e-03 5.039529041700336805e-08 1.889625811609790981e+04 1.277051055816150765e+05 3.422582185010289777e+02 2.517820471486310972e-03 1.543474321893180274e+02 3.332207713097399271e-01 1.602860508210138590e+00 1.759296480511171490e+00 1.465545519094490601e+00 
9.280863776670440046e+00 6.109874034952114926e+03 2.513220659557514500e+15 4.051599516987057461e+33 5.491428726388350098e-03 5.180037472531854201e-08 1.850941478024425305e+04 1.285784199914832570e+05 3.422933949130641622e+02 2.302143740135826743e-03 1.670426260393261941e+02 3.235955755409082313e-01 1.631323715576340039e+00 1.790381586841109041e+00 1.725620371787839558e+00 
9.494205179567224206e+00 6.081805935389118531e+03 2.467356063691918500e+15 3.977660536042753425e+33 5.355191874744447481e-03 5.349016982299020372e-08 1.805195412707533615e+04 1.294913305978059652e+05 3.469341416065852854e+02 2.068168702820602500e-03 1.835945146386293061e+02 3.156107618716746943e-01 1.657217858081753370e+00 1.819050486241033715e+00 2.105343376295500502e+00 
9.745035659903518166e+00 6.053866777635485050e+03 2.422328466020609500e+15 3.905070892040589955e+33 5.222355062678393431e-03 5.562117734207007922e-08 1.748787738249874747e+04 1.304426978739339247e+05 3.486636066201808717e+02 1.808249675939691426e-03 2.066349931548874963e+02 3.099090849174647722e-01 1.677439493751353039e+00 1.841910746459425985e+00 2.711075544368424239e+00 
1.004650696440107360e+01 6.026055969346519305e+03 2.378122591886454500e+15 3.833805960484015551e+33 5.092961735872228619e-03 5.853760767867028118e-08 1.674242047785327304e+04 1.314303638088936277e+05 3.480327430830041635e+02 1.507672590993985135e-03 2.424320994254473476e+02 3.079580211762319442e-01 1.684921651344986060e+00 1.851185139351122277e+00 3.832093997016994269e+00 
1.042402333470953835e+01 5.998372920898669690e+03 2.334723445384555500e+15 3.763841566257007536e+33 4.967091609238083461e-03 6.326353666316459461e-08 1.561174083523733134e+04 1.324485766619627539e+05 3.442499966453705156e+02 1.131065634171001628e-03 3.119535924844386159e+02 3.142572371947863763e-01 1.658630863748375983e+00 1.823638196953212054e+00 6.643931715401124372e+00 
1.093816874175078446e+01 5.970817045377075374e+03 2.292116304275289000e+15 3.695153975423301043e+33 4.844910926635799357e-03 7.751971828980761600e-08 1.283935914861196761e+04 1.334744157995367132e+05 2.447368066197329313e+02 5.134582436435647986e-04 5.190838715306191489e+02 3.637713830230107637e-01 1.456185292811471355e+00 1.602030312933727663e+00 2.489517004192855154e+01 
1.131391724724675818e+01 5.943387758563075295e+03 2.250286714990017500e+15 3.627719887175032596e+33 4.726404507362695281e-03 9.828815786383780314e-08 1.018624063610326084e+04 1.342633943957380252e+05 5.638548488772312339e+01 2.022217544625900187e-04 5.550171218228734915e+01 4.364989954111105908e-01 1.217729757339975460e+00 1.338669494434528984e+00 6.822934320094231175e+00 
1.151054713963113585e+01 5.916084478921869959e+03 2.209220487728101250e+15 3.561516425928555840e+33 4.610909028618350586e-03 1.099713359077963348e-07 9.147147262469801717e+03 1.348986698325294419e+05 2.845497953985936590e+01 1.308774386057558008e-04 1.964641031129642457e+01 4.626513358924027042e-01 1.135010599953755417e+00 1.245649594430714879e+00 3.709755076663209472e+00 
1.162346131456411591e+01 5.888906627590148673e+03 2.168903691643240250e+15 3.496521133564276203e+33 4.498057966727682030e-03 1.185194229243909439e-07 8.523714796694825054e+03 1.354755533560162585e+05 1.815280756226501069e+01 9.826174580843717056e-05 9.943797558045739393e+00 4.724999131392828011e-01 1.090161656268894497e+00 1.193887121539365381e+00 2.468778117189494470e+00 
1.168446424537196826e+01 5.861853628363836833e+03 2.129322650117762250e+15 3.432711961808260883e+33 4.387651208083063158e-03 1.254159904764133698e-07 8.087748349973328914e+03 1.360263477697370981e+05 1.298895246545184712e+01 7.932630978116283148e-05 5.994145326992947886e+00 4.738330318908768879e-01 1.061680399230214844e+00 1.159914261324444862e+00 1.811910362759040494e+00 
1.170932440101208627e+01 5.834924907685896869e+03 2.090463936123145250e+15 3.370067264752870994e+33 4.279558290848717653e-03 1.312846495099565809e-07 7.756996855375864470e+03 1.365683492654173169e+05 9.951960435107878311e+00 6.685812176191909928e-05 4.008736129064921272e+00 4.700006529092435881e-01 1.042050933952540115e+00 1.135555297385581808e+00 1.408890394701717064e+00 
1.170734771651465422e+01 5.808119894634126467e+03 2.052314367665122500e+15 3.308565791513746860e+33 4.173686294601661011e-03 1.364527686381930465e-07 7.492935465333522188e+03 1.371124337609196664e+05 7.980100035374225520e+00 5.797768885628819106e-05 2.871975333052759982e+00 4.627917997637104319e-01 1.027842015516621688e+00 1.117090301641063599e+00 1.138006707109633808e+00 
1.168463506953235864e+01 5.781438020909100487e+03 2.014861003312035000e+15 3.248186679021003741e+33 4.069966284656143657e-03 1.411162372071729999e-07 7.274574132527790425e+03 1.376661152021923917e+05 6.610435695347156582e+00 5.130184792706937426e-05 2.160734480201904173e+00 4.532888005686512289e-01 1.017225780258045775e+00 1.102545177545828370e+00 9.442805250858454791e-01 
1.164544821896534010e+01 5.754878720822083778e+03 1.978091137804673500e+15 3.188909444941790870e+33 3.968343538729339828e-03 1.454024729538386524e-07 7.089295502401687372e+03 1.382347934246544028e+05 5.611323427811190534e+00 4.608129973649511310e-05 1.686118362808698423e+00 4.421999116187201317e-01 1.009125447723489444e+00 1.090760699776343490e+00 7.993701527795213924e-01 
1.159293243271139850e+01 5.728441431283053134e+03 1.941992297746309000e+15 3.130713980732128718e+33 3.868774352801474838e-03 1.493998659989023956e-07 6.928948228333960287e+03 1.388225507363874640e+05 4.854889252940129296e+00 4.187347618665686181e-05 1.353494721866677963e+00 4.300159041335520627e-01 1.002858594881050225e+00 1.081005196568489257e+00 6.872231654342119134e-01 
1.152947481124180662e+01 5.702125591788777456e+03 1.906552237371382250e+15 3.073580544815552069e+33 3.771221497611325357e-03 1.531723918245347254e-07 6.787987883528362545e+03 1.394325108406265790e+05 4.265245526912240237e+00 3.839988785531130773e-05 1.111230319291308888e+00 4.170897970461259763e-01 9.979688697546494902e-01 1.072790773053585722e+00 5.980916844748032091e-01 
1.145694750719086130e+01 5.675930644410894274e+03 1.871758934391334250e+15 3.017489755886112972e+33 3.675653313548063461e-03 1.567680806456000060e-07 6.662482205443347993e+03 1.400671199628245377e+05 3.794698835993851826e+00 3.547625924359287813e-05 9.292084874659547467e-01 4.036833476696143341e-01 9.941381594873095473e-01 1.065778502863456545e+00 5.257235593557425535e-01 
1.137684752538677913e+01 5.649856033784124520e+03 1.837600585916357750e+15 2.962422586333775532e+33 3.582042210976563168e-03 1.602241241759914425e-07 6.549543761562613327e+03 1.407283028289052309e+05 3.411879652277544306e+00 3.297558533676979203e-05 7.888960560102794561e-01 3.899951883440403999e-01 9.911361951737462928e-01 1.059723743101399940e+00 4.659274868618347720e-01 
1.129039547927215814e+01 5.623901207094458186e+03 1.804065604451464000e+15 2.908360355789619998e+33 3.490362748811207377e-03 1.635699194855813030e-07 6.446998207225722581e+03 1.414176072814851941e+05 3.095374512257581756e+00 3.080750184599792936e-05 6.783856319116010614e-01 3.761780237685596329e-01 9.887924783073769319e-01 1.054445737512098136e+00 4.157934142910668096e-01 
1.119860008115139038e+01 5.598065614067470960e+03 1.771142613965721000e+15 2.855284724789001097e+33 3.400591522428856803e-03 1.668291598434300518e-07 6.353169603838154217e+03 1.421362678138371557e+05 2.830101215144404936e+00 2.890591093804442281e-05 5.897416693552683942e-01 3.623507396313666584e-01 9.869776300817925119e-01 1.049807533106711155e+00 3.732389569490995318e-01 
1.110230469463863123e+01 5.572348706956625392e+03 1.738820446033131250e+15 2.803177688550204895e+33 3.312706767181238139e-03 1.700212810091923435e-07 6.266739570685875151e+03 1.428852590413278085e+05 2.605151493692360098e+00 2.722130436886239168e-05 5.175085912470860361e-01 3.486067085354701556e-01 9.855913142182558540e-01 1.045702993696194127e+00 3.367352166396938573e-01 
1.100222228761927568e+01 5.546749940531673019e+03 1.707088136044003750e+15 2.752021570866742785e+33 3.226687138258575813e-03 1.731624661400775661e-07 6.186654136543109416e+03 1.436653699174550420e+05 2.412455342283068127e+00 2.571585836563185543e-05 4.578356744380919774e-01 3.350193793026415290e-01 9.845545854663708685e-01 1.042048554324009668e+00 3.051352073135729648e-01 
1.089896117380995477e+01 5.521268772067108330e+03 1.675934919485456750e+15 2.701799018111098399e+33 3.142511797722962949e-03 1.762662980180123084e-07 6.112060045570487091e+03 1.444772248991091910e+05 2.245923652585172903e+00 2.436019877437114965e-05 4.079427469443672183e-01 3.216465233508368771e-01 9.838047374246590149e-01 1.038777718903470815e+00 2.775624451122080671e-01 
1.079304270131386012e+01 5.495904661330628187e+03 1.645350228289743750e+15 2.652492993347810680e+33 3.060160259372861000e-03 1.793443634494658451e-07 6.042255254944905573e+03 1.453213071326439385e+05 2.100880678834777360e+00 2.313112454958450559e-05 3.657799741114880487e-01 3.085335864711842846e-01 9.832908475709843943e-01 1.035836312986462948e+00 2.533352279037808796e-01 
1.068491847816408757e+01 5.470657070571717668e+03 1.615323687249308000e+15 2.604086770554130288e+33 2.979612111229011217e-03 1.824065664129563955e-07 5.976658184191483997e+03 1.461979834683006920e+05 1.973681667972572829e+00 2.201010233543134568e-05 3.298103958198572716e-01 2.957159188880157941e-01 9.829717080500141035e-01 1.033180277467911079e+00 2.319162197734769282e-01 
1.057498078927227958e+01 5.445525464510216807e+03 1.585845110497176250e+15 2.556563928946011823e+33 2.900846473181454849e-03 1.854615066582797858e-07 5.914780785552643465e+03 1.471075398204118537e+05 1.861446021246758953e+00 2.098212409666519825e-05 2.988622958164046106e-01 2.832206678965814017e-01 9.828133869408608447e-01 1.030773070806173308e+00 2.128759265574968473e-01 
1.046357110856374995e+01 5.420509310324980106e+03 1.556904498051628250e+15 2.509908347407725153e+33 2.823842274238352965e-03 1.885167058020323187e-07 5.856209425585284407e+03 1.480501790593903279e+05 1.761868764204477245e+00 2.003490236571975208e-05 2.720294603454095350e-01 2.710683362953579256e-01 9.827875737798845712e-01 1.028583931681069652e+00 1.958669353741350205e-01 
1.035098997452835157e+01 5.395608077642605167e+03 1.528492032423944750e+15 2.464104199023157300e+33 2.748578376864455226e-03 1.915787259998213652e-07 5.800592266361139991e+03 1.490260243416422454e+05 1.673085713081947645e+00 1.915830185194611977e-05 2.486026875223310562e-01 2.592739063675764677e-01 9.828709199333413027e-01 1.026587204614304083e+00 1.806055996321819512e-01 
1.023750135951806683e+01 5.370821238526142224e+03 1.500598075287978500e+15 2.419135945706778912e+33 2.675032863492106307e-03 1.946533913581104472e-07 5.747626963262011486e+03 1.500351592826377309e+05 1.593573700241611046e+00 1.834387238997786432e-05 2.280200621077395073e-01 2.478477170918421402e-01 9.830438268459975593e-01 1.024761040758828790e+00 1.668579121661079301e-01 
1.012333849373558081e+01 5.346148267463951925e+03 1.473213164210616750e+15 2.374988332932774515e+33 2.603183408936207179e-03 1.977458752253098897e-07 5.697052262691689975e+03 1.510776192608170968e+05 1.522076919969079789e+00 1.758451732912738149e-05 2.098317389479875950e-01 2.367963012580929505e-01 9.832898629574096105e-01 1.023086812447395522e+00 1.544291912463246208e-01 
1.000870678581294726e+01 5.321588641358519453e+03 1.446328009441799250e+15 2.331646384560186902e+33 2.533007256809157153e-03 2.008608036672473334e-07 5.648640823310654923e+03 1.521533966689592926e+05 1.457551110634430547e+00 1.687422982757110946e-05 1.936740061155896031e-01 2.261230312635000850e-01 9.835950641226431923e-01 1.021548374314438012e+00 1.431561267038795326e-01 
9.893789108647091268e+00 5.297141839515384163e+03 1.419933490763192000e+15 2.289095397752614073e+33 2.464481362548626240e-03 2.040023321868085265e-07 5.602193589129020438e+03 1.532624416687728080e+05 1.399121519316360640e+00 1.620788994198124543e-05 1.792501383407058835e-01 2.158286750466663628e-01 9.839476270349971632e-01 1.020131777218595381e+00 1.329007354036676192e-01 
9.778747730053131804e+00 5.272807343632116499e+03 1.394020654394362500e+15 2.247320937990613440e+33 2.397581863560497607e-03 2.071742253180212415e-07 5.557536006224341691e+03 1.544046958493760612e+05 1.346050186460362674e+00 1.558111046040087870e-05 1.663162785519405884e-01 2.059117156169334717e-01 9.843376084786873426e-01 1.018824932637015124e+00 1.235457332268491276e-01 
9.663726952977752305e+00 5.248584637787288557e+03 1.368580709955357000e+15 2.206308834175025722e+33 2.332284547070787115e-03 2.103798955764987483e-07 5.514513965286654638e+03 1.555800732643915690e+05 1.297710421621475430e+00 1.499010801312905056e-05 1.546703805264559861e-01 1.963688234581781322e-01 9.847565651986890378e-01 1.017617263065028199e+00 1.149907581046385324e-01 
9.548855665393061187e+00 5.224473208429583792e+03 1.343605027484800750e+15 2.166045173819812813e+33 2.268564858681794329e-03 2.136224403145978966e-07 5.472991104530578923e+03 1.567884655319511658e+05 1.253566887342100866e+00 1.443160487124063403e-05 1.441439370717454149e-01 1.871951576745405910e-01 9.851974088591202161e-01 1.016499565006464767e+00 1.071494736116945651e-01 
9.434247486871630173e+00 5.200472544366866714e+03 1.319085134512323000e+15 2.126516298332470421e+33 2.206397855629847055e-03 2.169047223236202597e-07 5.432845287383530376e+03 1.580297454578483594e+05 1.213159444734658754e+00 1.390273614400312950e-05 1.345952435457526131e-01 1.783846568928401100e-01 9.856538783045620811e-01 1.015463442264818994e+00 9.994708555279421813e-02 
9.320004938925363192e+00 5.176582136755363535e+03 1.295012713184469750e+15 2.087708798380671153e+33 2.145758041168367974e-03 2.202293697379580213e-07 5.393968152804673082e+03 1.593037904379596002e+05 1.176090944508279890e+00 1.340099893574634715e-05 1.259047721722076629e-01 1.699301805863091541e-01 9.861208973079919060e-01 1.014501718775184136e+00 9.331866902701714539e-02 
9.206219103848013674e+00 5.152801479088889209e+03 1.271379597443064750e+15 2.049609509343458554e+33 2.086619654941010340e-03 2.235988102040092237e-07 5.356262541464292553e+03 1.606104651968870603e+05 1.142016662693918549e+00 1.292419062234614333e-05 1.179709448044842096e-01 1.618237787663341642e-01 9.865941337447545756e-01 1.013607969701804556e+00 8.720750455784587185e-02 
9.092971072509158148e+00 5.129130067188073554e+03 1.248177770255010500e+15 2.012205506845369914e+33 2.028956744147319448e-03 2.270153057652100604e-07 5.319640747659397675e+03 1.619496219792639313e+05 1.110636027444152685e+00 1.247036162495467113e-05 1.107069160726477514e-01 1.540568722230498955e-01 9.870698496225596141e-01 1.012776380283725297e+00 8.156380392154809200e-02 
8.980333219684505153e+00 5.105567399189711978e+03 1.225399360892721500e+15 1.975484102372181891e+33 1.972743090119098708e-03 2.304809600486348300e-07 5.284023923163264044e+03 1.633211108048013120e+05 1.081685900491874186e+00 1.203778399304634205e-05 1.040381857047996683e-01 1.466203588313827189e-01 9.875449462776877407e-01 1.012001797702315464e+00 7.634374360806929494e-02 
8.868370408083686485e+00 5.082112975536083468e+03 1.203036642264103500e+15 1.939432838966533409e+33 1.917952137965411126e-03 2.339977527341681122e-07 5.249341010661948530e+03 1.647247923257236835e+05 1.054935026875034154e+00 1.162491933201017086e-05 9.790054163322800540e-02 1.395047241709816976e-01 9.880169077753034879e-01 1.011279684097126985e+00 7.150860561988896247e-02 
8.757139114645042355e+00 5.058766298964402267e+03 1.181082028291345750e+15 1.904039487002235743e+33 1.864557201131188937e-03 2.375675709328024733e-07 5.215526950919836963e+03 1.661605215317526017e+05 1.030179189936542006e+00 1.123038640679492867e-05 9.223823663484438662e-02 1.327001979506928775e-01 9.884834100269818125e-01 1.010605686453562413e+00 6.702397915730344546e-02 
8.646690738121765918e+00 5.035526874496239543e+03 1.159528071337468000e+15 1.869292040035575280e+33 1.812531584153023083e-03 2.411921677107812692e-07 5.182523258526812242e+03 1.676281515924063278e+05 1.007237693339091855e+00 1.085295128177636571e-05 8.700288725128245415e-02 1.261968202972481856e-01 9.889427399631388615e-01 1.009976132735863397e+00 6.285929427784822665e-02 
# Sigma_plus_index = 91  Sigma_minus_index = 117
# Non-converged_fits = 0