# Sigma0 	Teff 	Mdot 	F 	z0r 	rho_c 	T_c 	P_c 	tau 	PradPgas_c 	varkappa_c 	Pi1 	Pi2 	Pi3 	Pi4
# All values are in CGS units.
# M = 1.005829e+00 Msun, alpha = 0.1, r = 1.000000e+10 cm, r = 33664.77303750273 rg, structure = BellLin, mu = 0.62
1.026757121009584637e+02 1.000000000000000000e+04 3.592641175954258000e+16 4.111615380207851587e+34 5.347101590003022764e-02 1.688926378303039497e-07 5.363163030376996903e+04 1.214714493124668021e+06 2.010291081834957822e+03 1.717669297015757962e-02 3.837202768057272806e+01 5.216902199553814512e+00 5.684713394349967253e-01 1.147876077235923553e+00 4.464468400216415334e-01 
1.014268527596880745e+02 9.954061083088736268e+03 3.527077877722322000e+16 4.036581149906245948e+34 5.318047253495303273e-02 1.673775836820820963e-07 5.330589691616676282e+04 1.196506451446289662e+06 1.998367250849808897e+03 1.701828318841765511e-02 3.860929090497795357e+01 5.192704297874223940e+00 5.697357454701849067e-01 1.147798469560263879e+00 4.463918295403773162e-01 
1.001928040614272248e+02 9.908333204586158899e+03 3.462711065825776400e+16 3.962916244114899349e+34 5.288945670857581743e-02 1.658761026193530539e-07 5.298216853883156000e+04 1.178571807405304397e+06 1.986527602763514096e+03 1.686136157416134526e-02 3.884798174317062092e+01 5.168207717605253215e+00 5.710230073250242011e-01 1.147718750256789821e+00 4.463337842061438909e-01 
9.897337645738217304e+01 9.862815395004698075e+03 3.399518905189398400e+16 3.890595673577518944e+34 5.259813808249700490e-02 1.643880572224535872e-07 5.266044050824289297e+04 1.160906508822090458e+06 1.974769528790440518e+03 1.670592298369322215e-02 3.908809026135088516e+01 5.143445284236186410e+00 5.723316419070166861e-01 1.147636869414426775e+00 4.462721468474758479e-01 
9.776840569290772009e+01 9.817506689310463116e+03 3.337479959213424400e+16 3.819594905074957494e+34 5.230626306797406949e-02 1.629133800555554349e-07 5.234069962332737487e+04 1.143506857372442726e+06 1.963100480478160989e+03 1.655194714100757802e-02 3.932963816190628847e+01 5.118368042777385440e+00 5.736646508343110629e-01 1.147552839080318909e+00 4.462071140836444405e-01 
9.657771054015019274e+01 9.772406126902860706e+03 3.276573182501746000e+16 3.749889853102962009e+34 5.201392318998788317e-02 1.614519578771383097e-07 5.202293732785074826e+04 1.126368979203075869e+06 1.951520897018901678e+03 1.639942300260584587e-02 3.957262802223245757e+01 5.092994042578920855e+00 5.750213663033240108e-01 1.147466560433589855e+00 4.461384203738311127e-01 
9.540111884896572292e+01 9.727512751594169458e+03 3.216777913722624000e+16 3.681456871701584606e+34 5.172108894879035024e-02 1.600036878478591856e-07 5.170714607776758203e+04 1.109489141512534348e+06 1.940034002885638984e+03 1.624833954891361995e-02 3.981706272285440207e+01 5.067317620934860933e+00 5.764024521568245074e-01 1.147378035730516332e+00 4.460657998390814005e-01 
9.423845746798842526e+01 9.682825611589285472e+03 3.158073868599796000e+16 3.614272746433821529e+34 5.142777310655780726e-02 1.585684759984277749e-07 5.139331478527186118e+04 1.092863641496514436e+06 1.928642968635901298e+03 1.609868164423620268e-02 4.006295392779433939e+01 5.041341811723194510e+00 5.778080681256664297e-01 1.147287145183931045e+00 4.459891920417027311e-01 
9.308955753935829591e+01 9.638343759465578842e+03 3.100441133031513200e+16 3.548314686510661211e+34 5.113395252383717143e-02 1.571462216509866198e-07 5.108143614785973477e+04 1.076488855203869520e+06 1.917352621522185700e+03 1.595043853696866132e-02 4.031030436480128287e+01 5.015062277405896829e+00 5.792388238506388509e-01 1.147193882003685994e+00 4.459083152179529330e-01 
9.195425270564676623e+01 9.594066252152739253e+03 3.043860156335011600e+16 3.483560317059689048e+34 5.083959855037548797e-02 1.557368260967087072e-07 5.077150321953774983e+04 1.060361222386544803e+06 1.906170213852253937e+03 1.580359971967107771e-02 4.055911626888580201e+01 4.988473613070136814e+00 5.806954077339867570e-01 1.147098252332512391e+00 4.458228708682530073e-01 
9.083237662796156542e+01 9.549992150912858051e+03 2.988311744614462400e+16 3.419987671535003917e+34 5.054471886835956718e-02 1.543402066844353087e-07 5.046350367572651157e+04 1.044477222009399557e+06 1.894689499561806542e+03 1.565814815585190797e-02 4.080940655568303299e+01 4.961578159288621670e+00 5.821780393527511421e-01 1.147000106766279393e+00 4.457328999967541949e-01 
8.972377014529891426e+01 9.506120521320448461e+03 2.933777054249746400e+16 3.357575184265416562e+34 5.024923855058691796e-02 1.529562642761724866e-07 5.015743372062175331e+04 1.028833439933545655e+06 1.883183757519306710e+03 1.551407656649014290e-02 4.106117090429125938e+01 4.934361212818537901e+00 5.836880006985258884e-01 1.146899563323915183e+00 4.456379346452332690e-01 
8.862826092723511806e+01 9.462450433242707732e+03 2.880237585504248400e+16 3.296301683138860118e+34 4.995328083724293045e-02 1.515849055800707046e-07 4.985328061567415716e+04 1.013426358156057540e+06 1.871751232117522932e+03 1.537136887665699163e-02 4.131442429840136299e+01 4.906847970429673467e+00 5.852241738841644780e-01 1.146796331438110883e+00 4.455379575610300402e-01 
8.754570180086248854e+01 9.418980960819737447e+03 2.827675176249142400e+16 3.236146382420115261e+34 4.965667961379766071e-02 1.502260491754387383e-07 4.955104062124119082e+04 9.982527629407005152e+05 1.860393618845639594e+03 1.523001627947545393e-02 4.156916658965280220e+01 4.879005943526682820e+00 5.867889282255092098e-01 1.146690629476902146e+00 4.454325813022015357e-01 
8.647592983551679424e+01 9.375711182444940277e+03 2.776071995802304000e+16 3.177088875699727213e+34 4.935948705281430898e-02 1.488796041265880283e-07 4.925070453934430407e+04 9.833093039554632269e+05 1.849110014069649651e+03 1.509000598480152167e-02 4.182540608137725968e+01 4.850846141100015885e+00 5.883820318310180042e-01 1.146582317880899815e+00 4.453216145189208275e-01 
8.541879078828151250e+01 9.332640180745505859e+03 2.725410538879663200e+16 3.119109128971600315e+34 4.906167397619799059e-02 1.475454871649714539e-07 4.895226504004662274e+04 9.685927585470310878e+05 1.837900653937508878e+03 1.495132626904144800e-02 4.208314926242170628e+01 4.822363473486113605e+00 5.900042372222099596e-01 1.146471386877730980e+00 4.452048117866180266e-01 
8.437413207678115157e+01 9.289767042562896677e+03 2.675673619656826800e+16 3.062187473836795084e+34 4.876321673589083250e-02 1.462236116125508461e-07 4.865571640123020188e+04 9.540999507992318831e+05 1.826766267554455681e+03 1.481396733307374820e-02 4.234239810239574808e+01 4.793553842433898815e+00 5.916562677236595347e-01 1.146357862882017464e+00 4.450818185313377695e-01 
8.334179548542640248e+01 9.247090858933566778e+03 2.626844365939248800e+16 3.006304600831550249e+34 4.846416415257568527e-02 1.449138987497077205e-07 4.836104748681448837e+04 9.398276877299917396e+05 1.815705345591153218e+03 1.467791373351058810e-02 4.260316841298047308e+01 4.764428034844330639e+00 5.933378984274566559e-01 1.146241534438039444e+00 4.449525821804505288e-01 
8.232163841738905319e+01 9.204610725069620457e+03 2.578906213438612800e+16 2.951441552876862379e+34 4.816443017135317584e-02 1.436162605078792319e-07 4.806825778266230918e+04 9.257729594048517756e+05 1.804719842541131356e+03 1.454316076869634558e-02 4.286545014949394528e+01 4.734969302572866745e+00 5.950506978889009702e-01 1.146122639085439099e+00 4.448164603062642608e-01 
8.131351053536576501e+01 9.162325740339661934e+03 2.531842900153786000e+16 2.897579718847741525e+34 4.786402267744237909e-02 1.423306237697483523e-07 4.777733804740294727e+04 9.119327175995371072e+05 1.793809624555013215e+03 1.440969435797027388e-02 4.312925638756438929e+01 4.705180353696127860e+00 5.967949880977377886e-01 1.146001066758759679e+00 4.446733201433213378e-01 
8.031727129097585305e+01 9.120235008249721432e+03 2.485638460854304400e+16 2.844700827259808455e+34 4.756287663214469469e-02 1.410569171892714514e-07 4.748828353806788073e+04 8.983040463709947653e+05 1.782976482140187727e+03 1.427750443087387293e-02 4.339459083863071953e+01 4.675049184747877895e+00 5.985720700850888365e-01 1.145876930060823362e+00 4.445228062598304275e-01 
7.933276471192351664e+01 9.078337636424193988e+03 2.440277221664445200e+16 2.792786940071012934e+34 4.726108659728703310e-02 1.397950547480152187e-07 4.720108571144426969e+04 8.848838979172003455e+05 1.772217953112561190e+03 1.414657906558061153e-02 4.366146121456815621e+01 4.644595641406479736e+00 6.003811977620451268e-01 1.145750002518253652e+00 4.443646489712895775e-01 
7.835986045514283660e+01 9.036632736586983810e+03 2.395743794746268800e+16 2.741820446596611795e+34 4.695852882742751477e-02 1.385449755973291592e-07 4.691574171677963750e+04 8.716695253563044826e+05 1.761538055801910332e+03 1.401690901820695952e-02 4.392986989543591392e+01 4.613796175650289655e+00 6.022244662749055566e-01 1.145620538067378069e+00 4.441984403375087154e-01 
7.739841200972121271e+01 8.995119424542615889e+03 2.352023073079557600e+16 2.691784057535049288e+34 4.665524245177775364e-02 1.373066049681955769e-07 4.663224436519968003e+04 8.586580437157894485e+05 1.750935479302238718e+03 1.388848263688951222e-02 4.419982481345235925e+01 4.582659792179410552e+00 6.041018629819847607e-01 1.145488425935074384e+00 4.440238896056142304e-01 
7.644828449293713390e+01 8.953796820157509501e+03 2.309100225337104800e+16 2.642660799102954079e+34 4.635118349146596928e-02 1.360798772048266639e-07 4.635058974773021328e+04 8.458467181264804676e+05 1.740412462278556632e+03 1.376129037707770827e-02 4.447132907053438089e+01 4.551178933024710993e+00 6.060144954959737484e-01 1.145353781517597147e+00 4.438405860993209773e-01 
7.550934007101650991e+01 8.912664047341353580e+03 2.266960690853536800e+16 2.594434007277183619e+34 4.604634852183304983e-02 1.348647259513879278e-07 4.607077257031432964e+04 8.332328141431406839e+05 1.729969386239416053e+03 1.363532160660557019e-02 4.474438869033006938e+01 4.519354256916903623e+00 6.079629427574483325e-01 1.145216617383069568e+00 4.436481717330409413e-01 
7.458144002578681864e+01 8.871720234028462073e+03 2.225590174685842400e+16 2.547087322141824958e+34 4.574075071918162760e-02 1.336610837944136772e-07 4.579278748594073113e+04 8.208136204517030856e+05 1.719606391373891256e+03 1.351056584012926345e-02 4.501900942915114712e+01 4.487189791397192984e+00 6.099475656938545542e-01 1.145076904728662637e+00 4.434462693905397157e-01 
7.366445770039581475e+01 8.830964512159360311e+03 2.184974642764194400e+16 2.500604682338529146e+34 4.543432812372087681e-02 1.324688913786712091e-07 4.551663308411213075e+04 8.085865753766731359e+05 1.709326735759382927e+03 1.338701533845154494e-02 4.529518999618181141e+01 4.454674535689275849e+00 6.119697967806084771e-01 1.144934875685578390e+00 4.432343384853204560e-01 
7.275826003753614657e+01 8.790396017662311351e+03 2.145100317131118400e+16 2.454970319617953620e+34 4.512708167592785480e-02 1.312880933809187605e-07 4.524230324722385558e+04 7.965490854243726935e+05 1.699131158375484119e+03 1.326465785902233678e-02 4.557294187778354200e+01 4.421810437490115042e+00 6.140301815114919126e-01 1.144790519045844723e+00 4.430120957226504896e-01 
7.186272420484725387e+01 8.750013890435060603e+03 2.105953671267678400e+16 2.410168753490794412e+34 4.481895711099716934e-02 1.301186301053604264e-07 4.496979896112257848e+04 7.846986834731099661e+05 1.689023557948199141e+03 1.314348792618915025e-02 4.585225733019699845e+01 4.388588026771869544e+00 6.161301365998145263e-01 1.144644147585318406e+00 4.427788415921740106e-01 
7.097770765390744430e+01 8.709817274326551342e+03 2.067521425504841600e+16 2.366184785976299718e+34 4.451003934337306039e-02 1.289604440713437660e-07 4.469910983833568753e+04 7.730327437709841179e+05 1.679001341066832310e+03 1.302348991765741454e-02 4.613315782972354384e+01 4.355026377366405299e+00 6.182690052108021916e-01 1.144495437147079686e+00 4.425344719795258897e-01 
7.010310345716195002e+01 8.669805317118783933e+03 2.029790542518643600e+16 2.323003496446691312e+34 4.420019497036056094e-02 1.278134953151503640e-07 4.443023953860161419e+04 7.615490170407891273e+05 1.669072224940010301e+03 1.290465882580549284e-02 4.641563550695150298e+01 4.321100532833608732e+00 6.204493760915401612e-01 1.144344978828606418e+00 4.422782523560302437e-01 
6.923877783295199606e+01 8.629977170508787822e+03 1.992748222907593600e+16 2.280610236565703096e+34 4.388947696205581367e-02 1.266777275373667347e-07 4.416318234120601846e+04 7.502450178683812264e+05 1.659236089264970815e+03 1.278698313524262616e-02 4.669970050948862195e+01 4.286823106251053339e+00 6.226711273155646209e-01 1.144192665154567523e+00 4.420098121613547648e-01 
6.838461475377810928e+01 8.590331990090568070e+03 1.956381900850680000e+16 2.238990625319366289e+34 4.357783862485042209e-02 1.255531014629944378e-07 4.389793706450977334e+04 7.391184653925807215e+05 1.649497770274102777e+03 1.267045363537403629e-02 4.698535745521333240e+01 4.252186907179054565e+00 6.249356173666027470e-01 1.144038773758215610e+00 4.417286453382331946e-01 
6.754049269036913472e+01 8.550868935337273797e+03 1.920679239844751200e+16 2.198130544137634207e+34 4.326527899806960342e-02 1.244395697096616662e-07 4.363450236365051387e+04 7.281670511547700735e+05 1.639860367757305539e+03 1.255506183755685130e-02 4.727260834436064840e+01 4.217193850739954009e+00 6.272435720092690570e-01 1.143883468779180568e+00 4.414341790218149209e-01 
6.670629812143691595e+01 8.511587169583317518e+03 1.885628128519562800e+16 2.158016132104892702e+34 4.295176168570129932e-02 1.233371043161563393e-07 4.337287523901436361e+04 7.173885759781885426e+05 1.630330064982008025e+03 1.244079591646947772e-02 4.756146695511655764e+01 4.181839272226672399e+00 6.295962246921822381e-01 1.143726981630539097e+00 4.411260556678872069e-01 
6.588191119822789688e+01 8.472485860006661824e+03 1.851216676529273600e+16 2.118633781257963026e+34 4.263729816322131549e-02 1.222456530183516903e-07 4.311305740545348090e+04 7.067807992783130612e+05 1.620910250002531711e+03 1.232765060800015966e-02 4.785192513480533449e+01 4.146127519103712800e+00 6.319941994726115952e-01 1.143569548250180645e+00 4.408034669860610988e-01 
6.506722364212841114e+01 8.433564177611189734e+03 1.817433210518925600e+16 2.079970131969920346e+34 4.232184981643188904e-02 1.211651980926491423e-07 4.285504605121399072e+04 6.963416277594842250e+05 1.611609535590132282e+03 1.221561330848279503e-02 4.814400029653501889e+01 4.110053822148623581e+00 6.344388103998973572e-01 1.143411457140851795e+00 4.404660886464007441e-01 
6.426212256129861089e+01 8.394821297209071417e+03 1.784266270164450000e+16 2.042012068418061227e+34 4.200541075698374649e-02 1.200956995656309060e-07 4.259884353575757996e+04 6.860689443871831754e+05 1.602435153358922889e+03 1.210467813128030500e-02 4.843768707857862665e+01 4.073619436677260452e+00 6.369309873040680525e-01 1.143253045388349598e+00 4.401131305388537585e-01 
6.346649890370346725e+01 8.356256397403332812e+03 1.751704604285056800e+16 2.004746714134706678e+34 4.168796590959037568e-02 1.190371444467378045e-07 4.234444573338916234e+04 6.759607019246718846e+05 1.593396620283061566e+03 1.199483096886252292e-02 4.873300912596163670e+01 4.036824667556088819e+00 6.394717163610831312e-01 1.143094517340573546e+00 4.397443463504131511e-01 
6.268024793948698203e+01 8.317868660570378779e+03 1.719737167026451200e+16 1.968161427639068731e+34 4.136949328780099855e-02 1.179894967713885487e-07 4.209185913799153786e+04 6.660149115112342406e+05 1.584507125227132519e+03 1.188606910611256055e-02 4.902995095066734166e+01 3.999667614127976556e+00 6.420622845005372614e-01 1.142936438023884671e+00 4.393587113236714359e-01 
6.190326676437945252e+01 8.279657272842696329e+03 1.688353114113798400e+16 1.932243798148935841e+34 4.104997134306694745e-02 1.169527581753971612e-07 4.184107911727600731e+04 6.562296378809844609e+05 1.575783071696047955e+03 1.177837661220846634e-02 4.932854440876956659e+01 3.962147780921791984e+00 6.447038233924845541e-01 1.142779077541962396e+00 4.389560891290306688e-01 
6.113545648250977393e+01 8.241621424091608787e+03 1.657541799173039200e+16 1.896981641370586326e+34 4.072937225734348660e-02 1.159269108763275892e-07 4.159211043468862044e+04 6.466030017545704031e+05 1.567246516155619702e+03 1.167174751136280074e-02 4.962878679431065621e+01 3.924262745662016716e+00 6.473977471560627972e-01 1.142623034079739197e+00 4.385356558625688739e-01 
6.037670349861270580e+01 8.203760307910057236e+03 1.627292770119298400e+16 1.862362995365484066e+34 4.040773917070172166e-02 1.149119283344209231e-07 4.134495273911773256e+04 6.371330121029625880e+05 1.558916750884370231e+03 1.156617240636451625e-02 4.993068669009902294e+01 3.886024465724763122e+00 6.501442664472999455e-01 1.142468475021280794e+00 4.380967840060788765e-01 
5.962692355882511208e+01 8.166073121595555676e+03 1.597595765611279200e+16 1.828376116492494020e+34 4.008500138348937425e-02 1.139078267750478464e-07 4.109960891075390100e+04 6.278179825180496555e+05 1.550837491512219685e+03 1.146164034352780380e-02 5.023426184802634253e+01 3.847422881311784781e+00 6.529455071166032631e-01 1.142316192459656321e+00 4.376389873466046132e-01 
5.888601977030756984e+01 8.128559066133118904e+03 1.568440711570277600e+16 1.795009475424051438e+34 3.976115299356296207e-02 1.129146024951287694e-07 4.085608174763453280e+04 6.186561283379213419e+05 1.543060281867645244e+03 1.135814232090603948e-02 5.053952231029545317e+01 3.808460659805370518e+00 6.558025865252000708e-01 1.142166736487179035e+00 4.371616111015105832e-01 
5.815390390514824759e+01 8.091217346178379557e+03 1.539817717762809200e+16 1.762251753235132294e+34 3.943616513286113401e-02 1.119322704210357650e-07 4.061437328692543088e+04 6.096457698322879151e+05 1.535667530953893447e+03 1.125566684604561996e-02 5.084648930280309287e+01 3.769136383025710302e+00 6.587170266284403386e-01 1.142020793635597276e+00 4.366641804934403570e-01 
5.743046933262358067e+01 8.054047170040672427e+03 1.511717074445518000e+16 1.730091837563503785e+34 3.911008350029428898e-02 1.109608099752316804e-07 4.037448789425284485e+04 6.007850826044735732e+05 1.528764875022026899e+03 1.115420795256207888e-02 5.115516150864279155e+01 3.729462887282068984e+00 6.616891422731641104e-01 1.141878754197155343e+00 4.361457751481195855e-01 
5.671564391041669495e+01 8.017047749666274285e+03 1.484129249071368800e+16 1.698518818840109584e+34 3.878283803080893877e-02 1.100002662570330787e-07 4.013642803447670303e+04 5.920725840397116262e+05 1.522573785401976465e+03 1.105375150357549782e-02 5.146557394340926805e+01 3.689431336726243238e+00 6.647212285030684731e-01 1.141741619612489211e+00 4.356061139836784890e-01 
5.600933621555467568e+01 7.980218300621718299e+03 1.457044883055950600e+16 1.667521986588251533e+34 3.845443788720298572e-02 1.090506487218447816e-07 3.990019803902253625e+04 5.835066370740685379e+05 1.515507158172883237e+03 1.095428851048240240e-02 5.177774064879253757e+01 3.649048102559282469e+00 6.678142920163278040e-01 1.141610069866940469e+00 4.350444973784068914e-01 
5.531147354319370635e+01 7.943558042077109349e+03 1.430454788602734800e+16 1.637090825790240065e+34 3.812484039171509798e-02 1.081119946202810232e-07 3.966580421700466832e+04 5.750857938345390139e+05 1.502577470760141750e+03 1.085580882547947969e-02 5.209168314667743260e+01 3.608309793906665064e+00 6.709703338013736085e-01 1.141485220554283142e+00 4.344603344777989706e-01 
5.462195603994807414e+01 7.907066196789630339e+03 1.404349945586355800e+16 1.607215013320449919e+34 3.779409623993041506e-02 1.071843181904012846e-07 3.943324589165022189e+04 5.668083926402259385e+05 1.490745074762122158e+03 1.075829888700932137e-02 5.240743596277206962e+01 3.567231631300729067e+00 6.741895837625532240e-01 1.141367427454009320e+00 4.338532231806948025e-01 
5.394072318936149912e+01 7.870741991087012138e+03 1.378721498492686400e+16 1.577884414443375714e+34 3.746214222629542373e-02 1.062676709577627352e-07 3.920253335256048740e+04 5.586731388885322958e+05 1.479735986945718878e+03 1.066175040477635415e-02 5.272501697442375956e+01 3.525806530243384529e+00 6.774745707068200451e-01 1.141258184036267442e+00 4.332224379563338057e-01 
5.326769429383145393e+01 7.834584654851149935e+03 1.353560753414806800e+16 1.549089079375653458e+34 3.712898732948945874e-02 1.053620948728387565e-07 3.897366916940415831e+04 5.506785837417724542e+05 1.469369905895879356e+03 1.056614973091721081e-02 5.304446634293197604e+01 3.484042075083023882e+00 6.808264219157976749e-01 1.141158347460858868e+00 4.325676057363013749e-01 
5.260280660528290042e+01 7.798593421501802368e+03 1.328859175103800000e+16 1.520819239910829348e+34 3.679459833459553658e-02 1.044676471760313626e-07 3.874666207671716256e+04 5.428234542157707037e+05 1.459528046584340245e+03 1.047148672521595013e-02 5.336581287266388074e+01 3.441937643858173690e+00 6.842472186944280610e-01 1.141069351176289492e+00 4.318881195371753190e-01 
5.194597198078917444e+01 7.762767527980284285e+03 1.304608384073311400e+16 1.493065306105659069e+34 3.645901955396368271e-02 1.035843739707004452e-07 3.852151046730147209e+04 5.351062815487107728e+05 1.450123616103772065e+03 1.037774399019757848e-02 5.368911691118759677e+01 3.399508376844608382e+00 6.877374120534561763e-01 1.140991780939577094e+00 4.311838683127285354e-01 
5.129713992401532607e+01 7.727106214733349589e+03 1.280800153757027800e+16 1.465817863026971438e+34 3.612220221845401091e-02 1.027123463010625860e-07 3.829822746355619165e+04 5.275259398200489813e+05 1.441103930189743551e+03 1.028491359060984892e-02 5.401440312134001687e+01 3.356750952752837858e+00 6.912995693638207539e-01 1.140927498900210724e+00 4.304540917993875948e-01 
5.065624769204195132e+01 7.691608725697026784e+03 1.257426407717946400e+16 1.439067667557803063e+34 3.578414084533222683e-02 1.018516435393610205e-07 3.807681678760785144e+04 5.200812194240970421e+05 1.432431916210157169e+03 1.019297916009895104e-02 5.434173516994951569e+01 3.313671348401478589e+00 6.949353198512269181e-01 1.140877841220781841e+00 4.296986520098967643e-01 
5.002323335346796540e+01 7.656274308280651894e+03 1.234479216908658800e+16 1.412805645261916469e+34 3.544483708211015882e-02 1.010023454295247836e-07 3.785728344484302215e+04 5.127709358884415706e+05 1.424083261032054679e+03 1.010192537730524899e-02 5.467117545674923917e+01 3.270277053898508424e+00 6.986462314025806419e-01 1.140844223640709698e+00 4.289173365200986687e-01 
4.939803341787380475e+01 7.621102213350856800e+03 1.211950796981552600e+16 1.387022887305448036e+34 3.510430311197622333e-02 1.001645228805590643e-07 3.763963576933393779e+04 5.055939103585724370e+05 1.416044758439639963e+03 1.001174050771694475e-02 5.500277248167332544e+01 3.226577501462173370e+00 7.024337683463387494e-01 1.140828153962873293e+00 4.281096465666082151e-01 
4.878060304451130236e+01 7.586091695215711297e+03 1.189833505648151400e+16 1.361710647434791980e+34 3.476251678481739188e-02 9.933828696458622220e-08 3.742387993097911385e+04 4.985491420420893119e+05 1.408315418555779388e+03 9.922407101022486658e-03 5.533660715383115303e+01 3.182576325397794559e+00 7.063001380642681681e-01 1.140831527479883034e+00 4.272755836309294342e-01 
4.817089188796583699e+01 7.551242011608936082e+03 1.168119840086646600e+16 1.336860339009637566e+34 3.441947956876226233e-02 9.852374410654591907e-08 3.721002125116769457e+04 4.916355977187361568e+05 1.400901741858853256e+03 9.833907555313778706e-03 5.567276485623096249e+01 3.138281924570584636e+00 7.102471255374513959e-01 1.140856127381024043e+00 4.264151623661749380e-01 
4.756884557551008896e+01 7.516552423674113925e+03 1.146802434396690400e+16 1.312463532090094942e+34 3.407520738570717772e-02 9.772099541601888249e-08 3.699806592066833400e+04 4.848522324335241574e+05 1.393816756049049445e+03 9.746225558958552040e-03 5.601132869068251097e+01 3.093705567022960068e+00 7.142762770784013560e-01 1.140903706623106029e+00 4.255282907797900971e-01 
4.697443463901728222e+01 7.482022195949080924e+03 1.125874057100705200e+16 1.288511950577056891e+34 3.372967580989157804e-02 9.693018176993542924e-08 3.678802147886417515e+04 4.781982187811181648e+05 1.387091610290852486e+03 9.659341971106781902e-03 5.635240337904342312e+01 3.048851406510267648e+00 7.183901549836126943e-01 1.140976696153362946e+00 4.246151883680437944e-01 
4.638760382422312034e+01 7.447650596350286833e+03 1.105327608690730400e+16 1.264997469404675173e+34 3.338292020235936880e-02 9.615140702354356455e-08 3.657989447738040326e+04 4.716725341927828267e+05 1.380760493075208615e+03 9.573240642274766579e-03 5.669608066397167079e+01 3.003734849372329041e+00 7.225900474935520457e-01 1.141076931917186510e+00 4.236757772943893219e-01 
4.580833087739850384e+01 7.413436896157292722e+03 1.085156119220076200e+16 1.241912111784118122e+34 3.303492070972675193e-02 9.538483739635065244e-08 3.637368968267448508e+04 4.652744416371606058e+05 1.374888757089541059e+03 9.487897911996948791e-03 5.704250027549413460e+01 2.958361807297376522e+00 7.268785607050519681e-01 1.141207042785799874e+00 4.227107070442036596e-01 
4.523657517272431505e+01 7.379380369997345952e+03 1.065352745938930200e+16 1.219248046497628827e+34 3.268570132896500557e-02 9.463060524187793957e-08 3.616941422879391757e+04 4.590030682927194866e+05 1.369562504875802006e+03 9.403295475539466194e-03 5.739177864361608528e+01 2.912746211463348889e+00 7.312574370715260175e-01 1.141369351399386778e+00 4.217201606116373624e-01 
4.467231423247007172e+01 7.345480295829946044e+03 1.045910770973069600e+16 1.196997585241916131e+34 3.233526303203951985e-02 9.388888225452224028e-08 3.596707237792162778e+04 4.528576966045020381e+05 1.364923043176410829e+03 9.319409011473794857e-03 5.774407269087577532e+01 2.866898426783079490e+00 7.357290239271002674e-01 1.141566602793384844e+00 4.207049057132806746e-01 
4.411551943070427484e+01 7.311735954931599736e+03 1.026823599044999400e+16 1.175153180020100458e+34 3.198362403223709710e-02 9.315983204024027989e-08 3.576666940537055052e+04 4.468375819063166273e+05 1.361196194648645587e+03 9.236215968725010675e-03 5.809953718543034284e+01 2.820832118994717419e+00 7.402953695259015809e-01 1.141801496772195668e+00 4.196655720098338427e-01 
4.356617797119332636e+01 7.278146631880529640e+03 1.008084755236615000e+16 1.153707420581182604e+34 3.163078902503133061e-02 9.244364639591708638e-08 3.556820969779428560e+04 4.409421029986566864e+05 1.358795713593936171e+03 9.153690506563507204e-03 5.845835484182732955e+01 2.774558947117805374e+00 7.449590019606460167e-01 1.142077190149795918e+00 4.186031649305049784e-01 
4.302425997374437827e+01 7.244711614541526615e+03 9.896878827927348000e+15 1.132653031906285630e+34 3.127679541141103331e-02 9.174049310122235750e-08 3.537169804006163031e+04 4.351705275524281897e+05 1.358543429674812387e+03 9.071809697572217127e-03 5.882069926876311428e+01 2.728096572510644968e+00 7.497217220120676595e-01 1.142396499244836994e+00 4.175184225514994019e-01 
4.248976471773720931e+01 7.211430194050876707e+03 9.716267409647200000e+15 1.111982871740775654e+34 3.092164723350113859e-02 9.105059363103100107e-08 3.517713679846993182e+04 4.295223478416645085e+05 1.362534291059359020e+03 8.990543695610579700e-03 5.918679593211994217e+01 2.681457281422083394e+00 7.545863202078710863e-01 1.142763014893485307e+00 4.164128260341128929e-01 
4.196268837629812509e+01 7.178301664801280822e+03 9.538952028934046000e+15 1.091689928171370329e+34 3.056535828565721050e-02 9.037416484400322800e-08 3.498452997972402954e+04 4.239970510497823125e+05 1.350467528202974336e+03 8.909864682565946450e-03 5.955686985243343656e+01 2.634655242574356571e+00 7.595555130467777083e-01 1.143180416648903464e+00 4.152877228175146374e-01 
4.144301572414544665e+01 7.145325324426951738e+03 9.364872535307184000e+15 1.071767317247531271e+34 3.020797872455673050e-02 8.971141680358154873e-08 3.479387650901758025e+04 4.185940287162789609e+05 1.328387172795950391e+03 8.829741969822302652e-03 5.993117245338164167e+01 2.587711536798228185e+00 7.646311255538656981e-01 1.143652017173233171e+00 4.141447474267858642e-01 
4.093075340730275968e+01 7.112500473788671115e+03 9.193969875991826000e+15 1.052208280646198488e+34 2.984952521226589064e-02 8.906259139535079526e-08 3.460517874988257245e+04 4.133128614190786029e+05 1.314265829981188972e+03 8.750144762765321022e-03 6.030997174056719956e+01 2.540641407955575026e+00 7.698160970936243075e-01 1.144181955345474178e+00 4.129856731685687121e-01 
4.042590446092327738e+01 7.079826416958993832e+03 9.026186075886848000e+15 1.033006183379189603e+34 2.949003517264147875e-02 8.842793009753445451e-08 3.441843627444929734e+04 4.081530912207471556e+05 1.304114430910897454e+03 8.671040629549521539e-03 6.069355831365547971e+01 2.493464086104715260e+00 7.751129625260788636e-01 1.144774311914653397e+00 4.118124951780333665e-01 
3.992848544285828893e+01 7.047302461207507804e+03 8.861464217898024000e+15 1.014154511542428212e+34 2.912953480823765942e-02 8.780770561924640172e-08 3.423364659050650516e+04 4.031143773679138394e+05 1.296324286543750986e+03 8.592393031132608897e-03 6.108226484830969838e+01 2.446197233707529950e+00 7.805247212153696434e-01 1.145433617521539382e+00 4.106276960959889255e-01 
3.943850638722786783e+01 7.014927916986104719e+03 8.699748423629899000e+15 9.956468701062154438e+33 2.876807158991276023e-02 8.720217379486663101e-08 3.405080873269981385e+04 3.981963162542461650e+05 1.290179872325666793e+03 8.514168818373194642e-03 6.147641836882998234e+01 2.398862139084883438e+00 7.860540348264373200e-01 1.146164427105199612e+00 4.094335424853520755e-01 
3.895598920763172401e+01 6.982702097914411752e+03 8.540983834430488000e+15 9.774769807458817899e+33 2.840568417817658509e-02 8.661162713839056414e-08 3.386991647051141626e+04 3.933986078875637031e+05 1.285374562775833965e+03 8.436327949628293077e-03 6.187640808880050258e+01 2.351479105584803886e+00 7.917039093518669635e-01 1.146971614421638197e+00 4.082330509224669779e-01 
3.848096261632105808e+01 6.950624320765184166e+03 8.385116592781365000e+15 9.596386797119667327e+33 2.804241697947656986e-02 8.603636256301299946e-08 3.369096468702356651e+04 3.887209819210713613e+05 1.281836832042524065e+03 8.358831548199406603e-03 6.228263612029249430e+01 2.304069401928709127e+00 7.974775170808653391e-01 1.147860469562563601e+00 4.070292938352453316e-01 
3.801344858177517239e+01 6.918693905449879821e+03 8.232093824027937000e+15 9.421259157393312624e+33 2.767832815077200109e-02 8.547667366875823719e-08 3.351394654493110284e+04 3.841631302012660890e+05 1.279680836952273921e+03 8.281640599745319214e-03 6.269552508877242047e+01 2.256656719828340929e+00 8.033777652217123366e-01 1.148836211390618089e+00 4.058254407854011703e-01 
3.755349670395614936e+01 6.886910175004187295e+03 8.081863618442583000e+15 9.249327479943653440e+33 2.731345881629590119e-02 8.493290225308682599e-08 3.333885203016748710e+04 3.797249221598927979e+05 1.279273211357256059e+03 8.204709987714026154e-03 6.311556351765314332e+01 2.209262192782456946e+00 8.094084258772926699e-01 1.149904974311550143e+00 4.046254824825294971e-01 
3.710112823681561878e+01 6.855272455573694060e+03 7.934375013615474000e+15 9.080533440596970370e+33 2.694788612415124907e-02 8.440534609356240392e-08 3.316567146419407072e+04 3.754060305618418497e+05 1.281440364183602014e+03 8.128000147194580985e-03 6.354322340969348915e+01 2.161912731718975245e+00 8.155722915154224317e-01 1.151072265485821644e+00 4.034329237713497607e-01 
3.665641224870726944e+01 6.823780076399626523e+03 7.789577977166788000e+15 8.914819779556830401e+33 2.658165225369116258e-02 8.389438434333764509e-08 3.299439100093158777e+04 3.712064412827445194e+05 1.288351328536752817e+03 8.051461740488940338e-03 6.397907501429803290e+01 2.114629797881521611e+00 8.218737258670784085e-01 1.152345134487435807e+00 4.022525524757651350e-01 
3.621937477438680020e+01 6.792432369804572772e+03 7.647423389774023000e+15 8.752130281979620440e+33 2.621484764266182599e-02 8.340033403813244353e-08 3.282499482908430946e+04 3.671258389764603344e+05 1.307894110535571599e+03 7.975051269477053881e-03 6.442367117079945160e+01 2.067442551359591096e+00 8.283155708975497022e-01 1.153729476416452959e+00 4.010886028556098770e-01 
3.579009237896235618e+01 6.761228671178389959e+03 7.507863028509594000e+15 8.592409758905179507e+33 2.584752725664883968e-02 8.292358596269958297e-08 3.265746724463513237e+04 3.631642334066630574e+05 1.270945071903509188e+03 7.898719656307191112e-03 6.487764053787999785e+01 2.020374294356076295e+00 8.349024725120842705e-01 1.155233028518474647e+00 3.999462609077142905e-01 
3.536862651706049832e+01 6.730168318964057107e+03 7.370849550481978000e+15 8.435604028534824629e+33 2.547976979143354997e-02 8.246451475581655300e-08 3.249178846682911171e+04 3.593215136882388033e+05 1.248996276045837249e+03 7.822417984756888792e-03 6.534164147875236495e+01 1.973452109766230089e+00 8.416384961693451627e-01 1.156863196827414786e+00 3.988308524769936803e-01 
3.495503854710040770e+01 6.699250654643678899e+03 7.236336476775768000e+15 8.281659897851475065e+33 2.511166259811872456e-02 8.202349904871405883e-08 3.232793573569736327e+04 3.555975512520780321e+05 1.239588734134312972e+03 7.746096536382638016e-03 6.581637325050417076e+01 1.926704270956230536e+00 8.485277115472980025e-01 1.158627565008065519e+00 3.977480160181083302e-01 
3.454940798327725560e+01 6.668475022724538576e+03 7.104278176684758000e+15 8.130525144575125645e+33 2.474328863647211676e-02 8.160093948266816685e-08 3.216588620599971910e+04 3.519923100942964666e+05 1.235671030595626462e+03 7.669705344021514153e-03 6.630257711917232655e+01 1.880157983301859792e+00 8.555748979080367578e-01 1.160534618613467517e+00 3.967037686518120609e-01 
3.415181931187078135e+01 6.637840770725153561e+03 6.974629852232481000e+15 7.982148499447305120e+33 2.437473596629734229e-02 8.119725728866816829e-08 3.200561039425509443e+04 3.485057673477840726e+05 1.235400217924037634e+03 7.593189836639564240e-03 6.680107063890892505e+01 1.833841201779669916e+00 8.627849654919098610e-01 1.162593104136727673e+00 3.957048813927173114e-01 
3.376235296410526132e+01 6.607347249161498439e+03 6.847347522975695000e+15 7.836479628839353260e+33 2.400610646762271413e-02 8.081285340060550945e-08 3.184708089867719536e+04 3.451378330762157566e+05 1.238769864615141159e+03 7.516501121545785674e-03 6.731267145769577098e+01 1.787783318595904225e+00 8.701628558493079701e-01 1.164812063034592393e+00 3.947578834384087854e-01 
3.338111185430129524e+01 6.576993811533181542e+03 6.722388011084717000e+15 7.693469117677535773e+33 2.363749324494431384e-02 8.044817950297868014e-08 3.169026230250015578e+04 3.418885451492027496e+05 1.247559491296401575e+03 7.439582355231660199e-03 6.783830934529386525e+01 1.742012291536533697e+00 8.777142794375233370e-01 1.167201377194359235e+00 3.938705302379395534e-01 
3.300819358946275628e+01 6.546779814309789799e+03 6.599708926696483000e+15 7.553068452680286206e+33 2.326900559479292904e-02 8.010365760255897640e-08 3.153512278381298529e+04 3.387578506154256174e+05 1.269327458644321723e+03 7.362384705160904090e-03 6.837890101611881732e+01 1.696557625083740195e+00 8.854450027672567947e-01 1.169771287842070961e+00 3.930501662236839389e-01 
3.264370208383908079e+01 6.516704616917198109e+03 6.479268653534483000e+15 7.415230005900868277e+33 2.290075467932095599e-02 7.977974081642723832e-08 3.138162048270123705e+04 3.357457180198995047e+05 1.248995092417203523e+03 7.284852308658138625e-03 6.893547461524801179e+01 1.651448914039795435e+00 8.933610107782600229e-01 1.172532291519541525e+00 3.923052617345634818e-01 
3.228776771977486248e+01 6.486767581724009688e+03 6.361026334791422000e+15 7.279907018570725906e+33 2.253284687616399079e-02 7.947690351936716837e-08 3.122971509699361195e+04 3.328522186728927772e+05 1.218061803790958038e+03 7.206931649061038177e-03 6.950910268830979533e+01 1.606714179445059010e+00 9.014694652767109018e-01 1.175496336505848838e+00 3.916446877433978901e-01 
3.194049172020167759e+01 6.456968074028060073e+03 6.244941859269496000e+15 7.147053585237646798e+33 2.216541344207586042e-02 7.919558100597017145e-08 3.107936200042043492e+04 3.300772100771041005e+05 1.211856812082815168e+03 7.128573149167970538e-03 7.010088329218919512e+01 1.562384364589791685e+00 9.097767132688006075e-01 1.178674630271750567e+00 3.910772393122862178e-01 
3.160202167428650100e+01 6.427305462042907493e+03 6.130975847773308000e+15 7.016624638193078741e+33 2.179856795947346035e-02 7.893627426508444096e-08 3.093051228556260321e+04 3.274207754807011224e+05 1.214740868358708440e+03 7.049721975061107489e-03 7.071203347128020766e+01 1.518487162185842898e+00 9.182909048281790998e-01 1.182080391793107976e+00 3.906130777703915591e-01 
3.127249748804890217e+01 6.397779116884496943e+03 6.019089639751545000e+15 6.888575932184128747e+33 2.143243850064435047e-02 7.869946681682120618e-08 3.078311417721120597e+04 3.248828892648221808e+05 1.225542535608819435e+03 6.970326863646191667e-03 7.134381212519126336e+01 1.475051453797376677e+00 9.270201930469743612e-01 1.185726992562143645e+00 3.902625782777643937e-01 
3.095205071528138419e+01 6.368388412557778793e+03 5.909245280182021000e+15 6.762864029404087264e+33 2.106716332596778735e-02 7.848562571431715997e-08 3.063711410205490029e+04 3.224634339725542231e+05 1.252701266980535820e+03 6.890340942381949392e-03 7.199751594166414748e+01 1.432106511573388197e+00 9.359728376133756855e-01 1.189627966099837675e+00 3.900362525929886859e-01 
3.064085637605201384e+01 6.339132725943457444e+03 5.801405506696316000e+15 6.639446284757160945e+33 2.070287003401003953e-02 7.829527798080380142e-08 3.049245141869143845e+04 3.201624587117010378e+05 1.230885035598665581e+03 6.809711704847237410e-03 7.267458231319176321e+01 1.389679332353634500e+00 9.451587893497574999e-01 1.193798800188279552e+00 3.899462403257725751e-01 
3.033906831300641826e+01 6.310011436784798207e+03 5.695533736939376000e+15 6.518280831392107056e+33 2.033970177913279123e-02 7.812890995503770654e-08 3.034906615034617062e+04 3.179798447311313357e+05 1.202150080892107326e+03 6.728395417635551871e-03 7.337645635419831081e+01 1.347797775292352895e+00 9.545878405084838869e-01 1.198254826065630052e+00 3.900044001697672846e-01 
3.004686531402695948e+01 6.281023927674433253e+03 5.591594056159563000e+15 6.399326566499604446e+33 1.997779933216222922e-02 7.798704130397921228e-08 3.020689139753546260e+04 3.159155286923244130e+05 1.203861752347401307e+03 6.646345795906959814e-03 7.410470635507924442e+01 1.306488409648503435e+00 9.642709512697225094e-01 1.203012711565299320e+00 3.902239243193321716e-01 
2.976444578575226885e+01 6.252169584041323105e+03 5.489551205025523000e+15 6.282543137369212861e+33 1.961730281709659490e-02 7.787020983007680242e-08 3.006585715566928047e+04 3.139694775354857557e+05 1.219836118047241598e+03 6.563518280014034485e-03 7.486099236240562504e+01 1.265776534074678494e+00 9.742202752719772985e-01 1.208090476370349942e+00 3.906189379057228295e-01 
2.949197712183585551e+01 6.223447794137682649e+03 5.389370567665051000e+15 6.167890927700393508e+33 1.925837022509405139e-02 7.777890738399738847e-08 2.992588962463564530e+04 3.121414211709797964e+05 1.269352007333863867e+03 6.479875267789838439e-03 7.564701310570386283e+01 1.225688527748370005e+00 9.844474158040293910e-01 1.213505453738294548e+00 3.912036277013741237e-01 
2.922969416336934145e+01 6.194857949026028109e+03 5.291018159922445000e+15 6.055331044163579833e+33 1.890114193501299389e-02 7.771369693135565880e-08 2.978691325554010837e+04 3.104313443084652536e+05 1.204214652364080166e+03 6.395377835287905516e-03 7.646460930357950758e+01 1.186247134529051728e+00 9.949669681495784124e-01 1.219278395019451677e+00 3.919940073909843892e-01 
2.897781439062921649e+01 6.166399442566289508e+03 5.194460617830187000e+15 5.944825303206540437e+33 1.854576956724189596e-02 7.767512977580179474e-08 2.964884303654087853e+04 3.088390685681905015e+05 1.199040874137750507e+03 6.309988095882234325e-03 7.731573941210882595e+01 1.147475464722967464e+00 1.005793405459900924e+00 1.225429772764830005e+00 3.930071283290019757e-01 
2.873655393206961151e+01 6.138071671402911306e+03 5.099665186290752000e+15 5.836336218101219491e+33 1.819241173362650191e-02 7.766373283188347885e-08 2.951159411648290552e+04 3.073643015352061484e+05 1.219648336177077454e+03 6.223676664051391166e-03 7.820241084101414231e+01 1.109395947985997388e+00 1.016941928893951408e+00 1.231980827630195341e+00 3.942604820052329484e-01 
2.850617960475371504e+01 6.109874034952114926e+03 5.006599707965324000e+15 5.729826986227376873e+33 1.784121566338178408e-02 7.768009710779415327e-08 2.937507446724161491e+04 3.060069086872626795e+05 1.279865253386468567e+03 6.136411054949608701e-03 7.912682117300438733e+01 1.072028342571152315e+00 1.028430193801523895e+00 1.238955519293784668e+00 3.957738848970382417e-01 
2.828693983598286721e+01 6.081805935389118531e+03 4.915232612364945000e+15 5.625261476587896340e+33 1.749233844477519548e-02 7.772477874449572277e-08 2.923918990688689155e+04 3.047665690914517618e+05 1.197610485818007646e+03 6.048167196185812514e-03 8.009123433064367248e+01 1.035392123011531496e+00 1.040276062310076188e+00 1.246377861984453661e+00 3.975677229723595385e-01 
2.807912182112930211e+01 6.053866777635485050e+03 4.825532905140970000e+15 5.522604217552201523e+33 1.714593211047811191e-02 7.779837384276986617e-08 2.910383952669685095e+04 3.036430198768170667e+05 1.210951102266894168e+03 5.958920847169126879e-03 8.109809403922770343e+01 9.995048134255976047e-01 1.052499519419623830e+00 1.254274226234095346e+00 3.996646480749599939e-01 
2.788301531023558155e+01 6.026055969346519305e+03 4.737470157570933000e+15 5.421820384823304120e+33 1.680215020343920826e-02 7.790148577211377276e-08 2.896891512218808202e+04 3.026359160374263884e+05 1.281483386635847182e+03 5.868650248869355240e-03 8.215000545407370680e+01 9.643827760625661716e-01 1.065121467459415161e+00 1.262671793890469241e+00 4.020891267817651160e-01 
2.769894072271051400e+01 5.998372920898669690e+03 4.651014496236124000e+15 5.322875789624250727e+33 1.646114250552135547e-02 7.803474202048729254e-08 2.883430504333043064e+04 3.017449310046512401e+05 1.200111839138331106e+03 5.777337537414673971e-03 8.324973679727493447e+01 9.300404523121605926e-01 1.078164906116920951e+00 1.271600023356446396e+00 4.048677665380050472e-01 
2.752721722192044140e+01 5.970817045377075374e+03 4.566136592887817000e+15 5.225736867100489981e+33 1.612306340952766176e-02 7.819875291717211727e-08 2.869989430713174443e+04 3.009695923828500090e+05 1.220567497253468218e+03 5.684972126645396369e-03 8.440018525857330189e+01 8.964913217550604108e-01 1.091653785606935267e+00 1.281089270920398038e+00 4.080288324882169193e-01 
2.736821786034358084e+01 5.943387758563075295e+03 4.482807654498133000e+15 5.130370664933524657e+33 1.578805558792961000e-02 7.839421062805576743e-08 2.856555566902042119e+04 3.003095640762135154e+05 1.241783665645631118e+03 5.591538415477068612e-03 8.560456075616160376e+01 8.637463607285837952e-01 1.105614903757607292e+00 1.291172969105210067e+00 4.116046319668590914e-01 
2.722230198962212100e+01 5.916084478921869959e+03 4.400999413492765500e+15 5.036744832162715107e+33 1.545626841576758399e-02 7.862177764282543931e-08 2.843115815338563334e+04 2.997642971438433742e+05 1.208205649129666426e+03 5.497029521295684201e-03 8.686622171972165063e+01 8.318158337120706847e-01 1.120075613177387908e+00 1.301884945568812180e+00 4.156294560374407254e-01 
2.708988186349415273e+01 5.888906627590148673e+03 4.320684118161674500e+15 4.944827608210746852e+33 1.512784226089971922e-02 7.888217797332731799e-08 2.829656294397655074e+04 2.993333290054247482e+05 1.278830013441685878e+03 5.401438583876929170e-03 8.818882051314702153e+01 8.007077082643081489e-01 1.135066313423410245e+00 1.313262396231435591e+00 4.201417570545411539e-01 
2.697139675120714841e+01 5.861853628363836833e+03 4.241834523244962000e+15 4.854587812109595268e+33 1.480291300518227736e-02 7.917618228079141424e-08 2.816161999515035859e+04 2.990161783720637904e+05 1.209185045147532037e+03 5.304758526104538102e-03 8.957633625182012338e+01 7.704282964384244758e-01 1.150619415353323349e+00 1.325344598637240079e+00 4.251844303786522783e-01 
2.686728259751347991e+01 5.834924907685896869e+03 4.164423880690556000e+15 4.765994831923109495e+33 1.448161943035826751e-02 7.950454226631062861e-08 2.802617675299740586e+04 2.988121784940919024e+05 1.268478551784379533e+03 5.206991912807905007e-03 9.103295635028131016e+01 7.409827996470832456e-01 1.166768446880106058e+00 1.338171874252638505e+00 4.308036014199554953e-01 
2.677806411788676400e+01 5.808119894634126467e+03 4.088425930580370000e+15 4.679018614362414403e+33 1.416408569292904734e-02 7.986815057345811267e-08 2.789005951434845338e+04 2.987208694106582552e+05 1.214730168693533415e+03 5.108130333732382664e-03 9.256343296988113423e+01 7.123740452098886733e-01 1.183551084830117617e+00 1.351789270826927458e+00 4.370533301662929415e-01 
2.670423327349391585e+01 5.781438020909100487e+03 4.013814892222321000e+15 4.593629654591126095e+33 1.385044146897418046e-02 8.026784973108362223e-08 2.775309541654148052e+04 2.987414972803113051e+05 1.298918286870060456e+03 5.008180030660773496e-03 9.417272221985982128e+01 6.846039979295973632e-01 1.201005156821403963e+00 1.366241659285168719e+00 4.439911318649050753e-01 
2.664639120072620315e+01 5.754878720822083778e+03 3.940565455404667500e+15 4.509798986216338230e+33 1.354080091913870999e-02 8.070465680208547800e-08 2.761508549899249556e+04 2.988735504305658978e+05 1.226495030565467005e+03 4.907133308308921950e-03 9.586650169666975785e+01 6.576723878444279414e-01 1.219173336123192897e+00 1.381579562288042018e+00 4.516850221191101022e-01 
2.660512650005422941e+01 5.728441431283053134e+03 3.868652771810098000e+15 4.427498171462436326e+33 1.323528064707411335e-02 8.117957096555746511e-08 2.747582878166750015e+04 2.991162783815331059e+05 1.245068627737578254e+03 4.804994856411476389e-03 9.765079203282637366e+01 6.315779315224636647e-01 1.238099151873713444e+00 1.397854240530516989e+00 4.602089684619224963e-01 
2.658111417637871554e+01 5.702125591788777456e+03 3.798052446586517500e+15 4.346699291524239790e+33 1.293398498828452099e-02 8.169374989724942083e-08 2.733509908522672777e+04 2.994690738596587325e+05 1.265531476136172614e+03 4.701759391706136944e-03 9.953241393227018818e+01 6.063175143081696028e-01 1.257830152188015527e+00 1.415121612308697152e+00 4.696491047789455031e-01 
2.657506749505261467e+01 5.675930644410894274e+03 3.728740530071504000e+15 4.267374937096019806e+33 1.263701490027596339e-02 8.224842490585064962e-08 2.719265560780359374e+04 2.999312432770539308e+05 1.235500938659188478e+03 4.597423932452303526e-03 1.015188625457442271e+02 5.818868413714098908e-01 1.278416282012937444e+00 1.433440334278880401e+00 4.801027861517895290e-01 
2.658773836037883243e+01 5.649856033784124520e+03 3.660693509668008500e+15 4.189498199073605341e+33 1.234446684332851478e-02 8.284492464671246163e-08 2.704823798269896361e+04 3.005020103166371700e+05 1.245174535872315346e+03 4.491985070536874507e-03 1.036184518188481860e+02 5.582804811069512763e-01 1.299909614566281402e+00 1.452871507982842036e+00 4.916809504988218782e-01 
2.662000091542603286e+01 5.623901207094458186e+03 3.593888301868101500e+15 4.113042659425919598e+33 1.205642369485344575e-02 8.348482238322547111e-08 2.690154774505563546e+04 3.011808054354309570e+05 1.344155067895069806e+03 4.385423596526282636e-03 1.058407673340276887e+02 5.354914720475990597e-01 1.322367116530547726e+00 1.473482168745736898e+00 5.045148862762455222e-01 
2.667273382720010133e+01 5.598065614067470960e+03 3.528302244422478000e+15 4.037982382233334429e+33 1.177296911181494564e-02 8.416971596352659662e-08 2.675228280090467524e+04 3.019668050320873735e+05 1.289060709589238968e+03 4.277735751371320588e-03 1.081961723546404244e+02 5.135119462789744516e-01 1.345846933165803394e+00 1.495340709173741622e+00 5.187513684191841223e-01 
2.674696685710019040e+01 5.572348706956625392e+03 3.463913088652686000e+15 3.964291904889363155e+33 1.149417367025562520e-02 8.490154202751007611e-08 2.660008331640934921e+04 3.028594091142769903e+05 1.273377885142382183e+03 4.168892412314884922e-03 1.106968625442669349e+02 4.923330298882171441e-01 1.370412183125576222e+00 1.518521825138968939e+00 5.345671706052248506e-01 
2.684376209521871104e+01 5.546749940531673019e+03 3.400698991903775000e+15 3.891946229463056821e+33 1.122010537213731507e-02 8.568236512522404043e-08 2.644456971263650848e+04 3.038578401029679226e+05 1.270868535184777329e+03 4.058871885136912903e-03 1.133563931284758155e+02 4.719450246937197391e-01 1.396127250384946894e+00 1.543101866023706803e+00 5.521651674580714264e-01 
2.696434398057536086e+01 5.521268772067108330e+03 3.338638510134672500e+15 3.820920814219026719e+33 1.095082087492791310e-02 8.651463469542007149e-08 2.628530074199700903e+04 3.049615064110759995e+05 1.275817692237583969e+03 3.947630970030036046e-03 1.161906464558418151e+02 4.523374698719682119e-01 1.423061304450500275e+00 1.569163490496003011e+00 5.717893436165155663e-01 
2.711007634751303286e+01 5.495904661330628187e+03 3.277710590643660500e+15 3.751191565292080610e+33 1.068636891046560733e-02 8.740111698529451922e-08 2.612179171567211597e+04 3.061698636313078459e+05 1.288274311030389299e+03 3.835121952303473421e-03 1.192178211094187219e+02 4.334991000238770931e-01 1.451287983572469020e+00 1.596795169752943222e+00 5.937287914034994341e-01 
2.728235641326009997e+01 5.470657070571717668e+03 3.217894564926793000e+15 3.682734828514004223e+33 1.042680108711737871e-02 8.834490623817361220e-08 2.595349118133904994e+04 3.074820697378662881e+05 1.315061620460558061e+03 3.721286596530356660e-03 1.224590193499438300e+02 4.154191188429756099e-01 1.480877995071142150e+00 1.626083015867310744e+00 6.183277744728284953e-01 
2.748283745557689883e+01 5.445525464510216807e+03 3.159170141666465500e+15 3.615527381389295031e+33 1.017215211366907616e-02 8.934965484452070535e-08 2.577977836003593620e+04 3.088976141689982032e+05 1.361366781653689031e+03 3.606051569696139096e-03 1.259390024772325631e+02 3.980855972647167063e-01 1.511909683000512761e+00 1.657122937945852748e+00 6.460045113118794147e-01 
2.771337678029151164e+01 5.420509310324980106e+03 3.101517399848033500e+15 3.549546425217446181e+33 9.922451771650452404e-03 9.041969403619747663e-08 2.559992017200975170e+04 3.104160296104492736e+05 1.291575957687851997e+03 3.489314175561575564e-03 1.296874182010402023e+02 3.814870973833286438e-01 1.544462687988759075e+00 1.690014040476960799e+00 6.772741529133023963e-01 
2.797601825257387986e+01 5.395608077642605167e+03 3.044916782002094000e+15 3.484769577359040670e+33 9.677725419201966411e-03 9.156001311153350155e-08 2.541308887542221782e+04 3.120367867620969773e+05 1.313758584571344045e+03 3.370961515472750431e-03 1.337392743069173946e+02 3.656123289981083602e-01 1.578616961715586742e+00 1.724857348289937642e+00 7.127675260752680542e-01 
2.827310797079788074e+01 5.370821238526142224e+03 2.989349087569917500e+15 3.421174863642789593e+33 9.437990366568520598e-03 9.277662401161674929e-08 2.521830158785851745e+04 3.137595077435217099e+05 1.326583670603870360e+03 3.250844619989178182e-03 1.381371510997057328e+02 3.504506864322233795e-01 1.614453203549801152e+00 1.761757022691267993e+00 7.532771208569931654e-01 
2.860735155988178846e+01 5.346148267463951925e+03 2.934795466390186000e+15 3.358740710911397129e+33 9.203255927399326200e-03 9.407676407701642456e-08 2.501439857357111032e+04 3.155839675090217497e+05 1.335850886551566646e+03 3.128780531222526314e-03 1.429330853050107066e+02 3.359924091919809230e-01 1.652052283250765585e+00 1.800819957403564375e+00 7.998074261516130434e-01 
2.898169665390726024e+01 5.321588641358519453e+03 2.881237412304373000e+15 3.297445939703209131e+33 8.973536391464673884e-03 9.546901760866300143e-08 2.480001178283992704e+04 3.175095820929555921e+05 1.320578402046194924e+03 3.004557242933220563e-03 1.481909075770143716e+02 3.222297891367217337e-01 1.691483356113487213e+00 1.842142743360468016e+00 8.536390902048898166e-01 
2.939978044403054369e+01 5.297141839515384163e+03 2.828656756878969000e+15 3.237269757067581007e+33 8.748827755830409364e-03 9.696422654729646192e-08 2.457346164908505671e+04 3.195364255738070351e+05 1.335450302187813804e+03 2.877893749645905972e-03 1.539915506959275717e+02 3.091566257045895716e-01 1.732816950261064193e+00 1.885827475791732599e+00 9.164595593749199631e-01 
2.986569527580682148e+01 5.272807343632116499e+03 2.777035663242258000e+15 3.178191749511350650e+33 8.529130661034264871e-03 9.857575910978717755e-08 2.433269292519184455e+04 3.216642539818093064e+05 1.347403048950252241e+03 2.748448925494269886e-03 1.604380162413008577e+02 2.967704017522798110e-01 1.776101316562019194e+00 1.931955291491400883e+00 9.905082604038244476e-01 
3.038445527326028994e+01 5.248584637787288557e+03 2.726356620033452000e+15 3.120191876073893241e+33 8.314434726669149220e-03 1.003207552912707549e-07 2.407513193697020324e+04 3.238933001734120771e+05 1.348383036028032166e+03 2.615787794861375998e-03 1.676648185335388348e+02 2.850725925045941578e-01 1.821368988314917559e+00 1.980595243760761237e+00 1.078844348632136185e+00 
3.096188922288801493e+01 5.224473208429583792e+03 2.676602435462433000e+15 3.063250461528766835e+33 8.104734982405849969e-03 1.022212044410474068e-07 2.379752068102973135e+04 3.262234695017717313e+05 1.375158792996848433e+03 2.479370443468605426e-03 1.758504463027354916e+02 2.740713906026319702e-01 1.868605593857715075e+00 2.031769637153631347e+00 1.185728825271640252e+00 
3.160534110064091706e+01 5.200472544366866714e+03 2.627756231477717000e+15 3.007348189709209967e+33 7.900015885532640086e-03 1.043066090247857391e-07 2.349558527675493679e+04 3.286552621447913116e+05 1.378527103672218573e+03 2.338483184281350304e-03 1.852402151085892115e+02 2.637840187181208496e-01 1.917744274040719343e+00 2.085450110280488101e+00 1.317325792589917111e+00 
3.232389092193174918e+01 5.176582136755363535e+03 2.579801438040969000e+15 2.952466096955582025e+33 7.700264411093824847e-03 1.066173163577515941e-07 2.316358829624581267e+04 3.311891340664636809e+05 1.441539254953305544e+03 2.192184182593960584e-03 1.961813583013117466e+02 2.542422078947557118e-01 1.968612561214272638e+00 2.141499246468676620e+00 1.482865408526904849e+00 
3.312911777494473853e+01 5.152801479088889209e+03 2.532721787506001500e+15 2.898585565682383502e+33 7.505469816613524053e-03 1.092104658805815028e-07 2.279359820111860608e+04 3.338256042021270841e+05 1.427830144150436581e+03 2.039208722710273824e-03 2.091846228199962923e+02 2.454999373153721742e-01 2.020867002469462825e+00 2.199600011540684186e+00 1.696809133612446452e+00 
3.403644235453852929e+01 5.129130067188073554e+03 2.486501309100247000e+15 2.845688318062549688e+33 7.315620610021892484e-03 1.121713846115760081e-07 2.237407439894278650e+04 3.365655449841401423e+05 1.407498955187550564e+03 1.877761488121617054e-03 2.250439180591928334e+02 2.376488727659941402e-01 2.073867034164887269e+00 2.259118472950978340e+00 1.983249044379883141e+00 
3.506695550661151373e+01 5.105567399189711978e+03 2.441124323507096000e+15 2.793756409827178893e+33 7.130714640497594001e-03 1.156347982586526257e-07 2.188735290048979004e+04 3.394097258253477048e+05 1.421148869528637306e+03 1.705212268706434060e-03 2.450753506612575734e+02 2.308480253224226564e-01 2.126407339298100219e+00 2.318809458709006233e+00 2.385459596414890804e+00 
3.625158883881761795e+01 5.082112975536083468e+03 2.396575437546935000e+15 2.742772224178226235e+33 6.950755859133194575e-03 1.198328698520841882e-07 2.130412050582679512e+04 3.423592496328029083e+05 1.461883540685626031e+03 1.517407214218900345e-03 2.716764847697276082e+02 2.253902787000294505e-01 2.176151140782518922e+00 2.376193365180828909e+00 2.990013795272234542e+00 
3.763902558195344739e+01 5.058766298964402267e+03 2.352839538955422000e+15 2.692718465812471639e+33 6.775771947115626255e-03 1.252177816820444846e-07 2.056990613176028637e+04 3.454146960081932484e+05 1.487730770242251083e+03 1.307128243268496559e-03 3.098512862820547298e+02 2.218764287287064429e-01 2.218112605049932018e+00 2.425880506779166002e+00 3.999559653685728300e+00 
3.931659569373197627e+01 5.035526874496239543e+03 2.309901791256905500e+15 2.643578155054380701e+33 6.605827256579960283e-03 1.328670655391448275e-07 1.956306144529963058e+04 3.485753386587656569e+05 1.475677175133355377e+03 1.059693787638722046e-03 3.726601620600661136e+02 2.217945419328200274e-01 2.239759332261846314e+00 2.454160209936527615e+00 6.029656169235118490e+00 
4.148341162531595216e+01 5.012394209427041460e+03 2.267747628731483000e+15 2.595334622096132773e+33 6.441073829505190515e-03 1.466583693393887152e-07 1.788910676263967252e+04 3.518341600363221369e+05 1.493076163295519109e+03 7.340850689406188279e-04 5.142966279193908576e+02 2.306760095984772829e-01 2.195732050217939602e+00 2.411075541933421551e+00 1.232780265804809261e+01 
4.471786300103391198e+01 4.989367813315704552e+03 2.226362751473932500e+15 2.547971501342788286e+33 6.281956031482645482e-03 2.314441480708597045e-07 1.143902582915994026e+04 3.550403725227355026e+05 3.688282206031383339e+02 1.216208942215043164e-04 2.355261543660989787e+02 3.433532414991655179e-01 1.537835735757927980e+00 1.691806524683529878e+00 3.573694142153978248e+01 
4.645122782962606323e+01 4.966447197974134724e+03 2.185733120542693500e+15 2.501472725860519467e+33 6.128223829957792079e-03 3.070091690011031519e-07 8.674360067235948009e+03 3.571340733036642196e+05 6.382934179121583895e+01 3.998050404352761921e-05 1.627139932601784622e+01 4.309309173427601780e-01 1.234471980568727645e+00 1.357308592357416410e+00 7.614245689176812881e+00 
4.732412851088068351e+01 4.943631877456943585e+03 2.145844953197537500e+15 2.455822521926338512e+33 5.978483703780810253e-03 3.462933763744975951e-07 7.726898238723152645e+03 3.588325844663201715e+05 3.060627671236427716e+01 2.505293826191932051e-05 5.327621001999580663e+00 4.604253748621315312e-01 1.142924111439182377e+00 1.254654313429523382e+00 3.960508491019388622e+00 
4.782470720508245421e+01 4.920921368051101126e+03 2.106684718223987500e+15 2.411005403677106414e+33 5.832205088061290926e-03 3.744775930013314358e-07 7.175997592822703155e+03 3.603716486191753065e+05 1.911155497550931415e+01 1.855702236503628782e-05 2.609945602768546369e+00 4.718114271117436198e-01 1.094872884205842833e+00 1.199407730124377958e+00 2.587686239441556957e+00 
4.809947546118053907e+01 4.898315188265724828e+03 2.068239131343217000e+15 2.367006167856371796e+33 5.689112952508551709e-03 3.970029914955353625e-07 6.796375226550972002e+03 3.618375407227621181e+05 1.351501904299155754e+01 1.487049892768312042e-05 1.545389918711223887e+00 4.740220348460373323e-01 1.064809725054329137e+00 1.163716309260379056e+00 1.880300261617029456e+00 
4.821880450965598186e+01 4.875812858821832378e+03 2.030495150705573000e+15 2.323809888656909721e+33 5.549030190441984166e-03 4.160630466192751245e-07 6.510832988777015089e+03 3.632772453199292650e+05 1.027821090094060530e+01 1.247492076094188847e-05 1.021924005533755508e+00 4.707446858753468466e-01 1.044263769447955514e+00 1.138361450066480041e+00 1.452941767590072653e+00 
4.822351081255980176e+01 4.853413902642198991e+03 1.993439972466439000e+15 2.281401912657497718e+33 5.411831360009228785e-03 4.327838708715267555e-07 6.284150267463517594e+03 3.647204574775377987e+05 8.199426892203803163e+00 1.078340438824405835e-05 7.264782831754080794e-01 4.639065335605244700e-01 1.029469554967903155e+00 1.119259095396416104e+00 1.168572902939861269e+00 
4.814000512629271356e+01 4.831117844841252918e+03 1.957061026442815750e+15 2.239767853852070210e+33 5.277423997902093260e-03 4.478292730714345406e-07 6.097455819026420613e+03 3.661876019544724259e+05 6.766588932814136648e+00 9.519645646838232350e-06 5.434890285123079590e-01 4.546575448819319964e-01 1.018454591409291732e+00 1.104277657815605940e+00 9.666384507379445212e-01 
4.798666229229673519e+01 4.808924212714979149e+03 1.921345971849110750e+15 2.198893588769519386e+33 5.145735514078588098e-03 4.616277968729622510e-07 5.939521637035635649e+03 3.676934692488380242e+05 5.727334532319281912e+00 8.535908068362307253e-06 4.222911742444875882e-01 4.437444846109457885e-01 1.010069217591228696e+00 1.092179122175066075e+00 8.163749703841802763e-01 
4.777693097136272371e+01 4.786832535730931340e+03 1.886282693110840000e+15 2.158765251682669647e+33 5.016707933096401818e-03 4.744739857892506254e-07 5.803160930907613874e+03 3.692491600908952532e+05 4.943968729938342577e+00 7.745843388564257638e-06 3.378445723510059007e-01 4.316809469443187997e-01 1.003591626819657190e+00 1.082189141840405933e+00 7.005529247307000773e-01 
4.752098172204549797e+01 4.764842345518223738e+03 1.851859295754627000e+15 2.119369229904564530e+33 4.890292089269511130e-03 4.865801241939831776e-07 5.683513051130042186e+03 3.708631835843978915e+05 4.335464606369177964e+00 7.095508010174044222e-06 2.766220132085037142e-01 4.188349165201830093e-01 9.985417867483766807e-01 1.073794280412750046e+00 6.087936508579624428e-01 
4.722676691187370324e+01 4.742953175857614951e+03 1.818064102373276750e+15 2.080692159170677412e+33 4.766446288488356171e-03 4.981048660259247299e-07 5.577148365104398181e+03 3.725422025353129138e+05 3.851246163368915010e+00 6.549423654443087983e-06 2.307963344597535604e-01 4.054782733131259698e-01 9.945868932702608411e-01 1.066639815306235306e+00 5.344843038160065340e-01 
4.690062815186247036e+01 4.721164562671640851e+03 1.784885648664490500e+15 2.042720919105399905e+33 4.645133948014805621e-03 5.091706385796509410e-07 5.481559086559936986e+03 3.742914851831438718e+05 3.458231129530411341e+00 6.083257806478613738e-06 1.955819545643825430e-01 3.918167210475688722e-01 9.914871038439414530e-01 1.060470833734238116e+00 4.732154038000094820e-01 
4.654772499672832708e+01 4.699476044014738363e+03 1.752312679541784500e+15 2.005442628771163896e+33 4.526322410409088816e-03 5.198739166520771178e-07 5.394862332318542030e+03 3.761152048916549538e+05 3.133938841330977443e+00 5.679764729810756731e-06 1.679202259101040817e-01 3.780083223348845167e-01 9.890652652904372566e-01 1.055099494247032421e+00 4.219383882851464596e-01 
4.617231385887356510e+01 4.677887160063491137e+03 1.720334145316504250e+15 1.968844642298929854e+33 4.409981029574057930e-03 5.302923074127016331e-07 5.315611109529615533e+03 3.780167318904314307e+05 2.862596636478829115e+00 5.326372663095188703e-06 1.457819583220245629e-01 3.641758584721496717e-01 9.871873805962051440e-01 1.050383929377575853e+00 3.784799345881312282e-01 
4.577794866473129076e+01 4.656397453106848843e+03 1.688939197949402000e+15 1.932914544598285534e+33 4.296081105840117258e-03 5.404893360919606908e-07 5.242670289009395674e+03 3.799987527030889760e+05 2.632834432189331331e+00 5.013693519309169412e-06 1.277775337807061096e-01 3.504156097349416243e-01 9.857498748466604344e-01 1.046214562937952897e+00 3.412495556368492777e-01 
4.536762914014983750e+01 4.635006467536434684e+03 1.658117187370687500e+15 1.897640147145912487e+33 4.184595055929555413e-03 5.505178194140856206e-07 5.175133693394598595e+03 3.820634124259419041e+05 2.436263850404588815e+00 4.734570797032592348e-06 1.129291860317490209e-01 3.368034015518120428e-01 9.846712774846742011e-01 1.042505171737522440e+00 3.090570403412298273e-01 
4.494391279494624314e+01 4.613713749836901115e+03 1.627857657867239750e+15 1.863009483850911235e+33 4.075496337349074523e-03 5.604219557061157645e-07 5.112269238744544054e+03 3.842123803439565818e+05 2.266571260639285601e+00 4.483459874308175428e-06 1.005330580824645575e-01 3.233989257841808906e-01 9.838870287542259563e-01 1.039187328586051118e+00 2.809951091909366205e-01 
4.450898911067214669e+01 4.592518848576285563e+03 1.598150344535686250e+15 1.829010806995512508e+33 3.968758182731325045e-03 5.702394657470143119e-07 5.053475602863413769e+03 3.864469998675358947e+05 2.118919184509195919e+00 4.255989263412017269e-06 9.007151976973262753e-02 3.102490627374423493e-01 9.833448006462738311e-01 1.036205384564208298e+00 2.563596050973778739e-01 
4.406475323758819940e+01 4.571421314396468915e+03 1.568985169800294500e+15 1.795632583249959971e+33 3.864354006443321103e-03 5.800025677099893161e-07 4.998255253415205516e+03 3.887682976691914955e+05 1.989544021421251863e+00 4.048672538355891902e-06 8.115730494991173216e-02 2.973903303362151473e-01 9.830022820274768591e-01 1.033514129408221738e+00 2.345964881079603825e-01 
4.361285051520004430e+01 4.550420700003624916e+03 1.540352239994334000e+15 1.762863489760035061e+33 3.762257033735294260e-03 5.897391482469884201e-07 4.946191299650619840e+03 3.911770461791446432e+05 1.875476308117790758e+00 3.858691373243789578e-06 7.349578134285113251e-02 2.848508792739983808e-01 9.828246858093883098e-01 1.031076143531565181e+00 2.152636625369079570e-01 
4.315471208652790835e+01 4.529516560158744142e+03 1.512241842003870250e+15 1.730692410306029827e+33 3.662440259345486372e-03 5.994735809441956965e-07 4.896930699407837892e+03 3.936737905112128356e+05 1.774343611013813771e+00 3.683741107034204165e-06 6.685946996895816841e-02 2.726520482576341720e-01 9.827829878964976507e-01 1.028859936104040251e+00 1.980040185569744426e-01 
4.269159691729854700e+01 4.508708451668211637e+03 1.484644439972820500e+15 1.699108431531833527e+33 3.564876237748342957e-03 6.092271580940647795e-07 4.850173491216062757e+03 3.962588951077495003e+05 1.684229935987413107e+00 3.521922869363066226e-06 6.107064236189432838e-02 2.608094567665916186e-01 9.828532827890937851e-01 1.026839277328613242e+00 1.825263979165073491e-01 
4.222461038454314064e+01 4.487995933374376364e+03 1.457550672068071500e+15 1.668100839242754103e+33 3.469536738350517940e-03 6.190187331619353387e-07 4.805662152300948037e+03 3.989325963244560990e+05 1.603571738890737564e+00 3.371655468045412482e-06 5.598868770611110934e-02 2.493340002230600150e-01 9.830155155218077700e-01 1.024991854356584131e+00 1.685908854324277562e-01 
4.175472738626110214e+01 4.467378566146238882e+03 1.430951347303728500e+15 1.637659114771017299e+33 3.376393046627778564e-03 6.288650477296610461e-07 4.763174215705586903e+03 4.016949937847164692e+05 1.531081336065018839e+00 3.231612032401622925e-06 5.150117639924795682e-02 2.382326865706214103e-01 9.832528238004246690e-01 1.023298599127643760e+00 1.559980744358447913e-01 
4.128281157960115877e+01 4.446855912870103566e+03 1.404837442423220500e+15 1.607772931407474897e+33 3.285415825142826759e-03 6.387810186575046601e-07 4.722516700570842659e+03 4.045460831103776582e+05 1.465689387976894187e+00 3.100671656822731899e-06 4.751736597451781258e-02 2.275092528271056846e-01 9.835510908535922692e-01 1.021743227613515659e+00 1.445809663538328571e-01 
4.080962388558994292e+01 4.426427538440328135e+03 1.379200098838373500e+15 1.578432150898513826e+33 3.196575249363982265e-03 6.487801288040170717e-07 4.683520133752560469e+03 4.074857508184917970e+05 1.406500614228308743e+00 2.977878058280802570e-06 4.396324712304952587e-02 2.171647857665041925e-01 9.838981058390131595e-01 1.020311361061270627e+00 1.341984503395727557e-01 
4.033584433602888453e+01 4.406093009750114106e+03 1.354030619624341500e+15 1.549626820006889587e+33 3.109840765787719261e-03 6.588744860303690333e-07 4.646036344513665426e+03 4.105138261973242625e+05 1.352760634769792247e+00 2.862413640450343108e-06 4.077809423080566709e-02 2.071980588345468388e-01 9.842837471349321632e-01 1.018990741171625025e+00 1.247307646747663479e-01 
3.986207636984440938e+01 4.385851895682288159e+03 1.329320466569313250e+15 1.521347167135250357e+33 3.025181126645823219e-03 6.690751040325410810e-07 4.609934530348990847e+03 4.136300890538545209e+05 1.303829315164614311e+00 2.753573525237589971e-06 3.791163663427979391e-02 1.976059579923164222e-01 9.846993894158672100e-01 1.017770606431412039e+00 1.160754949190552637e-01 
3.938885888353826203e+01 4.365703767100202640e+03 1.305061257278157250e+15 1.493583599011388224e+33 2.942564586741992175e-03 6.793919863404131731e-07 4.575099011965430691e+03 4.168342656935767736e+05 1.259160259772170720e+00 2.650747415835664530e-06 3.532198589862744348e-02 1.883838131109518699e-01 9.851377915548131803e-01 1.016641597701694266e+00 1.081446036722699261e-01 
3.891666687018985726e+01 4.345648196838596959e+03 1.281244762328820250e+15 1.466326697433866616e+33 2.861958836238919640e-03 6.898343890325189347e-07 4.541426241520785879e+03 4.201260407282020897e+05 1.218284166433946769e+00 2.553402206769804443e-06 3.297394666539783803e-02 1.795256945884742827e-01 9.855925623832955118e-01 1.015595184280859042e+00 1.008618765167025033e-01 
3.844592892046641452e+01 4.325684759694581771e+03 1.257862902480721250e+15 1.439567216077153467e+33 2.783331189144729392e-03 7.004107359429784628e-07 4.508824352951258334e+03 4.235050633644248592e+05 1.180796217328064390e+00 2.461072636923445782e-06 3.083785079401951332e-02 1.710246105680800766e-01 9.860585029869878282e-01 1.014624069895340597e+00 9.416118927737901489e-02 
3.797702591850938347e+01 4.305813032418588591e+03 1.234907745933998250e+15 1.413296077354952705e+33 2.706648522078780681e-03 7.111288034307260357e-07 4.477211082243832607e+03 4.269709573435990023e+05 1.146345268630720060e+00 2.373349599346755630e-06 2.888850876521253941e-02 1.628727200064187530e-01 9.865311950095015936e-01 1.013721744196985020e+00 8.798481853775975969e-02 
3.751029676354342257e+01 4.286032593705412182e+03 1.212371505638830250e+15 1.387504369340844879e+33 2.631877158096501950e-03 7.219959135688473467e-07 4.446512132881489379e+03 4.305233557451514062e+05 1.114625342223129145e+00 2.289870806297071040e-06 2.710439576107246881e-02 1.550614987570832215e-01 9.870068120073575146e-01 1.012882297211521454e+00 8.228211705553724331e-02 
3.704604404006845186e+01 4.266343024185292052e+03 1.190246536653864250e+15 1.362183342745127230e+33 2.558983174647323864e-03 7.330188500530719008e-07 4.416660763240108281e+03 4.341618724294654676e+05 1.085368710771621004e+00 2.210315458159740882e-06 2.546706000752832141e-02 1.475818946755163008e-01 9.874821857413069726e-01 1.012100502115363287e+00 7.700853079105998700e-02 
3.658453897070703675e+01 4.246743906414987578e+03 1.168525333552789500e+15 1.337324407946754183e+33 2.487932383274269951e-03 7.442039486380227315e-07 4.387596840064144089e+03 4.378861213472513482e+05 1.058340196132846689e+00 2.134398219042606868e-06 2.396060650622690649e-02 1.404244487609128678e-01 9.879547369800026901e-01 1.011371756332541283e+00 7.212471316069753169e-02 
3.612601775363002332e+01 4.227234824868965916e+03 1.147200527878327500e+15 1.312919132079544134e+33 2.418690339326471685e-03 7.555572608854872743e-07 4.359265335632868300e+03 4.416957119737124303e+05 1.033332223756624701e+00 2.061862990940226803e-06 2.257124431344233184e-02 1.335794233051025848e-01 9.884220880042748902e-01 1.010691649395212721e+00 6.759571215368817554e-02 
3.567069537711145699e+01 4.207815365930556254e+03 1.126264885642595750e+15 1.288959236171459243e+33 2.351222608519232867e-03 7.670843966794637532e-07 4.331616786525211865e+03 4.455902428576824605e+05 1.010161208595248716e+00 1.992481098525873865e-06 2.128700998219065083e-02 1.270368827871701245e-01 9.888824789604960808e-01 1.010056459085222125e+00 6.339048936491765984e-02 
# Sigma_plus_index = 123  Sigma_minus_index = 157
# Non-converged_fits = 0