# Sigma0 	Teff 	Mdot 	F 	z0r 	rho_c 	T_c 	P_c 	tau 	PradPgas_c 	varkappa_c 	Pi1 	Pi2 	Pi3 	Pi4
# All values are in CGS units.
# M = 1.005829e+01 Msun, alpha = 1, r = 1.000000e+10 cm, r = 3366.4773037502728 rg, structure = BellLin, mu = 0.62
6.095505110675964566e+00 1.000000000000000000e+04 3.668230432466068000e+15 1.300206946403600972e+34 1.003183991393183025e-02 4.483012976382697832e-08 2.847026891107818301e+04 1.711607026753083919e+05 1.571223894203774591e+02 9.680370654522168009e-03 4.950797611798898146e+01 3.484808582683471379e+00 6.776869379773590163e-01 1.135520722174867325e+00 4.306157120138092709e-01 
6.018357621585097128e+00 9.954061083088736268e+03 3.601287680866792000e+15 1.276479039380531251e+34 9.939341837181083980e-03 4.445043223479807864e-08 2.830466780748364909e+04 1.687238769871004915e+05 1.562399606355144783e+02 9.593685405648689352e-03 4.980774254857184502e+01 3.441151477775846068e+00 6.811054876677744563e-01 1.135249592436800237e+00 4.298481704132740000e-01 
5.942128799157171848e+00 9.908333204586158899e+03 3.535566589704101000e+15 1.253184150788293005e+34 9.846492799150174946e-03 4.407563956145793097e-08 2.814044207576206827e+04 1.663305540580151428e+05 1.553796925611619599e+02 9.507829807642188130e-03 5.010942148011965713e+01 3.397158042369858855e+00 6.845920870759601984e-01 1.134985044361047413e+00 4.290535256453749113e-01 
5.866813346516173588e+00 9.862815395004698075e+03 3.471044864492265000e+15 1.230314378330193858e+34 9.753281593720760853e-03 4.370580010812796790e-08 2.797759643766270528e+04 1.639804115734327643e+05 1.545442077062680539e+02 9.422787645486374597e-03 5.041308287654629794e+01 3.352827763711261344e+00 6.881489273938504736e-01 1.134728706392118980e+00 4.282317029938574882e-01 
5.792401217924956214e+00 9.817506689310463116e+03 3.407700617604948500e+15 1.207861963921150179e+34 9.659721802132301138e-03 4.334093992380015987e-08 2.781613249075561544e+04 1.616730261330668582e+05 1.537353244060895179e+02 9.338544401148075533e-03 5.071878843754640087e+01 3.308177908728873629e+00 6.917763267999029742e-01 1.134481189354311637e+00 4.273823882283224740e-01 
5.718890418998376468e+00 9.772406126902860706e+03 3.345512360850403500e+15 1.185819291055958589e+34 9.565792973935859089e-03 4.298112643588012387e-08 2.765605691635527910e+04 1.594081600581539096e+05 1.529576419017084561e+02 9.255081820791016822e-03 5.102662815132700302e+01 3.263202113333225629e+00 6.954773788993651173e-01 1.134244893972728097e+00 4.265057695405528593e-01 
5.646267575015471607e+00 9.727512751594169458e+03 3.284458998181975000e+15 1.164178882225529005e+34 9.471525895065426026e-03 4.262637177134506406e-08 2.749736948033792578e+04 1.571853307419051998e+05 1.522133213381786163e+02 9.172386664520847457e-03 5.133666247417260564e+01 3.217930185893126183e+00 6.992510712606281320e-01 1.134019728984918318e+00 4.256013534986290425e-01 
5.574533405176645751e+00 9.682825611589285472e+03 3.224519818541743000e+15 1.142933396380309058e+34 9.376892933493858120e-03 4.227676231827745956e-08 2.734007700066489997e+04 1.550043724900530360e+05 1.513933537213563625e+02 9.090436858184818697e-03 5.164901128129832131e+01 3.172351593440547735e+00 7.031012160864402727e-01 1.133808705053386268e+00 4.246697420570881287e-01 
5.503680124366191251e+00 9.638343759465578842e+03 3.165674488834778000e+15 1.122075626440003164e+34 9.281905033107306843e-03 4.193234211932166797e-08 2.718418193235921717e+04 1.528649378692363680e+05 1.504941282449280777e+02 9.009215151224820098e-03 5.196376906490862524e+01 3.126482948222927050e+00 7.070285446983292088e-01 1.133613007321615074e+00 4.237109421020845423e-01 
5.433704948380503552e+00 9.594066252152739253e+03 3.107903047031484000e+15 1.101598496848693405e+34 9.186555970833305135e-03 4.159318461429981856e-08 2.702968768992192054e+04 1.507667930348858936e+05 1.496296442756654415e+02 8.928699036370359859e-03 5.228106658648359684e+01 3.080329471692229149e+00 7.110352924815298570e-01 1.133434910832710862e+00 4.227255614150390306e-01 
5.364595137305975037e+00 9.549992150912858051e+03 3.051185895396002500e+15 1.081495061174641884e+34 9.090876697445951157e-03 4.125931327091003119e-08 2.687659333083856836e+04 1.487094991140928178e+05 1.487996583572072495e+02 8.848872544071229723e-03 5.260099862017541028e+01 3.033922099056836075e+00 7.151204431688469310e-01 1.133274477343890974e+00 4.217133947110403014e-01 
5.296354270392931163e+00 9.506120521320448461e+03 2.995503793837994500e+15 1.061758499753825932e+34 8.994841248318731844e-03 4.093083805488873324e-08 2.672490483389887595e+04 1.466929694155316975e+05 1.480082117929116237e+02 8.769708138857764887e-03 5.292374067359487100e+01 2.987253161576933103e+00 7.192881272666761250e-01 1.133135497004659653e+00 4.206757049280268057e-01 
5.228977480718908666e+00 9.462450433242707732e+03 2.940837853385944000e+15 1.042382117376544842e+34 8.898457321898065736e-03 4.060782726756769237e-08 2.657462379673382384e+04 1.447169409600514628e+05 1.472582793341147465e+02 8.691183054064320623e-03 5.324944417973010502e+01 2.940338412871018381e+00 7.235395924204232054e-01 1.133019887735108755e+00 4.196131564335991992e-01 
5.162462193346440742e+00 9.418980960819737447e+03 2.887169529779397000e+15 1.023359341016184920e+34 8.801726695435392600e-03 4.029036612779503348e-08 2.642575064732399551e+04 1.427812047785709437e+05 1.465544001035826511e+02 8.613269952590088194e-03 5.357829535574804680e+01 2.893190107461397709e+00 7.278766632617517107e-01 1.132930060913711623e+00 4.185269205429765771e-01 
5.096799355487984684e+00 9.375711182444940277e+03 2.834480617178252000e+15 1.004683717599472283e+34 8.704672955864968878e-03 3.997850286338457776e-08 2.627828608641872415e+04 1.408854223825693771e+05 1.459006147059824343e+02 8.535949902873559911e-03 5.391043765432345936e+01 2.845835034009433162e+00 7.322991942146700461e-01 1.132867080707745222e+00 4.174172643101993208e-01 
5.031993220425071911e+00 9.332640180745505859e+03 2.782753241986840000e+15 9.863489118174145798e+33 8.607279987312395700e-03 3.967236469896260461e-08 2.613223093894387421e+04 1.390295351771113055e+05 1.453068264351183529e+02 8.459187468362508455e-03 5.424612672044663242e+01 2.798274211724069982e+00 7.368108857475403894e-01 1.132834993293970527e+00 4.162863738960848048e-01 
4.968040533308523798e+00 9.289767042562896677e+03 2.731969856790612000e+15 9.683487039761543067e+33 8.509559379413231608e-03 3.937203918313136801e-08 2.598758350750023601e+04 1.372133293169004319e+05 1.447846730999027329e+02 8.382953550637676360e-03 5.458558823083635048e+01 2.750527406672373498e+00 7.414129255008654606e-01 1.132836183262244667e+00 4.151357203114423022e-01 
4.904936292718113933e+00 9.247090858933566778e+03 2.682113234403643500e+15 9.506769878871030864e+33 8.411526189619470198e-03 3.907760803888100435e-08 2.584434129941267383e+04 1.354365666322877805e+05 1.439213416932002474e+02 8.307219871933774549e-03 5.492905325088897683e+01 2.702616862061752112e+00 7.461061183391646257e-01 1.132872665334732076e+00 4.139666833146881109e-01 
4.842685903679463166e+00 9.204610725069620457e+03 2.633166462024594500e+15 9.333277687955174608e+33 8.313171436644974793e-03 3.878920713026512476e-08 2.570250521118673714e+04 1.336992139496671734e+05 1.430892104396131685e+02 8.231950302683128592e-03 5.527682063980203253e+01 2.654549239338651834e+00 7.508940563850174943e-01 1.132949077062366028e+00 4.127817764001933676e-01 
4.781281541459642348e+00 9.162325740339661934e+03 2.585112935499438500e+15 9.162951613469188718e+33 8.214522196050552671e-03 3.850691236980234949e-08 2.556206725906941210e+04 1.320009830197614792e+05 1.423343985041910571e+02 8.157113360623323428e-03 5.562916392146561151e+01 2.606355467575552698e+00 7.557763848716355648e-01 1.133066710602425253e+00 4.115827314209743459e-01 
4.720729099795249795e+00 9.120235008249721432e+03 2.537936353688879000e+15 8.995733875906203051e+33 8.115573360960536692e-03 3.823086834099920976e-08 2.542302573550998568e+04 1.303418542372004595e+05 1.416602656317204207e+02 8.082669553107463267e-03 5.598643272232723689e+01 2.558045434359745851e+00 7.607565726131526596e-01 1.133230434620216220e+00 4.103725668012211392e-01 
4.661025286652172639e+00 9.078337636424193988e+03 2.491620712938473500e+15 8.831567750196573530e+33 8.016344231556286198e-03 3.796117621142344185e-08 2.528537414769511815e+04 1.287216328591081401e+05 1.410711444817434597e+02 8.008584590605775239e-03 5.634895357891644352e+01 2.509645183964734017e+00 7.658354134094134125e-01 1.133442865325376081e+00 4.091536000361927217e-01 
4.602178308744122148e+00 9.036632736586983810e+03 2.446150301649800500e+15 8.670397546465355907e+33 7.916829933608498029e-03 3.769800280865607325e-08 2.514910588234688112e+04 1.271403455248882237e+05 1.405789290690882183e+02 7.934810883228862050e-03 5.671716436953830254e+01 2.461165741089707204e+00 7.710167044267256520e-01 1.133709506282855939e+00 4.079299186178200198e-01 
4.544179141654157483e+00 8.995119424542615889e+03 2.401509694950577500e+15 8.512168591140483258e+33 7.817066387770011532e-03 3.744142654530620700e-08 2.501420906103741072e+04 1.255976917924021109e+05 1.401971744981801464e+02 7.861315261898385587e-03 5.709141681824537784e+01 2.412644162339554477e+00 7.762994181011801942e-01 1.134031563420682343e+00 4.067037482564811457e-01 
4.487042201449821022e+00 8.953796820157509501e+03 2.357683749462116500e+15 8.356827208405990987e+33 7.717041040341314495e-03 3.719164962619833259e-08 2.488067702632784130e+04 1.240938135377318249e+05 1.398056517193567458e+02 7.788044316883512529e-03 5.747223534602533590e+01 2.364086962400009373e+00 7.816888312304099973e-01 1.134416386556401646e+00 4.054802309998148946e-01 
4.430757074676010099e+00 8.912664047341353580e+03 2.314657598162295000e+15 8.204320701993766086e+33 7.616795133318078788e-03 3.694874925566351953e-08 2.474849467663414543e+04 1.226283897475367412e+05 1.389034590546905577e+02 7.714963887109325263e-03 5.786002026457428116e+01 2.315534613133519937e+00 7.871834005829826397e-01 1.134864918120969790e+00 4.042618797857471802e-01 
4.375335916943118519e+00 8.871720234028462073e+03 2.272416645342157500e+15 8.054597337307194842e+33 7.516326317507485838e-03 3.671292231765224534e-08 2.461765056552021633e+04 1.212015164670576778e+05 1.381696354597693528e+02 7.642019259077790366e-03 5.825535294881788673e+01 2.267000440070025657e+00 7.927875550804250881e-01 1.135384088725148066e+00 4.030542054138795405e-01 
4.320783087537014566e+00 8.830964512159360311e+03 2.230946561654712000e+15 7.907606323871579615e+33 7.415651122798604285e-03 3.648433149366571138e-08 2.448812696600767958e+04 1.198131418894268136e+05 1.375957644325696947e+02 7.569158275640250517e-03 5.865882043316545946e+01 2.218509893031698432e+00 7.985034297753101917e-01 1.135978787719988281e+00 4.018623791697514824e-01 
4.267100403742206893e+00 8.790396017662311351e+03 2.190233279253927500e+15 7.763297798104282664e+33 7.314792388696882489e-03 3.626312546001651498e-08 2.435990658669927143e+04 1.184631691096412105e+05 1.371856975001033163e+02 7.496333475245448887e-03 5.907100670769217743e+01 2.170091967884230311e+00 8.043325223787225475e-01 1.136653445432066256e+00 4.006911960088340718e-01 
4.214293392560495732e+00 8.750013890435060603e+03 2.150262987022585750e+15 7.621622806399810075e+33 7.213768679158057660e-03 3.604947615453721087e-08 2.423296933351975895e+04 1.171515628186484537e+05 1.369599196596725221e+02 7.423491484031089459e-03 5.949257236366454293e+01 2.121773109799919066e+00 8.102771678739498773e-01 1.137413518826252190e+00 3.995464075300741991e-01 
4.162369436171194259e+00 8.709817274326551342e+03 2.111022125887099000e+15 7.482533288523152314e+33 7.112597723223394383e-03 3.584356957272194748e-08 2.410729229013869917e+04 1.158783179662104812e+05 1.369015251806113724e+02 7.350575148043857372e-03 5.992424334648201523e+01 2.073579278733986175e+00 8.163400963989346781e-01 1.138265053394065252e+00 3.984344672907281226e-01 
4.111333537987977849e+00 8.669805317118783933e+03 2.072497384217894000e+15 7.345982061306408854e+33 7.011303510403331558e-03 3.564557991489096870e-08 2.398285132597601114e+04 1.146433835889271722e+05 1.359245718931892668e+02 7.277530524838689806e-03 6.036676043478454545e+01 2.025539876626309965e+00 8.225234020576207561e-01 1.139213631119891268e+00 3.973616756162172692e-01 
4.061191342812465521e+00 8.629977170508787822e+03 2.034675693313765250e+15 7.211922802643047557e+33 6.909911325801178922e-03 3.545568699487284948e-08 2.385961967581965291e+04 1.134467129586776573e+05 1.352639330851044122e+02 7.204302169504401068e-03 6.082091767093218238e+01 1.977684834346429943e+00 8.288292651173310155e-01 1.140265108046952802e+00 3.963348093073677525e-01 
4.011959164999276517e+00 8.590331990090568070e+03 1.997544222968525250e+15 7.080310035773863570e+33 6.808433122627414319e-03 3.527413700480553165e-08 2.373756363356715883e+04 1.122884365337486961e+05 1.348908561839606648e+02 7.130817198556443220e-03 6.128769724174739508e+01 1.930036615985610382e+00 8.352624064309278618e-01 1.141428257443392269e+00 3.953632605693800928e-01 
3.963632132616470738e+00 8.550868935337273797e+03 1.961090377118701000e+15 6.951099113860205916e+33 6.706913284602169199e-03 3.510105219236651712e-08 2.361665602871667215e+04 1.111683180441516160e+05 1.348133452942930433e+02 7.057036316149318568e-03 6.176785968459714127e+01 1.882635023653331574e+00 8.418224790642991895e-01 1.142706495003422473e+00 3.944523537884286335e-01 
3.916235172578865775e+00 8.511587169583317518e+03 1.925301789570527250e+15 6.824246204838277117e+33 6.605357831772119999e-03 3.493673306614779528e-08 2.349685414382758609e+04 1.100866125249367906e+05 1.349298603452231760e+02 6.982873043383915936e-03 6.226260926856394917e+01 1.835498854872334551e+00 8.485161771518779927e-01 1.144111222776975412e+00 3.936141276383697263e-01 
3.869763144421918710e+00 8.472485860006661824e+03 1.890166319805002000e+15 6.699708276550118989e+33 6.503814646388969382e-03 3.478130616885299105e-08 2.337812486585577062e+04 1.090430666680055729e+05 1.339217497379571569e+02 6.908287595718359993e-03 6.277282140370004981e+01 1.788668858546461182e+00 8.553430784161228928e-01 1.145646003969359894e+00 3.928547644836107855e-01 
3.824236932256243282e+00 8.433564177611189734e+03 1.855672048859497250e+15 6.577443082145955818e+33 6.402300621339125641e-03 3.463504888342775024e-08 2.326042308346944992e+04 1.080378443734560860e+05 1.334288074820094039e+02 6.833202629592640201e-03 6.329975645478140223e+01 1.742168713666641722e+00 8.623090182192765241e-01 1.147321667558268476e+00 3.921861785100665410e-01 
3.779665463288285565e+00 8.394821297209071417e+03 1.821807275284452500e+15 6.457409145752660628e+33 6.300850067208466423e-03 3.449817622688086407e-08 2.314370203094850149e+04 1.070709019625270594e+05 1.333982087407434847e+02 6.757555575939998976e-03 6.384462009708491337e+01 1.696031006731081758e+00 8.694169139467518015e-01 1.149145838423770494e+00 3.916187269465014609e-01 
3.736061021798930071e+00 8.356256397403332812e+03 1.788560511173963000e+15 6.339565748404147930e+33 6.199495391181602047e-03 3.437091907865631446e-08 2.302791398614725767e+04 1.061422377686249674e+05 1.338779099278496574e+02 6.681283886732602810e-03 6.440869939932586874e+01 1.650286373789188410e+00 8.766706731745224079e-01 1.151127442742784890e+00 3.911635698381638604e-01 
3.693438024970704170e+00 8.317868660570378779e+03 1.755920478268695250e+15 6.223872914228132402e+33 6.098268862205135851e-03 3.425352660962694785e-08 2.291300399232370546e+04 1.052518692958717729e+05 1.327577382328385625e+02 6.604319508156168174e-03 6.499341562682194251e+01 1.604964899266272171e+00 8.840746977965060482e-01 1.153276079519505615e+00 3.908333046686046086e-01 
3.651810413603789662e+00 8.279657272842696329e+03 1.723876104130011750e+15 6.110291396885280528e+33 5.997205746314390740e-03 3.414624404096651542e-08 2.279891522212760538e+04 1.043997885610053781e+05 1.324222282767484558e+02 6.526598335235829322e-03 6.560025099709736196e+01 1.560097284822971941e+00 8.916334210375568281e-01 1.155601519596870297e+00 3.906408944289777585e-01 
3.611192580083533610e+00 8.241621424091608787e+03 1.692416518383887750e+15 5.998782666255750378e+33 5.896342756326189774e-03 3.404932105065369764e-08 2.268558713367251767e+04 1.035859792179649376e+05 1.327895364588327709e+02 6.448057327110135080e-03 6.623078108282460619e+01 1.515714050518571776e+00 8.993515262843241320e-01 1.158113902791386929e+00 3.906001026592985093e-01 
3.571598736805197571e+00 8.203760307910057236e+03 1.661531049033331500e+15 5.889308895368538948e+33 5.795718480588815322e-03 3.396300656372714735e-08 2.257295671602500079e+04 1.028104058193508099e+05 1.323857640799211026e+02 6.368636948746161063e-03 6.688666047500579737e+01 1.471845570823580474e+00 9.072338668100936587e-01 1.160823612019656670e+00 3.907252760009325976e-01 
3.533056779959727223e+00 8.166073121595555676e+03 1.631209218838179000e+15 5.781832947569634151e+33 5.695361934669381301e-03 3.388763826451071012e-08 2.246094292859111010e+04 1.020732122970352357e+05 1.318696476636621355e+02 6.288251820685955736e-03 6.756992097260229002e+01 1.428517264760075678e+00 9.152884679562317549e-01 1.163745000274013064e+00 3.910357145672159751e-01 
3.495568515094268580e+00 8.128559066133118904e+03 1.601440741760868500e+15 5.676318363924040373e+33 5.595326023933123137e-03 3.382338953519195044e-08 2.234948723097534457e+04 1.013741407931936556e+05 1.323515469054268578e+02 6.206872693917352829e-03 6.828218001416273353e+01 1.385763679383748892e+00 9.235178612047294511e-01 1.166885599505322446e+00 3.915439187928150266e-01 
3.459171903411225379e+00 8.091217346178379557e+03 1.572215519477166500e+15 5.572729350848019414e+33 5.495636429977497107e-03 3.377066396252377225e-08 2.223848964402063939e+04 1.007134291081237316e+05 1.319128320177947842e+02 6.124399891303415611e-03 6.902590705051575526e+01 1.343606950165927794e+00 9.319327114487868657e-01 1.170263142198567863e+00 3.922743034510196014e-01 
3.423870883749021043e+00 8.054047170040672427e+03 1.543523637950484000e+15 5.471030767966729874e+33 5.396346601973797848e-03 3.372965115358776894e-08 2.212788269734400092e+04 1.000908104110581626e+05 1.316501376493062025e+02 6.040807643343841342e-03 6.980298743063988809e+01 1.302079311210239787e+00 9.405365936270878580e-01 1.173886324654552560e+00 3.932420018883704960e-01 
3.389698826003626486e+00 8.017047749666274285e+03 1.515355364068766750e+15 5.371188116193662130e+33 5.297490028627597006e-03 3.370072677263162837e-08 2.201756353631046295e+04 9.950640142247018230e+04 1.326187547882450417e+02 5.956014999565371372e-03 7.061605598426149299e+01 1.261203796896774865e+00 9.493398307319610430e-01 1.177772375833912699e+00 3.944724661906482410e-01 
3.356676613669198339e+00 7.980218300621718299e+03 1.487701142342764000e+15 5.273167526027624980e+33 5.199110908587564403e-03 3.368419324828698700e-08 2.190743618743517072e+04 9.896011724737830809e+04 1.315012058591691471e+02 5.869968767857690339e-03 7.146765995211303846e+01 1.221006540621177860e+00 9.583502817668009266e-01 1.181935277257570194e+00 3.959890775780264827e-01 
3.324831597037695374e+00 7.943558042077109349e+03 1.460551591664487500e+15 5.176935746063081573e+33 5.101250799090449074e-03 3.368039438216729739e-08 2.179739354884881686e+04 9.845192885920710978e+04 1.322551012379897770e+02 5.782608665454411039e-03 7.236064621586336898e+01 1.181511323352611997e+00 9.675776173664422108e-01 1.186391235154880208e+00 3.978188864788665957e-01 
3.294185836971033954e+00 7.907066196789630339e+03 1.433897502124917500e+15 5.082460131710484224e+33 5.003955582732900163e-03 3.368964399546632721e-08 2.168732990442582013e+04 9.798170743832807057e+04 1.315884739432479478e+02 5.693890498974827664e-03 7.329792369619366355e+01 1.142742074947547648e+00 9.770307494427622474e-01 1.191155270656045095e+00 3.999891395041378361e-01 
3.264775156146671353e+00 7.870741991087012138e+03 1.407729831889697250e+15 4.989708634122152643e+33 4.907264445674710401e-03 3.371234840432793100e-08 2.157711668084612393e+04 9.754946956029844296e+04 1.322589057537688575e+02 5.603746729707544116e-03 7.428294444814387987e+01 1.104719080590715441e+00 9.867220027766626655e-01 1.196246685016096434e+00 4.025341471300125651e-01 
3.236628223434387941e+00 7.834584654851149935e+03 1.382039704131897000e+15 4.898649789320431680e+33 4.811222604556897146e-03 3.374887647018810168e-08 2.146662485773620210e+04 9.715509521356396726e+04 1.317126202388884906e+02 5.512127515047229170e-03 7.531926199224878360e+01 1.067463530321101084e+00 9.966623454186889219e-01 1.201682864299528530e+00 4.054889207555382180e-01 
3.209774119573800544e+00 7.798593421501802368e+03 1.356818404020757750e+15 4.809252707524272038e+33 4.715875267363515456e-03 3.379959783609888232e-08 2.135572518080189184e+04 9.679843856872014294e+04 1.327785750578656518e+02 5.418994524806562685e-03 7.641062480054927164e+01 1.030994702974008526e+00 1.006863581929108076e+00 1.207481945842865168e+00 4.088907827221014424e-01 
3.184255065197959755e+00 7.762767527980284285e+03 1.332057375765331000e+15 4.721487062670390127e+33 4.621262228048018082e-03 3.386498563932582188e-08 2.124425698872615976e+04 9.647947636868638801e+04 1.319537899384594652e+02 5.324281611822821725e-03 7.756150986940407677e+01 9.953291667662516051e-01 1.017340523810663644e+00 1.213665835529750714e+00 4.127865291047901897e-01 
3.160109686434027232e+00 7.727106214733349589e+03 1.307748219712150500e+15 4.635323082125946055e+33 4.527426588864321214e-03 3.394549981076984631e-08 2.113205553182495350e+04 9.619808936866284057e+04 1.325987430578096280e+02 5.227936417320935489e-03 7.877666293189278690e+01 9.604831824170213528e-01 1.028107522457953227e+00 1.220255584993670261e+00 4.172261957386904641e-01 
3.137375712602636479e+00 7.691608725697026784e+03 1.283882689495786000e+15 4.550731536588657250e+33 4.434412340868138826e-03 3.404159450229238827e-08 2.101895727313430689e+04 9.595410458726639627e+04 1.328137588427569824e+02 5.129923428425897831e-03 8.006109124377411490e+01 9.264713682586196430e-01 1.039179488975254362e+00 1.227272628019175915e+00 4.222633377640035990e-01 
3.116095465209694826e+00 7.656274308280651894e+03 1.260452689241481250e+15 4.467683730171531712e+33 4.342261986094865522e-03 3.415378625234625628e-08 2.090477206878894140e+04 9.574735562275271513e+04 1.325244708652119812e+02 5.030193927961345429e-03 8.142051966001425001e+01 8.933069708621279581e-01 1.050572140710960056e+00 1.234739218579880893e+00 4.279609014138424650e-01 
3.096326388357314219e+00 7.621102213350856800e+03 1.237450270818763250e+15 4.386151490668262910e+33 4.251013375230805295e-03 3.428270623821929024e-08 2.078927737178380994e+04 9.557779049227239739e+04 1.329917388940847047e+02 4.928677008564776724e-03 8.286164415053171695e+01 8.610007570988410519e-01 1.062304863143607170e+00 1.242682274901231176e+00 4.343953099581556732e-01 
3.078116557219166438e+00 7.586091695215711297e+03 1.214867631145222500e+15 4.306107159996463976e+33 4.160708147140711882e-03 3.442894975175164410e-08 2.067225312088414285e+04 9.544519827004510444e+04 1.340112045855048848e+02 4.825329137511905238e-03 8.439150588461170344e+01 8.295629402974736832e-01 1.074395145081291858e+00 1.251125799186544763e+00 4.416478992706248663e-01 
3.061526142951231044e+00 7.551242011608936082e+03 1.192697109539500000e+15 4.227523584815303759e+33 4.071384542087954327e-03 3.459322371564893797e-08 2.055344396036517355e+04 9.534943726401202730e+04 1.340178633190055280e+02 4.720087493488349557e-03 8.601828928138964159e+01 7.990018448958990938e-01 1.086863033584947846e+00 1.260097023062475508e+00 4.498163053938253886e-01 
3.046610127371334631e+00 7.516552423674113925e+03 1.170931185122527500e+15 4.150374107314192614e+33 3.983082930836827525e-03 3.477623206250921272e-08 2.043258941785634670e+04 9.529024180174065987e+04 1.340090175575881517e+02 4.612909921524543412e-03 8.775083399039830567e+01 7.693248457944315000e-01 1.099727313645570081e+00 1.269621193301129214e+00 4.590083023150712815e-01 
3.033445361554026665e+00 7.482022195949080924e+03 1.149562474266266250e+15 4.074632556169810299e+33 3.895837332137669015e-03 3.497888748236339822e-08 2.030936451334775847e+04 9.526751179321437667e+04 1.342356604582766408e+02 4.503708626716495904e-03 8.959990401798243909e+01 7.405373620792242706e-01 1.113010787936238977e+00 1.279728873795938693e+00 4.693595177437397958e-01 
3.022110543977878372e+00 7.447650596350286833e+03 1.128583728088938000e+15 4.000273237667938241e+33 3.809682035916814660e-03 3.520216809041342881e-08 2.018342004878804073e+04 9.528107899083415396e+04 1.346192383300818562e+02 4.392402583892364258e-03 9.157758363901965026e+01 7.126437919908320540e-01 1.126736097186530117e+00 1.290450145483523103e+00 4.810264337463344697e-01 
3.012672244033135271e+00 7.413436896157292722e+03 1.107987829996006625e+15 3.927270926987452508e+33 3.724655367372672540e-03 3.544703875221712990e-08 2.005440363741960027e+04 9.533057387257616210e+04 1.351627357258712721e+02 4.278943678008464806e-03 9.369698974409428160e+01 6.856481435833022831e-01 1.140921687917841654e+00 1.301809679963241484e+00 4.941834243670003013e-01 
3.005239020189244048e+00 7.379380369997345952e+03 1.087767793266040125e+15 3.855600859643389980e+33 3.640785537385518144e-03 3.571486522648439347e-08 1.992183885514823123e+04 9.541594018849713029e+04 1.359892862934489415e+02 4.163192836841730915e-03 9.597496815433368056e+01 6.595529954687069374e-01 1.155593021484374372e+00 1.313841682070625794e+00 5.090613997673028024e-01 
2.999899761890352679e+00 7.345480295829946044e+03 1.067916758680580875e+15 3.785238723086007677e+33 3.558105550393934197e-03 3.600696137700165625e-08 1.978526586775177202e+04 9.553683705576299690e+04 1.362669564142889271e+02 4.045074024081051454e-03 9.842960949251278180e+01 6.343599815418746735e-01 1.170769628901576320e+00 1.326572327135794316e+00 5.259167611936065301e-01 
2.996778604140223567e+00 7.311735954931599736e+03 1.048427992197337000e+15 3.716160648453394518e+33 3.476642311904802607e-03 3.632507030296196529e-08 1.964408454938992509e+04 9.569312861742745736e+04 1.362108767446695197e+02 3.924426460976371614e-03 1.010837785751387656e+02 6.100710695943992734e-01 1.186473899292638023e+00 1.340032584828153572e+00 5.450824796525384208e-01 
2.996000085229708176e+00 7.278146631880529640e+03 1.029294882665771625e+15 3.648343202474358904e+33 3.396423247303119366e-03 3.667110031260099995e-08 1.949764652902889065e+04 9.588454892736862530e+04 1.371370812089990920e+02 3.801105399468977797e-03 1.039638486181668213e+02 5.866876833517427059e-01 1.202724283908789049e+00 1.354248495398891805e+00 5.669566826753144051e-01 
2.997705047487535523e+00 7.244711614541526615e+03 1.010510939584422250e+15 3.581763379519230937e+33 3.317475064128175277e-03 3.704734126547066757e-08 1.934517918132769773e+04 9.611082343978685094e+04 1.373652714241111994e+02 3.674925157555115982e-03 1.071019292989977316e+02 5.642125305561577209e-01 1.219534779806129343e+00 1.369241968513744689e+00 5.920397315301532126e-01 
3.002057004044526689e+00 7.211430194050876707e+03 9.920697908991483750e+14 3.516398593795736180e+33 3.239820648957847122e-03 3.745654126507835710e-08 1.918577702009922723e+04 9.637170897301254445e+04 1.384780258795982490e+02 3.545665656411610325e-03 1.105371720188919227e+02 5.426485284064045400e-01 1.236916257180963541e+00 1.385031762331591532e+00 6.209642605260456971e-01 
3.009250274220184540e+00 7.178301664801280822e+03 9.739651808415201250e+14 3.452226671687147426e+33 3.163480782945846809e-03 3.790211013284721759e-08 1.901832980639530069e+04 9.666700411432645342e+04 1.384932075580813375e+02 3.413037098056451689e-03 1.143187033850915668e+02 5.220012117191393797e-01 1.254872850359306735e+00 1.401630318146952270e+00 6.545520675376574893e-01 
3.019494075158832835e+00 7.145325324426951738e+03 9.561909678067121250e+14 3.389225844230464542e+33 3.088476788395310129e-03 3.838812583186208045e-08 1.884152908592580570e+04 9.699638537967462617e+04 1.390192682111874092e+02 3.276715989080533544e-03 1.185074342926695010e+02 5.022790091425722858e-01 1.273394397207159079e+00 1.419034370467932904e+00 6.938642325141108902e-01 
3.033045738655998580e+00 7.112500473788671115e+03 9.387411222700658750e+14 3.327374739731654781e+33 3.014826079003317741e-03 3.891977330906884689e-08 1.865374575941546573e+04 9.735961567468660360e+04 1.396577302026388736e+02 3.136282194995394183e-03 1.231818725196335720e+02 4.834947455075525591e-01 1.292457879293193335e+00 1.437227770171136454e+00 7.403243906950293107e-01 
3.050195957819129777e+00 7.079826416958993832e+03 9.216097247417166250e+14 3.266652376515811999e+33 2.942546381662158352e-03 3.950358495484598810e-08 1.845295870003418531e+04 9.775635841000427899e+04 1.404728352084820244e+02 2.991223019057555766e-03 1.284440158552283435e+02 4.656683438810536591e-01 1.312012336909063492e+00 1.456164121844897075e+00 7.958647934954979908e-01 
3.071310435465723021e+00 7.047302461207507804e+03 9.047909637585393750e+14 3.207038155809596326e+33 2.871651962600037244e-03 4.014821779727531655e-08 1.823653927859755277e+04 9.818636755124588672e+04 1.414293669883383586e+02 2.840849864855797980e-03 1.344315665575940955e+02 4.488305271262038043e-01 1.331973685369360894e+00 1.475762243368182292e+00 8.632134346090590826e-01 
3.096812627581024380e+00 7.014927916986104719e+03 8.882791339127102500e+14 3.148511854753453592e+33 2.802157274912146865e-03 4.086498096572303786e-08 1.800113791612338537e+04 9.864924273428905872e+04 1.418189083993369195e+02 2.684329669516279278e-03 1.413314126200948806e+02 4.330260772932768010e-01 1.352200603901929199e+00 1.495877904262750580e+00 9.462762043539735268e-01 
3.127233223169480159e+00 6.982702097914411752e+03 8.720686339162957500e+14 3.091053619541539838e+33 2.734075798446304606e-03 4.166958252153927642e-08 1.774219072157821574e+04 9.914455969041377830e+04 1.423783985189002692e+02 2.520518304200065115e-03 1.494107031051568981e+02 4.183249921515782566e-01 1.372462780232833079e+00 1.516270235890922136e+00 1.050941011816986848e+00 
3.163258274795591074e+00 6.950624320765184166e+03 8.561539647011052500e+14 3.034643958686631742e+33 2.667418956300472797e-03 4.258461849301869454e-08 1.745329478381470472e+04 9.967188697187959042e+04 1.432714942461596479e+02 2.347830746320358781e-03 1.590668728449921900e+02 4.048366397315459331e-01 1.392389254609184723e+00 1.536544530035557798e+00 1.186509553227192315e+00 
3.205757878421263918e+00 6.918693905449879821e+03 8.405297275532791250e+14 2.979263736408165022e+33 2.602199651855249384e-03 4.364367274451626336e-08 1.712522103342405535e+04 1.002305172953493893e+05 1.436097063762721291e+02 2.164086126706882794e-03 1.709176337908383516e+02 3.927348418664046159e-01 1.411363291399576614e+00 1.556034251720966433e+00 1.368486736352273692e+00 
3.255947054860273582e+00 6.886910175004187295e+03 8.251906222818638750e+14 2.924894166140731812e+33 2.538429484515517150e-03 4.490109933068045292e-08 1.674348008108061549e+04 1.008196532690188760e+05 1.441083280782998202e+02 1.965927465207400939e-03 1.860066530661700881e+02 3.823180018913646672e-01 1.428319156082900943e+00 1.573577818211367108e+00 1.625143981851964625e+00 
3.315508856067344912e+00 6.855272455573694060e+03 8.101314454208443750e+14 2.871516804161171575e+33 2.476123398471381538e-03 4.645106301544483225e-08 1.628402606318847029e+04 1.014378280053128256e+05 1.443803659570964157e+02 1.748143114983591838e-03 2.062523732648540999e+02 3.741256264729842518e-01 1.441292927111430311e+00 1.587016817573255079e+00 2.013595111250170877e+00 
3.386958403717448718e+00 6.823780076399626523e+03 7.953470884639911250e+14 2.819113543331976810e+33 2.415300001575962450e-03 4.847912167861642920e-08 1.570195298460318918e+04 1.020824092042241828e+05 1.440850761078281153e+02 1.501735854374772671e-03 2.357158060812735698e+02 3.692580807103874596e-01 1.446285535454807869e+00 1.591933925132808847e+00 2.669655609810502206e+00 
3.474626031209108401e+00 6.792432369804572772e+03 7.808325361318815000e+14 2.767666606958733653e+33 2.355984675199403969e-03 5.144929576518210652e-08 1.489203492423316129e+04 1.027486149127966492e+05 1.416321890892799900e+02 1.207174292559571064e-03 2.854980121094812944e+02 3.705613732696496077e-01 1.433263950335134984e+00 1.577228652605589865e+00 4.025015357492116586e+00 
3.586085672429601967e+00 6.761228671178389959e+03 7.665828646706020000e+14 2.717158542759862784e+33 2.298218874277878701e-03 5.717229722136105205e-08 1.348926082196236530e+04 1.034227997721162537e+05 1.283175121222064661e+02 8.073578794190847292e-04 4.061348412794210390e+02 3.894371300959734161e-01 1.364625980230494529e+00 1.501297241593507970e+00 8.618110827640130367e+00 
3.692162951689384798e+00 6.730168318964057107e+03 7.525932401814425000e+14 2.667572216946206676e+33 2.242027817631178210e-03 6.852440705561589817e-08 1.131977998663673316e+04 1.040221360858315893e+05 4.982169931586425804e+01 3.980667895650287350e-04 1.413605700407198071e+02 4.418393461338497863e-01 1.201612898316431144e+00 1.320680812463639109e+00 6.114095026366084262e+00 
3.751163269675123146e+00 6.699250654643678899e+03 7.388589169811131250e+14 2.618890808408806988e+33 2.187234922678597294e-03 7.608508338973852621e-08 1.024296517386963569e+04 1.045123739440404897e+05 2.638888074060297484e+01 2.656224891512708381e-04 5.387121882478248835e+01 4.647753082089304821e-01 1.127044383727354937e+00 1.236550846146688309e+00 3.466539635189384683e+00 
3.785017395329854928e+00 6.668475022724538576e+03 7.253752359918780000e+14 2.571097803012721048e+33 2.133684326957098389e-03 8.172351304137961556e-08 9.576973443270208008e+03 1.049585460687500017e+05 1.719754014510298035e+01 2.021273568026322239e-04 2.816643229131946313e+01 4.730831729057671797e-01 1.085327206085040297e+00 1.188194953505788964e+00 2.349437949284906235e+00 
3.802935904693980795e+00 6.637840770725153561e+03 7.121376231610402500e+14 2.524176987994877115e+33 2.081286222994340341e-03 8.631631149121020196e-08 9.104278796947057344e+03 1.053855139004511875e+05 1.245386459211350427e+01 1.644110665415707241e-04 1.729098667573386194e+01 4.735217120509602196e-01 1.058435327969683870e+00 1.155948569992022668e+00 1.741947996256574482e+00 
3.809622044404724850e+00 6.607347249161498439e+03 6.991415879093178750e+14 2.478112446464328375e+33 2.029982833365193747e-03 9.024726532959956064e-08 8.742496343154682108e+03 1.058064164834205003e+05 9.615772828089825808e+00 1.392385852472733570e-04 1.169946340972327903e+01 4.691179261151885438e-01 1.039741741108342721e+00 1.132606818244616287e+00 1.363282314450440902e+00 
3.807912964854082372e+00 6.576993811533181542e+03 6.863827216074852500e+14 2.432888552002701008e+33 1.979731379416987611e-03 9.372288500824265425e-08 8.451952436940460757e+03 1.062295125604452478e+05 7.752024499442585537e+00 1.211470265619081472e-04 8.449914741775973681e+00 4.615259264439335318e-01 1.026136420385552084e+00 1.114799633410743507e+00 1.106094345278330504e+00 
3.799684694404281693e+00 6.546779814309789799e+03 6.738566960808623750e+14 2.388489963363342137e+33 1.930500178987564061e-03 9.686833878221044171e-08 8.210680409078457160e+03 1.066604706240541273e+05 6.447010246517075771e+00 1.074590178658363219e-04 6.395170064071399985e+00 4.517593000012755655e-01 1.015934866953147830e+00 1.100708492110305636e+00 9.207999357628331438e-01 
3.786264584015384127e+00 6.516704616917198109e+03 6.615592621410527500e+14 2.344901619267056072e+33 1.882264391213848889e-03 9.976606896671976477e-08 8.005305058008675587e+03 1.071033961310621817e+05 5.489292333753902575e+00 9.670258268397849725e-05 5.013101320750990908e+00 4.404885204634347295e-01 1.008132177931528206e+00 1.089252532014096664e+00 7.814286276823083632e-01 
3.768631177066879001e+00 6.486767581724009688e+03 6.494862481445065000e+14 2.302108733292920566e+33 1.835003329440233972e-03 1.024735107593517933e-07 7.827123615239593164e+03 1.075613647091407329e+05 4.760819290886447064e+00 8.799991194782238796e-05 4.038553118880232162e+00 4.281801480012527028e-01 1.002086401988363518e+00 1.079743447350214103e+00 6.731088364113276823e-01 
3.747534299064630314e+00 6.456968074028060073e+03 6.376335585773862500e+14 2.260096788862333763e+33 1.788699830774168791e-03 1.050325629267256559e-07 7.670170701995150011e+03 1.080367442320393166e+05 4.190858093730507328e+00 8.079386792639118165e-05 3.325254948617410111e+00 4.151719838089949488e-01 9.973651566093496568e-01 1.071719316385379761e+00 5.867272781029786444e-01 
3.723563085412323836e+00 6.427305462042907493e+03 6.259971726662312500e+14 2.218851534314501670e+33 1.743339290668499903e-03 1.074747967251261414e-07 7.530194312902522142e+03 1.085313764629209181e+05 3.734638944484510947e+00 7.471351892208289011e-05 2.787173741447996012e+00 4.017153534302849716e-01 9.936654050138845617e-01 1.064857430032568386e+00 5.163986093971814073e-01 
3.697189935665865068e+00 6.397779116884496943e+03 6.145731430140173750e+14 2.178358978071944577e+33 1.698908519204592573e-03 1.098247733710092879e-07 7.404058484241667429e+03 1.090467312599664292e+05 3.362542405507973342e+00 6.950186854752786903e-05 2.371001584469387247e+00 3.880013067185638098e-01 9.907668259969016900e-01 1.058923776683001527e+00 4.581550611771000314e-01 
3.668801061865238022e+00 6.368388412557778793e+03 6.033575942610682500e+14 2.138605383894085822e+33 1.655395623281147007e-03 1.121019329124078882e-07 7.289394550281434931e+03 1.095839761344871949e+05 3.054251139118635106e+00 6.497533795427614344e-05 2.042297212355792091e+00 3.741770560658504441e-01 9.885058955403965841e-01 1.053745047418980452e+00 4.092293057608082929e-01 
3.638715820945783719e+00 6.339132725943457444e+03 5.923467217704293750e+14 2.099577266217551781e+33 1.612789769629391573e-03 1.143220122470656803e-07 7.184368782149982508e+03 1.101440325770265335e+05 2.795394652033756255e+00 6.099907732221585346e-05 1.777990587441450998e+00 3.603575584599212345e-01 9.867576984938681850e-01 1.049189049476938029e+00 3.676324041943431209e-01 
3.607202145254518211e+00 6.310011436784798207e+03 5.815367903372326250e+14 2.061261385581503274e+33 1.571080413879036167e-03 1.164979281978068024e-07 7.087537823852886504e+03 1.107276510733646282e+05 2.575544807019294780e+00 5.747185852926353574e-05 1.562164016631879093e+00 3.466328389511646457e-01 9.854256637073405267e-01 1.045153611434726404e+00 3.319001235695083762e-01 
3.574486695221764876e+00 6.281023927674433253e+03 5.709241329215906250e+14 2.023644744136372200e+33 1.530257453635421906e-03 1.186404581564179507e-07 6.997744267941594444e+03 1.113354266917524074e+05 2.386962554120073410e+00 5.431611024536227739e-05 1.383539651009968674e+00 3.330738791875494376e-01 9.844334690046154801e-01 1.041557933234894984e+00 3.009304220179558342e-01 
3.540762649311457455e+00 6.252169584041323105e+03 5.605051494046501875e+14 1.986714581234682722e+33 1.490311174330662559e-03 1.207586781837858467e-07 6.914047661567265095e+03 1.119678180803992291e+05 2.223792187837303924e+00 5.147140593745188838e-05 1.233946906461958370e+00 3.197366476427774828e-01 9.837200229645820526e-01 1.038337220660517923e+00 2.738785920361532233e-01 
3.506196390845625732e+00 6.223447794137682649e+03 5.502763053673126250e+14 1.950458369102217820e+33 1.451231721244763441e-03 1.228603188961423477e-07 6.835675269320518964e+03 1.126251952939329931e+05 2.081527962605771886e+00 4.888998525530838848e-05 1.107349665117696613e+00 3.066649162781389659e-01 9.832361594408923766e-01 1.035439128371000050e+00 2.500868195722541487e-01 
3.470931832884509571e+00 6.194857949026028109e+03 5.402341308912628125e+14 1.914863808588256089e+33 1.413009256125437275e-03 1.249520079825211794e-07 6.761985431531062204e+03 1.133078413945350039e+05 1.956649865159235890e+00 4.653360803926026817e-05 9.992098827257939186e-01 2.938926992883495459e-01 9.829418868525285902e-01 1.032820850885018293e+00 2.290353762678163929e-01 
3.435094019532670462e+00 6.166399442566289508e+03 5.303752193818809375e+14 1.879918824993375936e+33 1.375633972759440944e-03 1.270395111979013644e-07 6.692437706155089472e+03 1.140159596740726702e+05 1.846370399073369306e+00 4.437123052422644985e-05 9.060586529172477421e-01 2.814462081379472402e-01 9.828040238690174402e-01 1.030446628499963824e+00 2.103078493170661700e-01 
3.398791985820005301e+00 6.138071671402911306e+03 5.206962264126110000e+14 1.845611563973309654e+33 1.339095851070770714e-03 1.291278630192720337e-07 6.626574592544377083e+03 1.147496977721783624e+05 1.748455667425715898e+00 4.237742695430768083e-05 8.252095232834757432e-01 2.693450867562252604e-01 9.827950526847769597e-01 1.028286517864160698e+00 1.935671028407285610e-01 
3.362121702959959713e+00 6.109874034952114926e+03 5.111938685904533750e+14 1.811930387517674852e+33 1.303384626355580996e-03 1.312214815175832200e-07 6.564006303022532848e+03 1.155091589588863135e+05 1.661096264154113600e+00 4.053118546384067118e-05 7.545561091518930841e-01 2.576035362246781868e-01 9.828922338813858017e-01 1.026315474248567172e+00 1.785374448674192094e-01 
3.325167515381611150e+00 6.081805935389118531e+03 5.018649224421277500e+14 1.778863870001969998e+33 1.268489903288456001e-03 1.333242739607795667e-07 6.504397491577460642e+03 1.162943984453927842e+05 1.582811653797143503e+00 3.881497121102747867e-05 6.924267102181256295e-01 2.462313367415107368e-01 9.830764473166965223e-01 1.024512140323787346e+00 1.649911142993506497e-01 
3.288003982819857729e+00 6.053866777635485050e+03 4.927062233205855625e+14 1.746400794311700206e+33 1.234401128685911958e-03 1.354397070133686115e-07 6.447458188521160082e+03 1.171054306788359099e+05 1.512379651356432930e+00 3.721404448525752524e-05 6.374811482946228791e-01 2.352345711913573778e-01 9.833316628771956447e-01 1.022858302398086616e+00 1.527384074772740463e-01 
3.250696762148299612e+00 6.026055969346519305e+03 4.837146643314755625e+14 1.714530148037226387e+33 1.201107359896709092e-03 1.375709030706055963e-07 6.392935675935858853e+03 1.179422526667211059e+05 1.448782817366724318e+00 3.571590759465917620e-05 5.886342701579334591e-01 2.246161786623141199e-01 9.836442253221751031e-01 1.021338121223262174e+00 1.416199978510989110e-01 
3.213304353496281962e+00 5.998372920898669690e+03 4.748871952791816875e+14 1.683241119737989441e+33 1.168597474429139806e-03 1.397206705730783566e-07 6.340608756935288511e+03 1.188048343313505466e+05 1.391168014726239521e+00 3.430990234314000657e-05 5.449999327765058244e-01 2.143765384218364878e-01 9.840026365078823334e-01 1.019937948914436010e+00 1.315011687946837649e-01 
3.175878674248778122e+00 5.970817045377075374e+03 4.662208216321258750e+14 1.652523095275017661e+33 1.136860271999354200e-03 1.418915262789653633e-07 6.290283196855023562e+03 1.196931107723369787e+05 1.338814715199418526e+00 3.298689284134218589e-05 5.058488931635153341e-01 2.045139232086440606e-01 9.843971709491005084e-01 1.018645927769211923e+00 1.222672785697915127e-01 
3.138465893895434178e+00 5.943387758563075295e+03 4.577126035069206250e+14 1.622365654210248247e+33 1.105884135517982156e-03 1.440857771422226244e-07 6.241787431636510519e+03 1.206070189779412758e+05 1.291110548837992589e+00 3.173898869505497147e-05 4.705763696153117959e-01 1.950247461916936043e-01 9.848195846508048801e-01 1.017451677095865259e+00 1.138201540270566969e-01 
3.101107256378687005e+00 5.916084478921869959e+03 4.493596546710910625e+14 1.592758566271669110e+33 1.075657298281063306e-03 1.463055187032858827e-07 6.194969570173560896e+03 1.215464786209513695e+05 1.247531969488679504e+00 3.055934904267767170e-05 4.386774839887359612e-01 1.859039558479271825e-01 9.852629575026617958e-01 1.016346159991442510e+00 1.060752747435753512e-01 
3.063839125703909261e+00 5.888906627590148673e+03 4.411591415639685000e+14 1.563691787882868633e+33 1.046167845759570858e-03 1.485526864483761951e-07 6.149693474163253086e+03 1.225113921375961218e+05 1.207628614225083830e+00 2.944199079693272345e-05 4.097272634336335817e-01 1.771453283339897433e-01 9.857211712777600443e-01 1.015321124383805174e+00 9.895936356013960988e-02 
3.026694321143360344e+00 5.861853628363836833e+03 4.331082823354712500e+14 1.535155458755986603e+33 1.017403707395425497e-03 1.508290437357753059e-07 6.105838331500716777e+03 1.235016540662309417e+05 1.171011469545256034e+00 2.838168660195825312e-05 3.833669495575852126e-01 1.687416255992499337e-01 9.861892695403609022e-01 1.014369521136372798e+00 9.240876854167055787e-02 
2.989701986521585031e+00 5.834924907685896869e+03 4.252043459024262500e+14 1.507139898546840184e+33 9.893525596376810151e-04 1.531362382078484836e-07 6.063295689496482737e+03 1.245171632577372075e+05 1.137342663803494691e+00 2.737382865235895026e-05 3.592913861053407265e-01 1.606847831386774839e-01 9.866630131532245773e-01 1.013485017977090008e+00 8.636784324080114261e-02 
2.952888080524301184e+00 5.808119894634126467e+03 4.174446510220942500e+14 1.479635603571027045e+33 9.620019741191219347e-04 1.554758073314890141e-07 6.021967706115680812e+03 1.255578118324871466e+05 1.106327424017945482e+00 2.641433738677824580e-05 3.372395456730891139e-01 1.529661220090966778e-01 9.871387654942705980e-01 1.012661902004681647e+00 8.078772173333656492e-02 
2.916275767183841516e+00 5.781438020909100487e+03 4.098265653826290000e+14 1.452633243580051018e+33 9.353395196342563977e-04 1.578491658427922925e-07 5.981766334927126081e+03 1.266234758896785643e+05 1.077707507874543724e+00 2.549959696610171170e-05 3.169873073026216459e-01 1.455765001342571308e-01 9.876135000755689175e-01 1.011895099445506485e+00 7.562536053485811871e-02 
2.879885802131434414e+00 5.754878720822083778e+03 4.023475047101100000e+14 1.426123658596193432e+33 9.093525307639511177e-04 1.602576563970817939e-07 5.942612210446891368e+03 1.277140490155600855e+05 1.051255850096783018e+00 2.462638474740786422e-05 2.983413877463635955e-01 1.385063540693091955e-01 9.880847669856397397e-01 1.011180141594379078e+00 7.084271346755890986e-02 
2.843736253586023111e+00 5.728441431283053134e+03 3.950049318918870625e+14 1.400097855805201450e+33 8.840282871846711450e-04 1.627025595811110426e-07 5.904432626615887784e+03 1.288294201621242682e+05 1.026771826804828480e+00 2.379180566185976290e-05 2.811338729751916010e-01 1.317458802337673207e-01 9.885502994936363752e-01 1.010512737112717385e+00 6.640594932539935213e-02 
2.807843562507776447e+00 5.702125591788777456e+03 3.877963561159232500e+14 1.374547006505682834e+33 8.593540520916741806e-04 1.651850683658042163e-07 5.867162217974526357e+03 1.299694792766578175e+05 1.004077834719497853e+00 2.299327191217812882e-05 2.652189524373988472e-01 1.252850931794191047e-01 9.890084346302280283e-01 1.009889267740908592e+00 6.228500017307948139e-02 
# Sigma_plus_index = 69  Sigma_minus_index = 90
# Non-converged_fits = 0