# Sigma0 	Teff 	Mdot 	F 	z0r 	rho_c 	T_c 	P_c 	tau 	PradPgas_c 	varkappa_c 	Pi1 	Pi2 	Pi3 	Pi4
# All values are in CGS units.
# M = 2.011658e+00 Msun, alpha = 1, r = 1.000000e+10 cm, r = 16832.386518751366 rg, structure = BellLin, mu = 0.62
1.248971995768284060e+01 1.000000000000000000e+04 1.803439570257686800e+16 2.907351116975877209e+34 2.491813621863204001e-02 3.881270029485254136e-08 3.103500472598491615e+04 1.615355706169732148e+05 2.233923041882223401e+02 1.448334458967639495e-02 3.465117399201695747e+01 3.926065976155889370e+00 6.457037234704920969e-01 1.139657407918569065e+00 4.373555751331252295e-01 
1.233372226072322242e+01 9.954061083088736268e+03 1.770528004477206800e+16 2.854293903908498768e+34 2.471734941138788166e-02 3.847437507800916824e-08 3.085088161305415633e+04 1.591774889215771691e+05 2.221298792960256492e+02 1.435219868314521925e-02 3.486183603987019808e+01 3.886607274267900980e+00 6.484712066541109543e-01 1.139394693589596885e+00 4.368643299253236467e-01 
1.217953981615397119e+01 9.908333204586158899e+03 1.738217052756644000e+16 2.802204949487969271e+34 2.451585263894877006e-02 3.813971311245790475e-08 3.066812183109581019e+04 1.568581531690038100e+05 2.208898783929272156e+02 1.422235099219183035e-02 3.507367460555555283e+01 3.846775725914411304e+00 6.512930738016933230e-01 1.139131088588463570e+00 4.363521465427827040e-01 
1.202715494952995634e+01 9.862815395004698075e+03 1.706495754291190000e+16 2.751066583641707531e+34 2.431361830050145917e-02 3.780872118062272678e-08 3.048672926125567392e+04 1.545771578635772748e+05 2.196747390958819892e+02 1.409378975138312826e-02 3.528669923806397435e+01 3.806566762019242933e+00 6.541710605917642196e-01 1.138867305750794756e+00 4.358183377240586465e-01 
1.187654761488999178e+01 9.817506689310463116e+03 1.675353348303363600e+16 2.700861458764090436e+34 2.411065316778080586e-02 3.748140187280655382e-08 3.030670647909424952e+04 1.523340765913875948e+05 2.184354980611593930e+02 1.396650294766817527e-02 3.550091982381555766e+01 3.765987030710146843e+00 6.571059760385493664e-01 1.138603780599431348e+00 4.352621955464358039e-01 
1.172770068224892093e+01 9.772406126902860706e+03 1.644779270392698200e+16 2.651572543831731756e+34 2.390694200309218670e-02 3.715776698814362599e-08 3.012805555807675773e+04 1.501285209850175888e+05 2.171199425604941098e+02 1.384047446390350954e-02 3.571635694014251072e+01 3.725036621388269520e+00 6.600992550317761332e-01 1.138341194407464396e+00 4.346832638280726524e-01 
1.158059739744766148e+01 9.727512751594169458e+03 1.614763148951953600e+16 2.603183118626004794e+34 2.370247296439058002e-02 3.683782823185353777e-08 2.995078013454519896e+04 1.479601125905421795e+05 2.158251625394922826e+02 1.371569039948885432e-02 3.593302748722233275e+01 3.683716772922589477e+00 6.631523140893887946e-01 1.138080326188016356e+00 4.340809516385529809e-01 
1.143521857930753072e+01 9.682825611589285472e+03 1.585294801648780200e+16 2.555676768061082705e+34 2.349725773445759947e-02 3.652159320850108447e-08 2.977488260471556714e+04 1.458284528522644541e+05 2.145517914417941086e+02 1.359213669176025270e-02 3.615094893383389518e+01 3.642036467159918800e+00 6.662658892862500792e-01 1.137821667394433911e+00 4.334546417736809820e-01 
1.129155019374193003e+01 9.638343759465578842e+03 1.556364231971603400e+16 2.509037376615507489e+34 2.329127041352060945e-02 3.620908289437712246e-08 2.960036660403206770e+04 1.437332052885435114e+05 2.133014121864400465e+02 1.346979602756507438e-02 3.637014911260735772e+01 3.599993151764552035e+00 6.694418690109176229e-01 1.137566259791497725e+00 4.328039490291043512e-01 
1.114957407602541295e+01 9.594066252152739253e+03 1.527961625838472200e+16 2.463249122865266340e+34 2.308452305852216543e-02 3.590030724528483231e-08 2.942723632707555225e+04 1.416739941752606828e+05 2.120751273413911235e+02 1.334865597530996047e-02 3.659064446411213822e+01 3.557596251968017764e+00 6.726810757089966009e-01 1.137314764693380109e+00 4.321281485435640168e-01 
1.100927683680957081e+01 9.549992150912858051e+03 1.500077348267892000e+16 2.418296474116792619e+34 2.287699728231884846e-02 3.559529163440549472e-08 2.925549469691163540e+04 1.396505007423919160e+05 2.108749963774905609e+02 1.322869665842765080e-02 3.681247195156824148e+01 3.514846254638699818e+00 6.759852516382380827e-01 1.137068271885575355e+00 4.314270027179337719e-01 
1.087064121762285929e+01 9.506120521320448461e+03 1.472701940110310800e+16 2.374164181137748415e+34 2.266870625476154547e-02 3.529405193769732697e-08 2.908514471975560446e+04 1.376623709432065953e+05 2.097026271198269853e+02 1.310990188771098651e-02 3.703566030408744325e+01 3.471753643597144556e+00 6.793552113915686252e-01 1.136827489691980997e+00 4.307000069632705430e-01 
1.073365649535239363e+01 9.462450433242707732e+03 1.445826114839350000e+16 2.330837272984118472e+34 2.245962274563770983e-02 3.499661813362586930e-08 2.891619296108427807e+04 1.357093244044119201e+05 2.085611500239073166e+02 1.299225507960165803e-02 3.726024313123929232e+01 3.428316387046886682e+00 6.827931588332968316e-01 1.136593953380438560e+00 4.299467466124661241e-01 
1.059830565302253547e+01 9.418980960819737447e+03 1.419440755401510000e+16 2.288301051921578048e+34 2.224976617974947640e-02 3.470301119958613182e-08 2.874864064903024337e+04 1.337910217111873790e+05 2.074530000919872066e+02 1.287573581816122727e-02 3.748626337403567277e+01 3.384547709885735056e+00 6.862997376462407484e-01 1.136368340718591163e+00 4.291669677780445835e-01 
1.046457864928397008e+01 9.375711182444940277e+03 1.393536911123419400e+16 2.246541088439621610e+34 2.203911680730546996e-02 3.441326631798838149e-08 2.858249325469476389e+04 1.319071996993679786e+05 2.063827086436744480e+02 1.276032419291544054e-02 3.771376756444127665e+01 3.340448679793206033e+00 6.898770039905830487e-01 1.136152250370467742e+00 4.283604697966136299e-01 
1.033245997904333358e+01 9.332640180745505859e+03 1.368105794675524200e+16 2.205543216356684710e+34 2.182769240912250247e-02 3.412740800232733832e-08 2.841775399144821858e+04 1.300575445743464370e+05 2.053546173414515010e+02 1.264600126980289750e-02 3.794280026641345671e+01 3.296032363507302776e+00 6.935257750350850570e-01 1.135946626653067115e+00 4.275269282772381496e-01 
1.020194305767762799e+01 9.289767042562896677e+03 1.343138779091133800e+16 2.165293528014501977e+34 2.161546289955582761e-02 3.384548289652783963e-08 2.825442834081785259e+04 1.282418384213181125e+05 2.043767421343976309e+02 1.253274301209214570e-02 3.817342523967744228e+01 3.251297419310101411e+00 6.972485891897769461e-01 1.135753496110420091e+00 4.266664517433785275e-01 
1.007301093322247709e+01 9.247090858933566778e+03 1.318627394839952000e+16 2.125778369560306669e+34 2.140246172659423726e-02 3.356751653710014859e-08 2.809251758433985015e+04 1.264597644353840442e+05 2.033743598969535640e+02 1.242052768941239241e-02 3.840569970149619650e+01 3.206262487742308487e+00 7.010457633014605117e-01 1.135573604757289967e+00 4.257788822764843051e-01 
9.945660397595531776e+00 9.204610725069620457e+03 1.294563326954928400e+16 2.086984336314984205e+34 2.118865323472575793e-02 3.329356464934586680e-08 2.793202857391740690e+04 1.247111458503753529e+05 2.021112915229624889e+02 1.230932990145733492e-02 3.863969904078055606e+01 3.160925130770188662e+00 7.049202397773545181e-01 1.135409483625226867e+00 4.248644877475458714e-01 
9.819872872959935606e+00 9.162325740339661934e+03 1.270938412211599800e+16 2.048898268225848293e+34 2.097408617516727941e-02 3.302365248043645243e-08 2.777296118810593543e+04 1.229956602625929663e+05 2.008990141078483305e+02 1.219912639593816357e-02 3.887549094910389869e+01 3.115309289430834738e+00 7.088718270828543444e-01 1.135261681697898650e+00 4.239232058964231276e-01 
9.695648829869455199e+00 9.120235008249721432e+03 1.247744636358902200e+16 2.011507245402392593e+34 2.075871647003908402e-02 3.275784770063967598e-08 2.761532239136885983e+04 1.213131759780200082e+05 1.997392540345080931e+02 1.208988774449261741e-02 3.911317133193799123e+01 3.069410754546701980e+00 7.129039564465913248e-01 1.135133245271118474e+00 4.229556495367446378e-01 
9.572974129255548803e+00 9.078337636424193988e+03 1.224974131400475200e+16 1.974798583733441858e+34 2.054257810601908818e-02 3.249618823348623564e-08 2.745911310660264280e+04 1.196634234079914895e+05 1.986327536401450686e+02 1.198158770137892383e-02 3.935282645394935486e+01 3.023249546169030744e+00 7.170171128320412812e-01 1.135025343872279713e+00 4.219620474997524684e-01 
9.451848780749060097e+00 9.036632736586983810e+03 1.202619172925646000e+16 1.938759830584392618e+34 2.032564459470422025e-02 3.223874428444090928e-08 2.730433874733370976e+04 1.180462720280119538e+05 1.975836636788880014e+02 1.187419419413446309e-02 3.959456944296250924e+01 2.976827648440631524e+00 7.212142917530279806e-01 1.134941036697370231e+00 4.209432419279503512e-01 
9.332252484957248129e+00 8.995119424542615889e+03 1.180672177489057200e+16 1.903378760572873508e+34 2.010798247747310266e-02 3.198554607019409701e-08 2.715099543422490024e+04 1.164614041088878294e+05 1.965937079146715689e+02 1.176767797498479498e-02 3.983850306737497959e+01 2.930175667697734188e+00 7.254946544210738590e-01 1.134880629181844958e+00 4.198996144090809679e-01 
9.214190554856658721e+00 8.953796820157509501e+03 1.159125700038153800e+16 1.868643371421559565e+34 1.988955131383697908e-02 3.173667776799699232e-08 2.699909030708263890e+04 1.149087471166181494e+05 1.956710613491415245e+02 1.166200456162255934e-02 4.008476126127094119e+01 2.883291958066671157e+00 7.298619875125876844e-01 1.134848007742447873e+00 4.188323144240597706e-01 
9.097658830895522186e+00 8.912664047341353580e+03 1.137972431387627200e+16 1.834541879886685269e+34 1.967035909972101454e-02 3.149220751546093209e-08 2.684862423133573247e+04 1.133881414257384895e+05 1.948248426141020389e+02 1.155713749508384056e-02 4.033348704131230278e+01 2.836190126788807220e+00 7.343181417158631819e-01 1.134845749215654731e+00 4.177425306997784582e-01 
8.982652709285517290e+00 8.871720234028462073e+03 1.117205195739890000e+16 1.801062717760769082e+34 1.945042099833666632e-02 3.125220319671425939e-08 2.669959810577234020e+04 1.118994260951269389e+05 1.940682220427709979e+02 1.145304080566867874e-02 4.058482913406135140e+01 2.788886131683063319e+00 7.388647850507309434e-01 1.134876453451202138e+00 4.166314621245352234e-01 
8.869159522287032971e+00 8.830964512159360311e+03 1.096816948250879800e+16 1.768194527948406901e+34 1.922978401298673645e-02 3.101672033687527587e-08 2.655200715085028787e+04 1.104423721622737212e+05 1.934186701284090191e+02 1.134967614987927691e-02 4.083894802327854734e+01 2.741405854763009575e+00 7.435020838071523253e-01 1.134941519475545890e+00 4.155003766663307174e-01 
8.757187626663935021e+00 8.790396017662311351e+03 1.076800772640208400e+16 1.735926160613561427e+34 1.900842299138361460e-02 3.078585712907641196e-08 2.640585617533115510e+04 1.090169427567657840e+05 1.925139650024890727e+02 1.124700234345116234e-02 4.109603015687440575e+01 2.693753762399493823e+00 7.482337984873214110e-01 1.135045500272582997e+00 4.143511538807487793e-01 
8.646733550771985577e+00 8.750013890435060603e+03 1.057149878844993600e+16 1.704246669397269419e+34 1.878636378340358890e-02 3.055969431754829640e-08 2.626114006940359832e+04 1.076229959248362138e+05 1.912551355249529195e+02 1.114497239939438167e-02 4.135628523176882965e+01 2.645950238104039176e+00 7.530613302145636734e-01 1.135191130668833814e+00 4.131859451092600444e-01 
8.537791273004691206e+00 8.709817274326551342e+03 1.037857600716449600e+16 1.673145307704281222e+34 1.856364164015602766e-02 3.033830514837021323e-08 2.611785555068987014e+04 1.062603706391374581e+05 1.901364897642333176e+02 1.104354502975298316e-02 4.161991413644217630e+01 2.598018235686600175e+00 7.579857591328966748e-01 1.135380977753864817e+00 4.120065332612665721e-01 
8.430371045088515203e+00 8.669805317118783933e+03 1.018917393758543000e+16 1.642611525057515815e+34 1.834024487789138319e-02 3.012180160229763605e-08 2.597600192845732454e+04 1.049290515079140605e+05 1.891516812333742905e+02 1.094266879811975693e-02 4.188716867092406204e+01 2.549967495360993652e+00 7.630106857780453167e-01 1.135619974922046360e+00 4.108157843256323716e-01 
8.324462723239543394e+00 8.629977170508787822e+03 1.000322832907930000e+16 1.612634963519065497e+34 1.811623227574155406e-02 2.991025416217927691e-08 2.583557046801110846e+04 1.036288442403843073e+05 1.882986125702853428e+02 1.084229795481830676e-02 4.215828554057434729e+01 2.501828399869680197e+00 7.681362014657889814e-01 1.135910115910352403e+00 4.096158899692372568e-01 
8.220078031606092850e+00 8.590331990090568070e+03 9.820676103543574000e+15 1.583205454176432633e+34 1.789160004498076967e-02 2.970378336269560651e-08 2.569655701327712450e+04 1.023597466013011581e+05 1.875868998975645923e+02 1.074237525301893065e-02 4.243356256505980184e+01 2.453613600844564147e+00 7.733658567189094502e-01 1.136256650984714955e+00 4.084103636850157648e-01 
8.117214475972819088e+00 8.550868935337273797e+03 9.641455334009066000e+15 1.554313013692997047e+34 1.766639128937555828e-02 2.950248153287953404e-08 2.555895198000969322e+04 1.011216354267588031e+05 1.870335196899198706e+02 1.064284785298807122e-02 4.271329154431992237e+01 2.405349346700766500e+00 7.787008218259552361e-01 1.136662810354696962e+00 4.072022496209049547e-01 
8.015884618936748751e+00 8.511587169583317518e+03 9.465505223632228000e+15 1.525947840921334234e+34 1.744061355836687768e-02 2.930647712194538559e-08 2.542274642977182884e+04 9.991451329111195810e+04 1.866758063243152606e+02 1.054365182757870632e-02 4.299782521861730800e+01 2.357052164021728569e+00 7.841444744968669722e-01 1.137134081491393722e+00 4.059958231528394967e-01 
7.916081453495322329e+00 8.472485860006661824e+03 9.292766085071232000e+15 1.498100313578402336e+34 1.721433103293628156e-02 2.911585143362265825e-08 2.528793104429650339e+04 9.873821888929106353e+04 1.862890140292309695e+02 1.044474101585908532e-02 4.328746231391478716e+01 2.308753960170184971e+00 7.896972282824987754e-01 1.137673362875877503e+00 4.047938200963158706e-01 
7.817826464532177333e+00 8.433564177611189734e+03 9.123179320238436000e+15 1.470760984981409003e+34 1.698753947777735182e-02 2.893076385411572427e-08 2.515448981312449541e+04 9.759282942233678477e+04 1.848867711146635031e+02 1.034603431085951743e-02 4.358265752395180925e+01 2.260468830513309157e+00 7.953634890136143110e-01 1.138287439504110710e+00 4.036022459107544424e-01 
7.721109580699430985e+00 8.394821297209071417e+03 8.956687400421953000e+15 1.443920580843179593e+34 1.676031905867689589e-02 2.875129044830032378e-08 2.502241143065259530e+04 9.647815690614140476e+04 1.838131542380476162e+02 1.024748791632481594e-02 4.388373710644022907e+01 2.212232881713619648e+00 8.011431001686856179e-01 1.138978990877175690e+00 4.024239105254355797e-01 
7.625953312818713137e+00 8.356256397403332812e+03 8.793233846770552000e+15 1.417569996126100485e+34 1.653267559611851234e-02 2.857759623772903771e-08 2.489167655620075675e+04 9.539428135237780225e+04 1.830269654548309575e+02 1.014901807827754514e-02 4.419121007690122127e+01 2.164063063595249581e+00 8.070404568563299685e-01 1.139755216765390378e+00 4.012654286965128825e-01 
7.532359650099467174e+00 8.317868660570378779e+03 8.632763211134121000e+15 1.391700291953382185e+34 1.630466864931335788e-02 2.840979369841076737e-08 2.476226805620322921e+04 9.434111313866922865e+04 1.825184643972016829e+02 1.005056453471960508e-02 4.450551384218505291e+01 2.115990130527823254e+00 8.130570037621167589e-01 1.140620650720419293e+00 4.001314574926834733e-01 
7.440343250144788811e+00 8.279657272842696329e+03 8.475221057254237000e+15 1.366302692576763243e+34 1.607633611082005809e-02 2.824802928770693835e-08 2.463416438922560337e+04 9.331865821264305850e+04 1.823172853474393094e+02 9.952051749707898146e-03 4.482717474312482864e+01 2.068039279654757312e+00 8.191958501583942454e-01 1.141581710810777306e+00 3.990283158656118823e-01 
7.349919516557858579e+00 8.241621424091608787e+03 8.320553942297849000e+15 1.341368582399529039e+34 1.584771818750040431e-02 2.809245438415496852e-08 2.450734190527077953e+04 9.232692887927536503e+04 1.825139483444120287e+02 9.853402409433798317e-03 4.515675616169918527e+01 2.020236234008017551e+00 8.254602482082716852e-01 1.142645096112146819e+00 3.979627321040346555e-01 
7.261092114319549040e+00 8.203760307910057236e+03 8.168709398727755000e+15 1.316889503053824870e+34 1.561888504106109798e-02 2.794319281039187274e-08 2.438177503557442833e+04 9.136583819612738444e+04 1.812582776572837702e+02 9.754549272722446568e-03 4.549480664213556480e+01 1.972614121949655575e+00 8.318516737108244685e-01 1.143815855934255721e+00 3.969406885714995004e-01 
7.173884464740583056e+00 8.166073121595555676e+03 8.019635916504311000e+15 1.292857150531367752e+34 1.538987344718791180e-02 2.780041673119411209e-08 2.425743598185617520e+04 9.043544825305699487e+04 1.801241248888707105e+02 9.655408450689838620e-03 4.584198368530498158e+01 1.925197312206600397e+00 8.383744370932713075e-01 1.145102255681351267e+00 3.959702326999001709e-01 
7.088307069676059058e+00 8.128559066133118904e+03 7.873282925611537000e+15 1.269263372366454275e+34 1.516075001204091922e-02 2.766427224969425455e-08 2.413429199549247642e+04 8.953571546948446485e+04 1.795296342166845989e+02 9.555902576282401806e-03 4.619894947808146668e+01 1.878017598136093369e+00 8.450309018914129444e-01 1.146510600882478137e+00 3.950589561267124350e-01 
7.004382724735168431e+00 8.091217346178379557e+03 7.729600778902527000e+15 1.246100164870444564e+34 1.493156471817781022e-02 2.753493244547397924e-08 2.401231048772776921e+04 8.866668285096276668e+04 1.794445881883258380e+02 9.455948763525496778e-03 4.656643466350715244e+01 1.831102010098611288e+00 8.518253027497649787e-01 1.148049465382619871e+00 3.942155946979625791e-01 
6.922118959313182884e+00 8.054047170040672427e+03 7.588540735257507000e+15 1.223359670416648506e+34 1.470239815522307592e-02 2.741253742095642905e-08 2.389145544234747285e+04 8.782827245092953672e+04 1.799662344717209237e+02 9.355475357486039284e-03 4.694515731860377628e+01 1.784484698067399178e+00 8.587596803017931713e-01 1.149725102674008514e+00 3.934480341006055260e-01 
6.841552260560155752e+00 8.017047749666274285e+03 7.450054943049538000e+15 1.201034174774806744e+34 1.447329034610987317e-02 2.729730044520930424e-08 2.377168273750660592e+04 8.702060949747500126e+04 1.788223146860660506e+02 9.254380487272095487e-03 4.733602706968073903e+01 1.738189811400966844e+00 8.658400664962134785e-01 1.151548452334215211e+00 3.927678298673735191e-01 
6.762684184100110407e+00 7.980218300621718299e+03 7.314096423911946000e+15 1.179116104494215958e+34 1.424433994006411852e-02 2.718934646924641322e-08 2.365295436691501527e+04 8.624355665520852199e+04 1.777587808979364752e+02 9.152604320162920429e-03 4.773980370547500485e+01 1.692254350375895555e+00 8.730678829226840021e-01 1.153525338030292779e+00 3.921827821374395118e-01 
6.685551576697954523e+00 7.943558042077109349e+03 7.180619056801713000e+15 1.157598024334563892e+34 1.401559742532794764e-02 2.708889351531540393e-08 2.353521877069098991e+04 8.549722150203783531e+04 1.775667049619558497e+02 9.050044769716925758e-03 4.815750654674868514e+01 1.646703858100594609e+00 8.804493299651341420e-01 1.155667170407604694e+00 3.917056596621078524e-01 
6.610176468471347988e+00 7.907066196789630339e+03 7.049577562354114000e+15 1.136472634743717795e+34 1.378714163369445557e-02 2.699611957690512465e-08 2.341842728175140292e+04 8.478159142151489505e+04 1.782508408164599985e+02 8.946622413938077820e-03 4.859010780424629417e+01 1.601569453850355540e+00 8.879887790320765140e-01 1.157983447233479568e+00 3.913477026880798348e-01 
6.536575722348246131e+00 7.870741991087012138e+03 6.920927487522460000e+15 1.115732769381475924e+34 1.355906141291201086e-02 2.691119151427419764e-08 2.330252876817985816e+04 8.409660726791759953e+04 1.775210686287186377e+02 8.842264588974781125e-03 4.903860872144269223e+01 1.556883635739314542e+00 8.956900426776308599e-01 1.160483027307531056e+00 3.911201641691199327e-01 
6.464794915073579951e+00 7.834584654851149935e+03 6.794625190498428000e+15 1.095371392688550694e+34 1.333141409044061657e-02 2.683435355072544399e-08 2.318745759350236767e+04 8.344239592117028951e+04 1.764607076044397331e+02 8.736863194741461766e-03 4.950426656824220117e+01 1.512671524411758783e+00 9.035608404254874548e-01 1.163179517998160994e+00 3.910389685851090036e-01 
6.394840808424804734e+00 7.798593421501802368e+03 6.670627825907583000e+15 1.075381597499918554e+34 1.310431001096874423e-02 2.676574517908931196e-08 2.307316138946706997e+04 8.281880092828314810e+04 1.767122663197566794e+02 8.630366664628809012e-03 4.998812348769298808e+01 1.468968198033494543e+00 9.116040466504665707e-01 1.166080799577286164e+00 3.911150690878983371e-01 
6.326769460339193074e+00 7.762767527980284285e+03 6.548893330274808000e+15 1.055756602701680197e+34 1.287780579346492309e-02 2.670563878190915143e-08 2.295956298709307521e+04 8.222598477215839375e+04 1.778376427888501894e+02 8.522659870019251224e-03 5.049164537848908196e+01 1.425796959024580479e+00 9.198291575822503674e-01 1.169202796190335514e+00 3.913674131347263385e-01 
6.260590589571669362e+00 7.727106214733349589e+03 6.429380407755373000e+15 1.036489750930745465e+34 1.265201505144920163e-02 2.665418361764825301e-08 2.284660156718843064e+04 8.166378192963180481e+04 1.759372684973866114e+02 8.413694004538790558e-03 5.101603466239699003e+01 1.383191389278083383e+00 9.282398804934238745e-01 1.172554394100220554e+00 3.918089713380207839e-01 
6.196353535646490940e+00 7.691608725697026784e+03 6.312048516125988000e+15 1.017574506316430867e+34 1.242701181290453184e-02 2.661163394001713962e-08 2.273419614728341912e+04 8.113227220663035405e+04 1.761086081751764709e+02 8.303372895293960332e-03 5.156285642790247437e+01 1.341176141620627815e+00 9.368454265333119313e-01 1.176151203607893825e+00 3.924594184601802316e-01 
6.134094078708719699e+00 7.656274308280651894e+03 6.196857853031919000e+15 9.990044522633372236e+33 1.220288968087010484e-02 2.657821005919777505e-08 2.262226603321528455e+04 8.063142411268490832e+04 1.773350883863077456e+02 8.191621196784794681e-03 5.213367476525244371e+01 1.299778654386281485e+00 9.456534737057398221e-01 1.180006940605820231e+00 3.933376924409553999e-01 
6.073850229627058006e+00 7.621102213350856800e+03 6.083769342484707000e+15 9.807732892746269506e+33 1.197974344542882333e-02 2.655413920994500270e-08 2.251072545020020698e+04 8.016120084275232512e+04 1.755571035533215820e+02 8.078365908201688012e-03 5.273016410577162816e+01 1.259025332577070611e+00 9.546723359698934264e-01 1.184136038570844596e+00 3.944642585003917401e-01 
6.015666633642402061e+00 7.586091695215711297e+03 5.972744621606541000e+15 9.628748328150656013e+33 1.175766587450564893e-02 2.653966483515279750e-08 2.239948246387773543e+04 7.972158298568573082e+04 1.764765303754209924e+02 7.963533168845999752e-03 5.335414146129464541e+01 1.218940884250379719e+00 9.639116233292329694e-01 1.188554481801571416e+00 3.958617938130414293e-01 
5.959590044154614574e+00 7.551242011608936082e+03 5.863746027616540000e+15 9.453030112130616739e+33 1.153675147129282208e-02 2.653504055244519343e-08 2.228843668505940150e+04 7.931254015220735164e+04 1.760006757680976932e+02 7.847048615504656488e-03 5.400757780646789996e+01 1.179549190855324170e+00 9.733815219417087938e-01 1.193278855075424971e+00 3.975552448135220018e-01 
5.905667102280792058e+00 7.516552423674113925e+03 5.756736585054295000e+15 9.280518636009541265e+33 1.131709844722806474e-02 2.654051829236138032e-08 2.217748508604063682e+04 7.893401449428028718e+04 1.759003587286255765e+02 7.728847935640127502e-03 5.469254935367912651e+01 1.140873309595114904e+00 9.830927047450661593e-01 1.198326231698406241e+00 3.995710233064002082e-01 
5.853946972514367353e+00 7.482022195949080924e+03 5.651679993236891000e+15 9.111155378929425503e+33 1.109880513657785298e-02 2.655636003386592106e-08 2.206651776787050039e+04 7.858593916324235033e+04 1.767138449714558703e+02 7.608869569786365535e-03 5.541129593242401796e+01 1.102934918162676858e+00 9.930566272315679566e-01 1.203714469205123372e+00 4.019380487380592726e-01 
5.804497893777585737e+00 7.447650596350286833e+03 5.548540613944540000e+15 8.944882887998681713e+33 1.088195969264810388e-02 2.658288260475258888e-08 2.195540667003647832e+04 7.826832769860829285e+04 1.759469876116425553e+02 7.487031471354284491e-03 5.616639935927154426e+01 1.065752831037535264e+00 1.003287672378571305e+00 1.209465022816548441e+00 4.046911896780459039e-01 
5.757356908982099952e+00 7.413436896157292722e+03 5.447283459331120000e+15 8.781644758802557335e+33 1.066667484519108651e-02 2.662031917288346639e-08 2.184403852630254551e+04 7.798097980960874702e+04 1.769754217105100054e+02 7.363305473505009184e-03 5.696030216978807914e+01 1.029348110620775802e+00 1.013796628177533243e+00 1.215594462591335967e+00 4.078621077350216284e-01 
5.712614286441431766e+00 7.379380369997345952e+03 5.347874180055362000e+15 8.621385616269245083e+33 1.045302981760041529e-02 2.666906002892074029e-08 2.173225396877802996e+04 7.772397012291198189e+04 1.764482300919046338e+02 7.237588393208933824e-03 5.779621842639228646e+01 9.937357218315715501e-01 1.024601548330817735e+00 1.222128554110558429e+00 4.114964582266446569e-01 
5.670314213480689425e+00 7.345480295829946044e+03 5.250279053628411000e+15 8.464051095884815211e+33 1.024113518931247906e-02 2.672936313012915609e-08 2.161992706128069767e+04 7.749707857778920152e+04 1.767266689166695244e+02 7.109864712339737138e-03 5.867702920681720968e+01 9.589331742897984068e-01 1.035715365994599679e+00 1.229086043783375715e+00 4.156333752144488192e-01 
5.630548806911122917e+00 7.311735954931599736e+03 5.154464972974364000e+15 8.309587825251488950e+33 1.003107565563393817e-02 2.680163849218111128e-08 2.150687901361940021e+04 7.730030946434357611e+04 1.777985586452043094e+02 6.980043123345539523e-03 5.960647863688296155e+01 9.249536610770944245e-01 1.047157194238621969e+00 1.236493576465459654e+00 4.203275920369128338e-01 
5.593382258348873926e+00 7.278146631880529640e+03 5.060399435199240000e+15 8.157943405981944762e+33 9.822952610232048298e-03 2.688621928835487401e-08 2.139295090855238959e+04 7.713348016540519893e+04 1.768698159214012264e+02 6.848092564326608081e-03 6.058822536379113188e+01 8.918106838883795850e-01 1.058943330851637166e+00 1.244373696721003064e+00 4.256321598192644440e-01 
5.558918512987111704e+00 7.244711614541526615e+03 4.968050530565133000e+15 8.009066395924377010e+33 9.616849122118294874e-03 2.698357021882706147e-08 2.127793576301756184e+04 7.699657374393884675e+04 1.779489898050129000e+02 6.713922813473376106e-03 6.162679866701248699e+01 8.595145957996781494e-01 1.071095263192189062e+00 1.252755580818323056e+00 4.316160921960434660e-01 
5.527227244894935332e+00 7.211430194050876707e+03 4.877386931665568000e+15 7.862906291711936020e+33 9.412865788523436944e-03 2.709405623762821346e-08 2.116165755849315610e+04 7.688935287446652364e+04 1.790812386513418630e+02 6.577521762705360910e-03 6.272656603402360531e+01 8.280757034674511852e-01 1.083631024398621578e+00 1.261663370580559995e+00 4.383459478246136132e-01 
5.498426723398368132e+00 7.178301664801280822e+03 4.788377882798205000e+15 7.719413511630309907e+33 9.211082493596712759e-03 2.721822382850204108e-08 2.104386677847438841e+04 7.681177843165374361e+04 1.782916469722025852e+02 6.438787983587741272e-03 6.389316458452558578e+01 7.975017656360219309e-01 1.096574122588315658e+00 1.271128363957334972e+00 4.459115931298017754e-01 
5.472615788258037739e+00 7.145325324426951738e+03 4.700993189531776000e+15 7.578539378798431819e+33 9.011588219323792698e-03 2.735656735070013389e-08 2.092433247549792941e+04 7.676366645050178340e+04 1.784041995287392410e+02 6.297678835295002567e-03 6.513236475149669502e+01 7.677994799112620727e-01 1.109946440351797348e+00 1.281179244654345961e+00 4.544066316150344731e-01 
5.449927574061564250e+00 7.112500473788671115e+03 4.615203208463122000e+15 7.440236104655649852e+33 8.814460598076714545e-03 2.750972057095301986e-08 2.080276513154819258e+04 7.674493815532483859e+04 1.790080008598266375e+02 6.154096374246078964e-03 6.645115941713808638e+01 7.389739607642626940e-01 1.123773574182758805e+00 1.291849563491377806e+00 4.639482491281086141e-01 
5.430468510348668509e+00 7.079826416958993832e+03 4.530978837161373000e+15 7.304456772750593465e+33 8.619786957350529522e-03 2.767825522767674534e-08 2.067889666450697405e+04 7.675533442996151280e+04 1.797571546440440216e+02 6.008010098409270576e-03 6.785675505247691319e+01 7.110292747237402233e-01 1.138078089113856217e+00 1.303168404821370308e+00 4.746600175388811516e-01 
5.414404785194358638e+00 7.047302461207507804e+03 4.448291504295599500e+15 7.171155322825818452e+33 8.427634380402533945e-03 2.786298253604945635e-08 2.055236338547005289e+04 7.679480967155937105e+04 1.803959401953090094e+02 5.859289847339407137e-03 6.935832840081917539e+01 6.839676960586321686e-01 1.152888842805518843e+00 1.315173219842680208e+00 4.867042960706592369e-01 
5.401879489382282351e+00 7.014927916986104719e+03 4.367113159942486500e+15 7.040286535192666466e+33 8.238081691249746208e-03 2.806469306067316680e-08 2.042280124825138410e+04 7.686313663626679045e+04 1.808321950903818163e+02 5.707854719661989776e-03 7.096578347626173411e+01 6.577914965956489501e-01 1.168230403319780342e+00 1.327896031862425108e+00 5.002611497364628512e-01 
5.393069380380779876e+00 6.982702097914411752e+03 4.287416266071121500e+15 6.911806015391654770e+33 8.051196017684777301e-03 2.828433919899718838e-08 2.028978503374808861e+04 7.696016288780562172e+04 1.812099528839108018e+02 5.553586943100206549e-03 7.269085728460413520e+01 6.325012012411973528e-01 1.184130519316245245e+00 1.341372800616851046e+00 5.155506611683614571e-01 
5.388173777058814728e+00 6.950624320765184166e+03 4.209173787201162500e+15 6.785670179132371071e+33 7.867039873427801588e-03 2.852303439251269636e-08 2.015282326181425742e+04 7.708575268924576812e+04 1.818989299764788541e+02 5.396339165751555707e-03 7.454740489751047505e+01 6.080968117313465537e-01 1.200617091044856366e+00 1.355640100173254758e+00 5.328403167985592548e-01 
5.387385406211353533e+00 6.918693905449879821e+03 4.132359181231775000e+15 6.661836237508671001e+33 7.685679696464654126e-03 2.878195221652347923e-08 2.001140132462347538e+04 7.723964074735515169e+04 1.834715039189500203e+02 5.235998725175426173e-03 7.655101619639854960e+01 5.845777038906411205e-01 1.217714621729358626e+00 1.370730231916710729e+00 5.524420696460488056e-01 
5.390970560745745210e+00 6.886910175004187295e+03 4.056946390437656500e+15 6.540262182483239584e+33 7.507166503206834721e-03 2.906267079164132786e-08 1.986483707002449228e+04 7.742175743553083157e+04 1.838847011181649123e+02 5.072321519226757371e-03 7.872162502383199012e+01 5.619439442680606023e-01 1.235450626104309002e+00 1.386680748659534501e+00 5.747644943056049449e-01 
5.399191224079560314e+00 6.855272455573694060e+03 3.982909832629554000e+15 6.420906772637330403e+33 7.331553957467925459e-03 2.936688586552203595e-08 1.971241294194135844e+04 7.763189353009611659e+04 1.842240753387118275e+02 4.905109923560392604e-03 8.108203361492113004e+01 5.401948591234211339e-01 1.253847686767697089e+00 1.403523057622619419e+00 6.002944736130393366e-01 
5.412338708492522521e+00 6.823780076399626523e+03 3.910224392476114500e+15 6.303729519180598098e+33 7.158895627205033758e-03 2.969662683494755501e-08 1.955327378538305493e+04 7.786980705097364262e+04 1.854057920421671781e+02 4.734112749045588965e-03 8.366007984643681539e+01 5.193314836322454608e-01 1.272922078334706830e+00 1.421282439035283174e+00 6.296463341103953892e-01 
5.430789019569580489e+00 6.792432369804572772e+03 3.838865412983911000e+15 6.188690672215921357e+33 6.989230229460753271e-03 3.005449917415529693e-08 1.938634528130851322e+04 7.813541701705512241e+04 1.867055767948302218e+02 4.558958196125336565e-03 8.649111361607290860e+01 4.993563056737981287e-01 1.292689120208312836e+00 1.439984752403083546e+00 6.636257275356997054e-01 
5.454934227203988684e+00 6.761228671178389959e+03 3.768808687133221000e+15 6.075751207255321841e+33 6.822601903551010240e-03 3.044355344743602657e-08 1.921038336592212727e+04 7.842849304041166033e+04 1.868302992602595509e+02 4.379252909560617940e-03 8.961842550276860209e+01 4.802744869176372999e-01 1.313149427635641908e+00 1.459639694601783999e+00 7.032609045640639822e-01 
5.485244603605599067e+00 6.730168318964057107e+03 3.700030449666184000e+15 5.964872811981533783e+33 6.659045655427261665e-03 3.086759530954725963e-08 1.902387579136720160e+04 7.874886355389104574e+04 1.876352839447353347e+02 4.194512395743857890e-03 9.309696978058894956e+01 4.620940312719589160e-01 1.334293016215636341e+00 1.480246423900737796e+00 7.499123696136440476e-01 
5.522274712308182565e+00 6.699250654643678899e+03 3.632507369025008000e+15 5.856017873251469198e+33 6.498596331315981307e-03 3.133150812863843800e-08 1.882489726561076532e+04 7.909634406343028240e+04 1.888663509372953513e+02 4.004089894461407458e-03 9.699871607659524386e+01 4.448301800189694011e-01 1.356085744806017290e+00 1.501779163603011780e+00 8.054335571807823557e-01 
5.566688934359978802e+00 6.668475022724538576e+03 3.566216539437265500e+15 5.749149464336806773e+33 6.341282431612050956e-03 3.184156351291661684e-08 1.861103472218128081e+04 7.947076610024677939e+04 1.906195167948962990e+02 3.807189098019335156e-03 1.014186296213732135e+02 4.285056881429202269e-01 1.378464153301688366e+00 1.524180984990124887e+00 8.723886484905278849e-01 
5.619281751346800746e+00 6.637840770725153561e+03 3.501135473145489000e+15 5.644231332397214946e+33 6.187130931615823434e-03 3.240603465246981351e-08 1.837916460654372349e+04 7.987192564199070330e+04 1.905044329589190397e+02 3.602787811704468487e-03 1.064857799756636467e+02 4.131561352187964609e-01 1.401314493524325355e+00 1.547340857650824075e+00 9.544385066474323498e-01 
5.681018559364710008e+00 6.607347249161498439e+03 3.437242092778805500e+15 5.541227886182546350e+33 6.036168554891662742e-03 3.303610295291749022e-08 1.812515995790085799e+04 8.029955793766997522e+04 1.916320709643409543e+02 3.389565322176615447e-03 1.123806062065509650e+02 3.988361435395774701e-01 1.424446173696495066e+00 1.571064405237282635e+00 1.056987837451004220e+00 
5.753162126349186778e+00 6.576993811533181542e+03 3.374514723863534500e+15 5.440104183959071424e+33 5.888416001859163480e-03 3.374778879816957936e-08 1.784322945624361455e+04 8.075348585792188533e+04 1.926071470657537077e+02 3.165645892641084664e-03 1.193690399359316103e+02 3.856328983672862032e-01 1.447547455805192174e+00 1.595026383261807235e+00 1.188462496526667689e+00 
5.837300872184702172e+00 6.546779814309789799e+03 3.312932087470698000e+15 5.340825921656414634e+33 5.743896371879733675e-03 3.456443845459757835e-08 1.752517812279897407e+04 8.123336465165526897e+04 1.940677236212238483e+02 2.928499076640711778e-03 1.278559946283323541e+02 3.736835656983649168e-01 1.470096966673595240e+00 1.618670429420793644e+00 1.362591344720614606e+00 
5.935586757418954029e+00 6.516704616917198109e+03 3.252473292997492000e+15 5.243359421230467478e+33 5.602633273103424516e-03 3.552260912751055081e-08 1.715855762870709077e+04 8.173877605243145081e+04 1.947488570653112276e+02 2.674390067588423153e-03 1.385037690150091123e+02 3.632176226626391280e-01 1.491202449195843993e+00 1.641032161608119155e+00 1.603561273176513868e+00 
6.050990841067356740e+00 6.486767581724009688e+03 3.193117831080643000e+15 5.147671619238903101e+33 5.464654495144957366e-03 3.668348974028256814e-08 1.672334013009263072e+04 8.226898936699409387e+04 1.958492965045525409e+02 2.397649517643448032e-03 1.524838303842294636e+02 3.546382493414705350e-01 1.509256821072313404e+00 1.660355508623899912e+00 1.958135874301683454e+00 
6.188060084091621782e+00 6.456968074028060073e+03 3.134845566639080500e+15 5.053730055625167365e+33 5.329991886485021743e-03 3.816357791235404131e-08 1.618301147488474089e+04 8.282299316774508043e+04 1.958038487523538720e+02 2.088412178179077389e-03 1.721672295397852395e+02 3.487473635123194970e-01 1.521068926678182498e+00 1.673132085092869481e+00 2.531357459392642895e+00 
6.354133161795373574e+00 6.427305462042907493e+03 3.077636732043436000e+15 4.961502862706932472e+33 5.198696583266101262e-03 4.022421888976538232e-08 1.546066700110823513e+04 8.339851951329833537e+04 1.953684755550125089e+02 1.727763655490451630e-03 2.033457376664050855e+02 3.474035279342014837e-01 1.519302407304975677e+00 1.671257489901828430e+00 3.617974646713298714e+00 
6.563055976861672747e+00 6.397779116884496943e+03 3.021471920410408500e+15 4.870958754365841468e+33 5.070849355216205077e-03 4.369228201791514618e-08 1.433446217350284678e+04 8.399020218324782036e+04 1.886519452151258065e+02 1.267729963837549477e-03 2.667450664498516062e+02 3.566588578640229046e-01 1.481121464542611843e+00 1.629467273989733789e+00 6.512760935976114496e+00 
6.821133300246025044e+00 6.368388412557778793e+03 2.966332079019297000e+15 4.782067015434209774e+33 4.946587886916657857e-03 5.328441983550238082e-08 1.183475798673378449e+04 8.456723250791225291e+04 9.558524770478142329e+01 5.850125422893024275e-04 2.028276817921905604e+02 4.113592846062389952e-01 1.293959161584218975e+00 1.423235006769784761e+00 1.087516083819894597e+01 
6.981693803164328749e+00 6.339132725943457444e+03 2.912198502848810500e+15 4.694797491275618152e+33 4.825710127271675386e-03 6.192300930236607669e-08 1.023745871103001264e+04 8.501326826243098185e+04 3.807352549741657555e+01 3.258454871709641682e-04 5.002713707211466954e+01 4.527015988341986374e-01 1.168200849055786472e+00 1.283216546879677455e+00 4.813804530333502640e+00 
7.072212902179760619e+00 6.310011436784798207e+03 2.859052828231817500e+15 4.609120577555646049e+33 4.707718544775110932e-03 6.770951353077770736e-08 9.404742137768196699e+03 8.539630536801982089e+04 2.219259318672182602e+01 2.310352560787067282e-04 2.206406299383137792e+01 4.690260687829266861e-01 1.109341210532714506e+00 1.216205151475404866e+00 2.964456672794438141e+00 
7.123455084898265177e+00 6.281023927674433253e+03 2.806877026625780500e+15 4.525007210199096346e+33 4.592342515870823615e-03 7.219869830370227344e-08 8.856790774051973131e+03 8.575278795332313166e+04 1.513861811493721099e+01 1.809618649144725529e-04 1.236726431888800093e+01 4.739546566134961170e-01 1.074229451489986165e+00 1.175029439515194563e+00 2.089064550380598462e+00 
7.148599203010927106e+00 6.252169584041323105e+03 2.755653398497051500e+15 4.442428855530778459e+33 4.479418534002801815e-03 7.593276965008398787e-08 8.455173273553366016e+03 8.609823503312462708e+04 1.126046944790121707e+01 1.497012993977171714e-04 7.907421115942852019e+00 4.723663834541400042e-01 1.050848404158511329e+00 1.146595815753804315e+00 1.584382517888000441e+00 
7.154883180318493352e+00 6.223447794137682649e+03 2.705364567316597500e+15 4.361357500595933915e+33 4.368835147402714766e-03 7.917156312043554386e-08 8.141620991266664532e+03 8.644156007203694026e+04 8.848918327701809972e+00 1.281889820953231967e-04 5.494968648156710600e+00 4.666464699809493299e-01 1.034278923403768591e+00 1.125562909462262340e+00 1.258402929952054272e+00 
7.146847751074456134e+00 6.194857949026028109e+03 2.655993473665414500e+15 4.281765643657485492e+33 4.260509001961195093e-03 8.206208727988204793e-08 7.886375934600561777e+03 8.678856954087305348e+04 7.223480232765435716e+00 1.124028032058381563e-04 4.044103624969197952e+00 4.581628854087623215e-01 1.022069640716591898e+00 1.109277719414392793e+00 1.031629111386866748e+00 
7.127575391867629229e+00 6.166399442566289508e+03 2.607523369447520500e+15 4.203626284866718612e+33 4.154377808554003161e-03 8.469647968374092653e-08 7.672313628454505306e+03 8.714334029746575106e+04 6.063749476715679876e+00 1.002769134523208498e-04 3.103739494098315177e+00 4.477806307354683102e-01 1.012839137265199474e+00 1.096250942657505112e+00 8.654053648305122248e-01 
7.099288168079530337e+00 6.138071671402911306e+03 2.559937812208433500e+15 4.126912917104021541e+33 4.050391046241614244e-03 8.713682440018923074e-08 7.488725723490386372e+03 8.750888470630510710e+04 5.200500193154131701e+00 9.063779265641860395e-05 2.459309326724507638e+00 4.360836877406814582e-01 1.005740934188732449e+00 1.085573293462383404e+00 7.387463702656336118e-01 
7.063645688885499929e+00 6.109874034952114926e+03 2.513220659557514500e+15 4.051599516987057461e+33 3.948506928108845050e-03 8.942717993051738620e-08 7.328497427348966085e+03 8.788747165293661237e+04 4.536569450275885984e+00 8.276801854421934651e-05 1.998201324396602807e+00 4.234851093688958290e-01 1.000222158239622017e+00 1.076652725564648083e+00 6.393058721446960302e-01 
7.021933920208198288e+00 6.081805935389118531e+03 2.467356063691918500e+15 3.977660536042753425e+33 3.848690722463723058e-03 9.160007537439856206e-08 7.186678156882016083e+03 8.828085339446930448e+04 4.012471145673696782e+00 7.620369536205912726e-05 1.656712841507631540e+00 4.102871880897543400e-01 9.959049674229975002e-01 1.069086081182521131e+00 5.593616671306858024e-01 
6.975170836807812691e+00 6.053866777635485050e+03 2.422328466020609500e+15 3.905070892040589955e+33 3.750911572636929196e-03 9.368034307381905626e-08 7.059691680973474831e+03 8.869041816478555847e+04 3.589897289771852851e+00 7.063110579558917615e-05 1.396604709055518478e+00 3.967166819857757543e-01 9.925206581489518509e-01 1.062587489704230670e+00 4.938421193917582053e-01 
6.924179040288731102e+00 6.026055969346519305e+03 2.378122591886454500e+15 3.833805960484015551e+33 3.655142063772732000e-03 9.568743815967475243e-08 6.944874922628492641e+03 8.911726537839577941e+04 3.243145361492862477e+00 6.583026947212921990e-05 1.193793639589699973e+00 3.829470467969807723e-01 9.898721480347905111e-01 1.056947806890909947e+00 4.392823522840168526e-01 
6.869634335798393998e+00 5.998372920898669690e+03 2.334723445384555500e+15 3.763841566257007536e+33 3.561357570938955205e-03 9.763686799128000790e-08 6.840198740823092521e+03 8.956226236514674383e+04 2.954375658596761323e+00 6.164240803516674776e-05 1.032504173425825345e+00 3.691126163119897163e-01 9.878117891316676724e-01 1.052010660611500725e+00 3.932381839030405501e-01 
6.812098155794532595e+00 5.970817045377075374e+03 2.292116304275289000e+15 3.695153975423301043e+33 3.469534499576772558e-03 9.954128503861725707e-08 6.744080746474857733e+03 9.002611314824483998e+04 2.710844619089287644e+00 5.794984998328567722e-05 9.020460213275428574e-01 3.553184116042175655e-01 9.862260009774348468e-01 1.047655866094948429e+00 3.539361145253996366e-01 
6.752043206120981189e+00 5.943387758563075295e+03 2.250286714990017500e+15 3.627719887175032596e+33 3.379650441054445672e-03 1.014111264008233636e-07 6.655266953891294179e+03 9.050937846541279578e+04 2.503225039882387204e+00 5.466358486012894309e-05 7.949686576991862319e-01 3.416469642905012871e-01 9.850263020434106842e-01 1.043789804973449753e+00 3.200595833868530860e-01 
6.689870946703668331e+00 5.916084478921869959e+03 2.209220487728101250e+15 3.561516425928555840e+33 3.291683975881476432e-03 1.032551170274273716e-07 6.572747490738645865e+03 9.101249639551014116e+04 2.324543933436149512e+00 5.171500078772979422e-05 7.059490230057837712e-01 3.281633519390503850e-01 9.841425919626745067e-01 1.040338232631544679e+00 2.906109895440795454e-01 
6.625924305899867583e+00 5.888906627590148673e+03 2.168903691643240250e+15 3.496521133564276203e+33 3.205613725724803555e-03 1.050806597729946115e-07 6.495697266696140105e+03 9.153581713764031883e+04 2.169490905609539055e+00 4.905031635796783024e-05 6.311007459834642175e-01 3.149187502639387293e-01 9.835184121782799549e-01 1.037241189853208567e+00 2.648207482259302137e-01 
6.560499432366695416e+00 5.861853628363836833e+03 2.129322650117762250e+15 3.432711961808260883e+33 3.121418332706378009e-03 1.068940676200722912e-07 6.423435907936275726e+03 9.207961488635126443e+04 2.033956379682721582e+00 4.662682639891609234e-05 5.675339149305497211e-01 3.019531248913187582e-01 9.831082176819249119e-01 1.034450103131683063e+00 2.420863467623722565e-01 
6.493852824872051954e+00 5.834924907685896869e+03 2.090463936123145250e+15 3.370067264752870994e+33 3.039076569619371133e-03 1.087007778827942814e-07 6.355395550330773403e+03 9.264409284276950348e+04 1.914713235068280284e+00 4.441016425756901627e-05 5.130622637655036788e-01 2.892974674209346508e-01 9.828746900583179569e-01 1.031924939458215951e+00 2.219292441066595956e-01 
6.426207995769384951e+00 5.808119894634126467e+03 2.052314367665122500e+15 3.308565791513746860e+33 2.958566974918027098e-03 1.105055239431802664e-07 6.291097301808636985e+03 9.322939928740108735e+04 1.809194568490570365e+00 4.237234440301129799e-05 4.660065477705218062e-01 2.769754175013977027e-01 9.827869687691567213e-01 1.029632330468509105e+00 2.039645799428667916e-01 
6.357759999960522102e+00 5.781438020909100487e+03 2.014861003312035000e+15 3.248186679021003741e+33 2.879867477457623715e-03 1.123124630624033579e-07 6.230134041132934726e+03 9.383564375017078419e+04 1.715334680656342758e+00 4.049034664973808270e-05 4.250596593051403360e-01 2.650045014894497064e-01 9.828193061505730022e-01 1.027544141726841831e+00 1.878794284353079713e-01 
6.288680775624145625e+00 5.754878720822083778e+03 1.978091137804673500e+15 3.188909444941790870e+33 2.802955739849236766e-03 1.141252410371427110e-07 6.172158119339100267e+03 9.446289401421313232e+04 1.631454150948925097e+00 3.874509205185713330e-05 3.891923867808440018e-01 2.533972105439656342e-01 9.829504055941347129e-01 1.025636803929700580e+00 1.734170090464668135e-01 
6.219121571376049928e+00 5.728441431283053134e+03 1.941992297746309000e+15 3.130713980732128718e+33 2.727809212948663787e-03 1.159470879147972611e-07 6.116869524660733987e+03 9.511117741857923102e+04 1.556174108611530382e+00 3.712060791830930351e-05 3.575845814432521141e-01 2.421619277566837702e-01 9.831622922090457184e-01 1.023890127841803999e+00 1.603644680961841540e-01 
6.149216342802634294e+00 5.702125591788777456e+03 1.906552237371382250e+15 3.073580544815552069e+33 2.654404443000234985e-03 1.177808822772039825e-07 6.064008959197524746e+03 9.578050732432074437e+04 1.488352954278750584e+00 3.560344105366280759e-05 3.295767831078623700e-01 2.313034519968964753e-01 9.834400217918066733e-01 1.022286991573694959e+00 1.485441102918024225e-01 
6.079082907389859791e+00 5.675930644410894274e+03 1.871758934391334250e+15 3.017489755886112972e+33 2.582717583136853474e-03 1.196292302862944157e-07 6.013348767479013077e+03 9.647087045132378989e+04 1.427037396004842806e+00 3.418213191275867619e-05 3.046325934641567756e-01 2.208237698827154871e-01 9.837706080717686374e-01 1.020812228642298924e+00 1.378061051184754360e-01 
6.008826541266250487e+00 5.649856033784124520e+03 1.837600585916357750e+15 2.962422586333775532e+33 2.512724542538984692e-03 1.214944538487374337e-07 5.964690299650893394e+03 9.718222715268652246e+04 1.371426126238972198e+00 3.284690986519299161e-05 2.823131717777575544e-01 2.107224556651603187e-01 9.841432924868086518e-01 1.019452945447425485e+00 1.280235940154041407e-01 
5.938540624790051403e+00 5.623901207094458186e+03 1.804065604451464000e+15 2.908360355789619998e+33 2.444400501161085072e-03 1.233786657525979967e-07 5.917858533059644287e+03 9.791453009781875880e+04 1.320840773293529669e+00 3.158936840073964106e-05 2.622562301798752049e-01 2.009970343690461736e-01 9.845489257483966972e-01 1.018197854492867149e+00 1.190883389859143104e-01 
5.868308250419370431e+00 5.598065614067470960e+03 1.771142613965721000e+15 2.855284724789001097e+33 2.377720140175297852e-03 1.252837915859255733e-07 5.872698614123080915e+03 9.866772107964377210e+04 1.274703460629833307e+00 3.040223606423968705e-05 2.441605143157162816e-01 1.916433595237330145e-01 9.849797406519049670e-01 1.017037056799552586e+00 1.109074473664934113e-01 
5.798203668499443353e+00 5.572348706956625392e+03 1.738820446033131250e+15 2.803177688550204895e+33 2.312657806172457430e-03 1.272115831385271933e-07 5.829073261417131107e+03 9.944172896802918694e+04 1.232519109590396678e+00 2.927919677394982804e-05 2.277739339478609681e-01 1.826559163523271689e-01 9.854292212890328750e-01 1.015961923838261782e+00 1.034007894146604933e-01 
5.728292332568677203e+00 5.546749940531673019e+03 1.707088136044003750e+15 2.752021570866742785e+33 2.249187572645872709e-03 1.291636618682637145e-07 5.786859102701208940e+03 1.002364674949691398e+05 1.193861005928431362e+00 2.821471390073482084e-05 2.128837605999781835e-01 1.740281118390652471e-01 9.858915704059000307e-01 1.014964530034203172e+00 9.649875253616159443e-02 
5.658633443697139498e+00 5.521268772067108330e+03 1.675934919485456750e+15 2.701799018111098399e+33 2.187282869592139644e-03 1.311415108162345844e-07 5.745947122049041354e+03 1.010518580245829071e+05 1.158359981532293581e+00 2.720394994914425600e-05 1.993102547991361662e-01 1.657523457616049412e-01 9.863622260099014216e-01 1.014038223622213186e+00 9.014082698195020893e-02 
5.589279363835502501e+00 5.495904661330628187e+03 1.645350228289743750e+15 2.652492993347810680e+33 2.126916889504623567e-03 1.331465249178366049e-07 5.706238407611436742e+03 1.018878138994443580e+05 1.125694746206633789e+00 2.624261908080422631e-05 1.868999009845839498e-01 1.578203309648341102e-01 9.868370935724252169e-01 1.013176819803173423e+00 8.427393553907557011e-02 
5.520276893031939913e+00 5.470657070571717668e+03 1.615323687249308000e+15 2.604086770554130288e+33 2.068062710439448441e-03 1.351799856133318938e-07 5.667644309794346555e+03 1.027442386754831386e+05 1.095584605717413229e+00 2.532693523200772032e-05 1.755213706250858263e-01 1.502232110791226760e-01 9.873127984285066105e-01 1.012374881260160064e+00 7.885146369738922634e-02 
5.451667723597040549e+00 5.445525464510216807e+03 1.585845110497176250e+15 2.556563928946011823e+33 2.010693049230634789e-03 1.372430990098369595e-07 5.630084787974275059e+03 1.036210400264971540e+05 1.067783296771075197e+00 2.445353021476013951e-05 1.650616536000137358e-01 1.429516647943510632e-01 9.877865072958456061e-01 1.011627531014952730e+00 7.383227961687385821e-02 
5.383489206137714866e+00 5.420509310324980106e+03 1.556904498051628250e+15 2.509908347407725153e+33 1.954780367562621111e-03 1.393369991613766065e-07 5.593487627867250012e+03 1.045181298991640797e+05 1.042073965631719057e+00 2.361940032572302963e-05 1.554231246372518027e-01 1.359960258033880154e-01 9.882559305709112119e-01 1.010930471082262416e+00 6.917997654222789172e-02 
5.315773833720651709e+00 5.395608077642605167e+03 1.528492032423944750e+15 2.464104199023157300e+33 1.900296994045255284e-03 1.414627717712456974e-07 5.557786587107560990e+03 1.054354182418281998e+05 1.018264760721685480e+00 2.282184284950861838e-05 1.465208348020193285e-01 1.293464174863546146e-01 9.887189426352079868e-01 1.010279563220831234e+00 6.486214028885144145e-02 
# Sigma_plus_index = 80  Sigma_minus_index = 103
# Non-converged_fits = 0